System;;;;;;;;;;;;;;;;;;;;;;System Core C-States;;;;;System Pack C-States;;;;;;Socket0;;;;;;;;;;;;;;;;Socket1;;;;;;;;;;;;;;;;Socket2;;;;;;;;;;;;;;;;Socket3;;;;;;;;;;;;;;;;SKT0trafficOut;;;SKT0trafficOut (percent);;;SKT1trafficOut;;;SKT1trafficOut (percent);;;SKT2trafficOut;;;SKT2trafficOut (percent);;;SKT3trafficOut;;;SKT3trafficOut (percent);;;SKT0 Core C-State;;;;;SKT0 Package C-State;;;;SKT1 Core C-State;;;;;SKT1 Package C-State;;;;SKT2 Core C-State;;;;;SKT2 Package C-State;;;;SKT3 Core C-State;;;;;SKT3 Package C-State;;;;Proc Energy (Joules);;;;DRAM Energy (Joules);;;;
Date;Time;EXEC;IPC;FREQ;AFREQ;L3MISS;L2MISS;L3HIT;L2HIT;L3MPI;L2MPI;READ;WRITE;INST;ACYC;TIME(ticks);PhysIPC;PhysIPC%;INSTnom;INSTnom%;TotalQPIout;C0res%;C1res%;C3res%;C6res%;C7res%;C2res%;C3res%;C6res%;C7res%;Proc Energy (Joules);DRAM Energy (Joules);EXEC;IPC;FREQ;AFREQ;L3MISS;L2MISS;L3HIT;L2HIT;L3MPI;L2MPI;L3OCC;LMB;RMB;READ;WRITE;TEMP;EXEC;IPC;FREQ;AFREQ;L3MISS;L2MISS;L3HIT;L2HIT;L3MPI;L2MPI;L3OCC;LMB;RMB;READ;WRITE;TEMP;EXEC;IPC;FREQ;AFREQ;L3MISS;L2MISS;L3HIT;L2HIT;L3MPI;L2MPI;L3OCC;LMB;RMB;READ;WRITE;TEMP;EXEC;IPC;FREQ;AFREQ;L3MISS;L2MISS;L3HIT;L2HIT;L3MPI;L2MPI;L3OCC;LMB;RMB;READ;WRITE;TEMP;QPI0;QPI1;QPI2;QPI0;QPI1;QPI2;QPI0;QPI1;QPI2;QPI0;QPI1;QPI2;QPI0;QPI1;QPI2;QPI0;QPI1;QPI2;QPI0;QPI1;QPI2;QPI0;QPI1;QPI2;C0res%;C1res%;C3res%;C6res%;C7res%;C2res%;C3res%;C6res%;C7res%;C0res%;C1res%;C3res%;C6res%;C7res%;C2res%;C3res%;C6res%;C7res%;C0res%;C1res%;C3res%;C6res%;C7res%;C2res%;C3res%;C6res%;C7res%;C0res%;C1res%;C3res%;C6res%;C7res%;C2res%;C3res%;C6res%;C7res%;SKT0;SKT1;SKT2;SKT3;SKT0;SKT1;SKT2;SKT3;
2017-09-04;14:15:45.119;0.0221;0.229;0.0967;0.666;165;170;0.033;0.0264;0.0189;0.0195;30;52.5;8.72e+03;3.81e+04;2.13e+03;0.458;11.4;0.0442;1.11;5.96e+04;14.5;31.6;0.0207;53.9;0;13.1;0;0;0;275;100;0.036;0.186;0.194;0.667;86;88;0.0232;0.0175;0.0251;0.0257; 50080;5422;18935;6.2;10.9;45;0.0374;0.246;0.152;0.666;73.5;75.5;0.0267;0.02;0.0199;0.0205; 46720;4817;16636;6.75;11.8;47;0.0153;0.333;0.0458;0.666;4.96;5.99;0.172;0.172;0.00324;0.00392; 48960;1335;4055;8.32;15.2;47;0.000728;0.55;0.00132;0.665;0.267;0.807;0.669;0.245;0.00365;0.011; 25440;18;20;8.71;14.5;50;8.2e+03;6.67e+03;6.44e+03; 36%; 29%; 28%;5.75e+03;5.36e+03;7.91e+03; 25%; 23%; 35%;4.42e+03;5.03e+03;1.66e+03; 19%; 22%;  7%;862;3.27e+03;4.02e+03;  3%; 14%; 17%;29.1;37.4;0.0302;33.5;0;0;0;0;0;22.8;31.2;0.0172;46;0;7.77;0;0;0;6.87;26.9;0.0169;66.2;0;2.39;0;0;0;0.199;31;0.0191;68.8;0;41.3;0;0;0;78.3;71.8;67.1;57.3;23.3 ;24.1 ;27.4 ;25.6 ;
2017-09-04;14:15:46.363;0.0315;0.155;0.204;0.667;273;278;0.0171;0.00896;0.0211;0.0214;43.7;81.8;1.3e+04;8.39e+04;2.52e+03;0.309;7.73;0.063;1.58;8.47e+04;30.6;53.1;0;16.3;0;3.7;0;0;0;346;136;0.0414;0.126;0.328;0.667;104;105;0.0119;0.00857;0.0245;0.0248; 48160;6984;23274;10.2;18.8;46;0.0452;0.139;0.326;0.667;111;112;0.0102;0.00692;0.0241;0.0243; 46800;7463;25117;9.96;18.3;48;0.0399;0.24;0.167;0.667;58.7;60.6;0.031;0.0131;0.0142;0.0147; 53600;5141;17579;9.9;19.3;49;0.000196;0.327;0.0006;0.663;0.0658;0.559;0.882;0.0349;0.00322;0.0273; 23920;0;2;13.6;25.4;51;9.77e+03;8.08e+03;6.82e+03; 41%; 34%; 28%;8.52e+03;7.62e+03;1.01e+04; 36%; 32%; 42%;8.14e+03;8.03e+03;5.48e+03; 34%; 34%; 23%;3.05e+03;4.79e+03;4.32e+03; 12%; 20%; 18%;49.2;50.8;0;0;0;0;0;0;0;48.9;51.1;0;0;0;0;0;0;0;25;54.1;0;20.9;0;0;0;0;0;0.0905;56.4;0;43.5;0;14.6;0;0;0;96.2;92.8;87.9;69.4;32.5 ;32.6 ;34.1 ;36.7 ;
2017-09-04;14:15:47.198;0.0294;0.119;0.246;0.667;185;188;0.0123;0.0089;0.0216;0.0219;26.3;51.5;8.59e+03;7.19e+04;2.09e+03;0.239;5.97;0.0587;1.47;5.02e+04;36.9;46.1;0;17;0;0;0;0;0;197;87.9;0.0361;0.0996;0.362;0.667;61.9;62.4;0.00835;0.00931;0.0223;0.0225; 46960;4459;14531;6.24;12;46;0.0397;0.113;0.351;0.667;66.7;67.1;0.00614;0.00781;0.0227;0.0228; 52560;4731;15526;6.04;11.5;47;0.0402;0.159;0.253;0.667;56.9;58.1;0.022;0.00953;0.0198;0.0203; 51040;3792;14246;5.26;10.6;49;9.53e-05;0.211;0.000451;0.667;0.0406;0.133;0.695;0.0838;0.00607;0.0199; 24080;2;1;8.75;17.4;51;5.26e+03;4.67e+03;3.77e+03; 31%; 27%; 22%;4.94e+03;4.26e+03;5.44e+03; 29%; 25%; 32%;4.94e+03;4.85e+03;4.3e+03; 29%; 29%; 25%;2.71e+03;2.67e+03;2.36e+03; 16%; 15%; 14%;54.4;45.6;0;0;0;0;0;0;0;52.7;47.3;0;0;0;0;0;0;0;37.9;43;0;19.1;0;0;0;0;0;0.0677;48.5;0;51.4;0;0;0;0;0;54.6;52.3;50.6;39.9;21.3 ;21.1 ;21.1 ;24.5 ;
2017-09-04;14:15:48.210;0.0316;0.252;0.126;0.667;207;211;0.017;0.00857;0.0191;0.0195;30.2;59.6;1.08e+04;4.3e+04;2.27e+03;0.504;12.6;0.0633;1.58;5.8e+04;18.8;55.4;0;25.7;0;0;0;0;0;253;103;0.0714;0.226;0.316;0.667;156;157;0.00699;0.00687;0.0252;0.0254; 50640;9763;32017;5.59;10.6;46;0.0242;0.275;0.0879;0.667;19.3;21.4;0.0978;0.0171;0.00935;0.0104; 54320;1896;6007;8.03;15.9;48;0.0303;0.317;0.0956;0.667;32;32.3;0.0102;0.0109;0.0124;0.0125; 50640;2574;9028;7.31;14.7;50;6.71e-05;0.27;0.000249;0.667;0.0126;0.0802;0.843;0.0881;0.00221;0.014; 23360;0;2;9.28;18.5;51;9.12e+03;9.15e+03;8.78e+03; 46%; 46%; 44%;2.42e+03;1.69e+03;6.55e+03; 12%;  8%; 33%;2.81e+03;6.97e+03;2.69e+03; 14%; 35%; 13%;1.52e+03;888;5.43e+03;  7%;  4%; 27%;47.4;48.4;0;4.23;0;0;0;0;0;13.2;63.5;0;23.4;0;0;0;0;0;14.3;55.9;0;29.8;0;0;0;0;0;0.0373;54.2;0;45.8;0;0;0;0;0;75.2;60.2;62.6;54.5;22.3 ;26.7 ;26.6 ;27.5 ;
2017-09-04;14:15:49.223;0.481;1.93;0.25;0.667;149;153;0.0286;0.0305;0.00091;0.000937;9.6;16.7;1.63e+05;8.49e+04;2.13e+03;3.85;96.3;0.961;24;1.96e+04;37.4;54;0;8.61;0;0;0;0;0;205;65.2;0.638;1.92;0.332;0.667;49.4;50.5;0.0213;0.0328;0.000911;0.000931; 51440;1431;4208;2.41;3.98;47;0.642;1.93;0.333;0.667;49.6;50.4;0.0144;0.0295;0.00091;0.000923; 51440;1417;4249;2.4;3.97;48;0.642;1.93;0.333;0.667;49.6;50.3;0.0143;0.0284;0.000909;0.000922; 52640;1413;4254;2.4;3.96;50;0.00105;0.997;0.00106;0.667;0.128;1.99;0.936;0.049;0.00143;0.0222; 24400;1;1;2.39;4.75;52;2.18e+03;2.17e+03;1.08e+03; 11%; 11%;  5%;2.18e+03;1.09e+03;2.17e+03; 11%;  5%; 11%;2.17e+03;2.18e+03;1.09e+03; 11%; 11%;  5%;1.09e+03;1.09e+03;1.09e+03;  5%;  5%;  5%;49.7;49.8;0;0.452;0;0;0;0;0;49.9;50.1;0;0;0;0;0;0;0;49.9;50.1;0;0;0;0;0;0;0;0.158;65.9;0;34;0;0;0;0;0;56.5;54.6;56.8;36.7;16 ;16.3 ;17.3 ;15.6 ;
2017-09-04;14:15:50.255;0.399;1.78;0.225;0.667;162;166;0.0255;0.0262;0.00118;0.00121;12.7;22;1.37e+05;7.7e+04;2.13e+03;3.55;88.8;0.798;19.9;2.6e+04;33.7;57.1;0.000256;9.24;0;0;0;0;0;213;69.4;0.539;1.78;0.303;0.667;53.3;54.4;0.0202;0.0285;0.00116;0.00118; 50960;1709;5083;3.18;5.25;46;0.529;1.78;0.298;0.667;53.2;53.9;0.012;0.0252;0.00117;0.00119; 51680;1700;5099;3.17;5.26;47;0.529;1.78;0.297;0.667;54.8;55.5;0.0113;0.024;0.00121;0.00122; 52720;1761;5302;3.17;5.23;49;0.00105;0.916;0.00115;0.667;0.13;1.99;0.935;0.0509;0.00144;0.022; 24160;0;2;3.17;6.29;51;2.86e+03;2.92e+03;1.44e+03; 14%; 14%;  7%;2.88e+03;1.42e+03;2.87e+03; 14%;  7%; 14%;2.88e+03;2.9e+03;1.46e+03; 14%; 14%;  7%;1.46e+03;1.43e+03;1.46e+03;  7%;  7%;  7%;45.5;47;0.000422;7.54;0;0;0;0;0;44.7;49.5;0;5.83;0;0;0;0;0;44.6;49.5;0.000602;5.86;0;0;0;0;0;0.172;82.1;0;17.7;0;0;0;0;0;58.2;55.8;58.3;40.9;17 ;17.4 ;18.3 ;16.7 ;
2017-09-04;14:15:51.269;0.209;0.85;0.246;0.667;452;506;0.105;0.451;0.00629;0.00703;39.2;62.8;7.19e+04;8.46e+04;2.17e+03;1.7;42.5;0.417;10.4;7.76e+04;36.9;51.7;0;11.4;0;0;0;0;0;304;110;0.276;0.833;0.331;0.667;152;169;0.104;0.469;0.00636;0.0071; 52880;5429;16595;9.53;14.6;43;0.276;0.847;0.326;0.667;150;167;0.102;0.468;0.00629;0.007; 52160;5402;16678;9.44;14.5;45;0.281;0.869;0.323;0.667;151;167;0.0974;0.417;0.00626;0.00693; 54880;6135;16101;10.8;16.2;45;0.00118;0.809;0.00146;0.667;0.133;2.31;0.942;0.0461;0.00132;0.0228; 22720;0;1;9.44;17.4;50;8.36e+03;8.83e+03;4.18e+03; 42%; 44%; 21%;8.78e+03;4.14e+03;8.35e+03; 44%; 21%; 42%;8.81e+03;8.85e+03;4.15e+03; 44%; 44%; 21%;4.38e+03;4.36e+03;4.4e+03; 22%; 22%; 22%;49.6;48.6;0;1.76;0;0;0;0;0;48.9;48.7;0;2.42;0;0;0;0;0;48.5;49.3;0;2.16;0;0;0;0;0;0.219;60.4;0;39.4;0;0;0;0;0;83;79.3;86.3;55.4;26.7 ;26.8 ;29.2 ;26.9 ;
2017-09-04;14:15:52.282;0.546;2.18;0.251;0.667;639;838;0.237;0.499;0.00344;0.00451;44.8;52.1;1.86e+05;8.53e+04;2.13e+03;4.36;109;1.09;27.3;7.92e+04;37.6;48.3;0;14.2;0;0;0;0;0;376;108;0.732;2.19;0.334;0.667;207;274;0.246;0.504;0.00332;0.0044; 52080;3757;13183;9.83;10.8;43;0.72;2.16;0.333;0.667;207;272;0.237;0.505;0.00338;0.00443; 51680;4203;14564;9.7;10.7;43;0.73;2.19;0.333;0.667;225;290;0.223;0.49;0.00363;0.00467; 53920;8074;13076;15.6;17.9;43;0.00124;1.12;0.00111;0.667;0.144;2.44;0.941;0.046;0.00136;0.023; 22560;0;1;9.74;12.8;50;7.37e+03;9.49e+03;3.58e+03; 37%; 48%; 18%;9.77e+03;3.58e+03;7.4e+03; 50%; 18%; 38%;1.01e+04;9.8e+03;3.8e+03; 51%; 50%; 19%;4.93e+03;4.67e+03;4.7e+03; 25%; 24%; 24%;50.1;49.9;0;0;0;0;0;0;0;50;50;0;0;0;0;0;0;0;50;50;0;0;0;0;0;0;0;0.166;43.2;0;56.7;0;0;0;0;0;103;102;112;58.6;24.8 ;25.3 ;32.9 ;24.9 ;
2017-09-04;14:15:53.294;0.544;2.17;0.251;0.667;639;837;0.237;0.496;0.00345;0.00452;44.8;52;1.85e+05;8.53e+04;2.13e+03;4.34;108;1.09;27.2;7.87e+04;37.6;47.3;0;15.1;0;0;0;0;0;376;107;0.728;2.18;0.334;0.667;205;273;0.247;0.501;0.00332;0.0044; 51680;3803;13064;9.81;10.7;42;0.725;2.17;0.334;0.667;203;268;0.244;0.509;0.00328;0.00435; 52000;4104;14471;9.71;10.7;43;0.72;2.16;0.333;0.667;231;294;0.215;0.482;0.00376;0.00479; 53680;8544;13310;15.6;17.8;43;0.00129;0.991;0.00131;0.667;0.158;2.58;0.939;0.0498;0.00143;0.0234; 23680;0;11;9.7;12.7;50;7.32e+03;9.53e+03;3.56e+03; 37%; 49%; 18%;9.63e+03;3.51e+03;7.34e+03; 49%; 18%; 37%;9.92e+03;9.85e+03;3.85e+03; 51%; 50%; 19%;4.97e+03;4.6e+03;4.67e+03; 25%; 23%; 24%;50.1;49.9;0;0;0;0;0;0;0;50.1;49.9;0;0;0;0;0;0;0;50;50;0;0;0;0;0;0;0;0.196;39.3;0;60.5;0;0;0;0;0;103;103;112;58.2;24.9 ;25.1 ;32.7 ;24.8 ;
2017-09-04;14:15:54.307;0.488;2.29;0.213;0.667;514;691;0.257;0.545;0.00309;0.00416;36.2;41.1;1.66e+05;7.26e+04;2.13e+03;4.57;114;0.975;24.4;6.35e+04;32;41.7;0.00039;26.3;0;0;0;0;0;342;93.4;0.653;2.29;0.285;0.667;167;227;0.266;0.55;0.003;0.00409; 51920;3080;10478;8.12;8.65;43;0.656;2.28;0.287;0.667;166;225;0.261;0.553;0.00297;0.00403; 51440;3476;11850;7.99;8.58;44;0.641;2.28;0.28;0.667;181;237;0.238;0.534;0.00331;0.00435; 54480;6406;10705;12;13.6;45;0.00122;1.14;0.00106;0.667;0.114;1.95;0.942;0.0567;0.0011;0.0189; 23760;1;4;8.04;10.3;50;6.04e+03;7.53e+03;2.93e+03; 31%; 38%; 15%;7.61e+03;2.91e+03;6.05e+03; 39%; 14%; 31%;7.8e+03;7.74e+03;3.08e+03; 40%; 39%; 15%;4.03e+03;3.87e+03;3.91e+03; 20%; 19%; 20%;42.7;42.7;0;14.6;0;0;0;0;0;43.1;45.1;0;11.8;0;0;0;0;0;42.1;44.6;0;13.3;0;0;0;0;0;0.159;34.4;0.00156;65.4;0;0;0;0;0;93.5;93.5;101;54.6;21.9 ;22.1 ;27.6 ;21.8 ;
2017-09-04;14:15:55.319;0.715;2.85;0.251;0.667;534;642;0.168;0.363;0.0022;0.00264;40.6;32.3;2.43e+05;8.53e+04;2.13e+03;5.71;143;1.43;35.8;6.61e+04;37.6;47.6;0;14.8;0;0;0;0;0;391;95;0.933;2.79;0.334;0.667;191;226;0.156;0.338;0.0024;0.00285; 51680;3755;11072;10.2;7.68;41;0.961;2.88;0.334;0.667;175;210;0.168;0.373;0.00214;0.00257; 51200;3707;11008;10.1;7.69;42;0.965;2.89;0.334;0.667;169;204;0.17;0.381;0.00206;0.00248; 52720;3516;10551;10.2;7.7;43;0.00127;1.12;0.00113;0.667;0.127;2.54;0.95;0.0447;0.00118;0.0235; 23840;1;3;10.1;9.25;50;6.85e+03;6.72e+03;3.22e+03; 35%; 34%; 16%;6.69e+03;3.19e+03;7.12e+03; 34%; 16%; 36%;6.81e+03;7.17e+03;3.19e+03; 35%; 36%; 16%;4.84e+03;4.95e+03;5.35e+03; 24%; 25%; 27%;50.1;49.9;0;0;0;0;0;0;0;50;50;0;0;0;0;0;0;0;50;50;0;0;0;0;0;0;0;0.17;40.4;0;59.4;0;0;0;0;0;108;108;116;58.1;23.3 ;23.7 ;24.8 ;23.2 ;
2017-09-04;14:15:56.334;0.671;2.89;0.232;0.667;478;577;0.172;0.363;0.00209;0.00252;35.8;29.6;2.29e+05;7.91e+04;2.12e+03;5.78;144;1.34;33.6;5.88e+04;34.9;45.2;0.00577;19.9;0;0;0;0;0;375;89.6;0.922;2.86;0.322;0.667;171;205;0.166;0.346;0.00218;0.00262; 52640;3658;10655;9;6.98;44;0.887;2.9;0.305;0.667;155;187;0.17;0.372;0.00206;0.00248; 50960;3369;10079;8.94;7.05;44;0.876;2.91;0.301;0.667;151;182;0.171;0.375;0.00203;0.00244; 53120;3150;9449;8.98;7.07;46;0.00113;1.12;0.00101;0.667;0.12;2.22;0.946;0.0461;0.00125;0.023; 23360;2;3;8.9;8.46;50;6.14e+03;6.04e+03;2.94e+03; 31%; 31%; 15%;5.93e+03;2.83e+03;6.37e+03; 30%; 14%; 32%;6.01e+03;6.36e+03;2.81e+03; 30%; 32%; 14%;4.27e+03;4.36e+03;4.71e+03; 21%; 22%; 24%;48.3;48.2;0.0224;3.46;0;0;0;0;0;45.8;47.1;0.000722;7.15;0;0;0;0;0;45.2;46.5;0;8.31;0;0;0;0;0;0.152;39.1;0;60.7;0;0;0;0;0;105;103;110;57;22.1 ;22.5 ;23.3 ;21.8 ;
2017-09-04;14:15:57.350;0.43;1.89;0.227;0.667;548;630;0.13;0.55;0.00374;0.0043;44.6;32.2;1.46e+05;7.75e+04;2.13e+03;3.78;94.5;0.859;21.5;6.6e+04;34.1;44.5;0.000577;21.5;0;0;0;0;0;346;95.2;0.578;1.9;0.305;0.667;186;213;0.128;0.55;0.00377;0.00432; 51280;4011;11626;11.2;7.55;42;0.576;1.91;0.302;0.667;182;209;0.128;0.552;0.00371;0.00426; 53120;3989;11706;11.1;7.56;43;0.563;1.87;0.302;0.667;180;205;0.125;0.552;0.00374;0.00427; 53280;3871;11498;11.1;7.59;44;0.00115;1.06;0.00109;0.667;0.122;2.31;0.947;0.0446;0.00124;0.0235; 24080;0;5;11.1;9.54;50;6.96e+03;6.89e+03;2.83e+03; 35%; 35%; 14%;6.82e+03;2.75e+03;6.98e+03; 34%; 14%; 35%;6.85e+03;6.95e+03;2.72e+03; 35%; 35%; 13%;5.34e+03;5.39e+03;5.51e+03; 27%; 27%; 28%;45.7;45.8;0.00231;8.51;0;0;0;0;0;45.2;46.1;0;8.61;0;0;0;0;0;45.2;47.1;0;7.67;0;0;0;0;0;0.163;38.8;0;61;0;0;0;0;0;94.4;93.5;100;57.7;23.2 ;23.8 ;24.7 ;23.6 ;
2017-09-04;14:15:58.365;0.401;1.6;0.251;0.667;520;573;0.0934;0.258;0.0038;0.00419;42.8;29.9;1.37e+05;8.56e+04;2.13e+03;3.2;80;0.802;20.1;6.31e+04;37.6;45.1;0;17.3;0;0;0;0;0;344;95.6;0.505;1.51;0.334;0.667;164;180;0.0895;0.251;0.00381;0.00419; 54080;3616;10827;10.7;7.1;42;0.496;1.49;0.333;0.667;164;180;0.0866;0.257;0.00388;0.00425; 52320;3806;11211;10.7;7.11;43;0.603;1.81;0.334;0.667;191;211;0.0919;0.267;0.00372;0.0041; 53200;3918;11858;10.7;6.83;43;0.00129;1.03;0.00125;0.667;0.129;2.59;0.95;0.0441;0.00117;0.0236; 23840;0;1;10.7;8.84;49;6.37e+03;6.92e+03;2.6e+03; 32%; 35%; 13%;6.89e+03;2.58e+03;6.34e+03; 35%; 13%; 32%;6.51e+03;6.5e+03;2.74e+03; 33%; 33%; 14%;5.6e+03;5.04e+03;5.04e+03; 28%; 25%; 25%;50.1;49.9;0;0;0;0;0;0;0;50;50;0;0;0;0;0;0;0;50;50;0;0;0;0;0;0;0;0.188;30.5;0;69.3;0;0;0;0;0;93.6;90.3;104;56.1;23.5 ;23.8 ;24.7 ;23.6 ;
2017-09-04;14:15:59.379;0.408;1.63;0.251;0.667;527;581;0.0935;0.259;0.00379;0.00418;43.3;30;1.39e+05;8.54e+04;2.13e+03;3.25;81.4;0.816;20.4;6.37e+04;37.6;45.7;0;16.7;0;0;0;0;0;350;95.9;0.492;1.47;0.334;0.667;164;179;0.084;0.247;0.00391;0.00427; 51360;3424;10228;10.8;7.16;42;0.51;1.53;0.334;0.667;166;182;0.0883;0.26;0.00382;0.00419; 52240;3524;10344;10.8;7.12;43;0.629;1.89;0.333;0.667;197;218;0.0955;0.269;0.00367;0.00406; 54960;4058;12232;10.8;6.84;43;0.00128;0.972;0.00132;0.667;0.135;2.56;0.947;0.044;0.00123;0.0234; 24080;0;4;10.8;8.87;49;6.39e+03;7.02e+03;2.6e+03; 32%; 36%; 13%;7.04e+03;2.63e+03;6.39e+03; 36%; 13%; 32%;6.53e+03;6.49e+03;2.73e+03; 33%; 33%; 14%;5.7e+03;5.08e+03;5.05e+03; 29%; 26%; 25%;50.2;49.8;0;0;0;0;0;0;0;50;50;0;0;0;0;0;0;0;50;50;0;0;0;0;0;0;0;0.198;33;0;66.8;0;0;0;0;0;94.8;92;106;57.3;23.4 ;24.1 ;24.7 ;23.6 ;
2017-09-04;14:16:00.393;0.344;1.96;0.175;0.667;303;331;0.0847;0.236;0.00259;0.00283;23.4;19.3;1.17e+05;5.98e+04;2.13e+03;3.92;97.9;0.687;17.2;3.61e+04;26.3;40.7;0.00072;33;0;0;0;0;0;259;73.6;0.548;1.87;0.292;0.667;135;147;0.0781;0.231;0.0029;0.00314; 51520;3291;9579;5.87;4.19;45;0.523;2.04;0.256;0.667;120;131;0.0852;0.249;0.0027;0.00295; 51520;2727;8092;5.85;4.34;45;0.303;1.98;0.153;0.667;47.9;52.4;0.0857;0.219;0.00186;0.00203; 52080;1058;3253;5.86;5.09;48;0.000512;0.788;0.000649;0.667;0.0668;0.994;0.933;0.0469;0.00153;0.0228; 23760;0;4;5.86;5.65;50;4.5e+03;2.89e+03;1.88e+03; 23%; 14%;  9%;2.74e+03;1.72e+03;4.73e+03; 14%;  8%; 24%;3.8e+03;4.16e+03;1.17e+03; 19%; 21%;  6%;1.64e+03;3.24e+03;3.62e+03;  8%; 16%; 18%;43.8;43.8;0;12.4;0;0;0;0;0;38.4;43.2;0.00288;18.4;0;0;0;0;0;23;37.1;0;39.9;0;0;0;0;0;0.0974;38.5;0;61.4;0;0;0;0;0;76.7;72.3;62.8;46.7;17.7 ;18.4 ;19.7 ;17.9 ;
2017-09-04;14:16:01.406;0.482;1.93;0.25;0.667;149;154;0.0309;0.0304;0.00091;0.000939;9.61;16.7;1.64e+05;8.52e+04;2.13e+03;3.85;96.3;0.964;24.1;1.96e+04;37.5;47.3;0;15.1;0;0;0;0;0;202;65.3;0.642;1.92;0.333;0.667;49.8;50.7;0.018;0.0323;0.000911;0.000927; 51200;1479;4250;2.41;3.97;46;0.642;1.93;0.333;0.667;49.7;50.4;0.0145;0.0302;0.000909;0.000923; 51520;1421;4258;2.4;3.98;46;0.642;1.93;0.333;0.667;49.7;50.4;0.0141;0.028;0.000909;0.000922; 50720;1421;4254;2.4;3.98;48;0.00127;0.897;0.00142;0.667;0.133;2.55;0.948;0.0447;0.00123;0.0235; 23840;0;3;2.4;4.76;51;2.18e+03;2.18e+03;1.1e+03; 11%; 11%;  5%;2.18e+03;1.09e+03;2.18e+03; 11%;  5%; 11%;2.18e+03;2.17e+03;1.09e+03; 11%; 11%;  5%;1.09e+03;1.09e+03;1.1e+03;  5%;  5%;  5%;50;50;0;0;0;0;0;0;0;49.9;50.1;0;0;0;0;0;0;0;49.9;50.1;0;0;0;0;0;0;0;0.213;39.2;0;60.5;0;0;0;0;0;56.7;54.6;56.7;34.2;16 ;16.4 ;17.3 ;15.6 ;
2017-09-04;14:16:02.435;0.308;1.37;0.225;0.667;274;278;0.0156;0.0169;0.0026;0.00264;25;35.2;1.05e+05;7.71e+04;2.13e+03;2.74;68.4;0.615;15.4;5.82e+04;33.7;45.3;0.000755;20.9;0;0;0;0;0;257;84.5;0.415;1.36;0.304;0.667;88.4;89.5;0.0128;0.0181;0.0025;0.00253; 52160;3488;10288;6.28;9.22;42;0.413;1.38;0.299;0.667;94.5;95;0.00521;0.0162;0.00268;0.00269; 49200;3665;11050;6.24;9.26;44;0.403;1.36;0.296;0.667;90.5;91;0.00541;0.0158;0.00262;0.00263; 50400;3513;10580;6.23;9.29;44;0.00116;0.872;0.00133;0.667;0.128;2.32;0.945;0.0451;0.00128;0.0233; 23840;1;2;6.25;7.43;49;6.13e+03;6.04e+03;3.61e+03; 31%; 30%; 18%;6.2e+03;3.79e+03;6.12e+03; 31%; 19%; 31%;6.18e+03;6.03e+03;3.67e+03; 31%; 30%; 18%;3.46e+03;3.59e+03;3.42e+03; 17%; 18%; 17%;45.6;45.6;0;8.75;0;0;0;0;0;44.8;47.4;0;7.87;0;0;0;0;0;44.4;46.7;0;8.88;0;0;0;0;0;0.199;41.7;0.00301;58.1;0;0;0;0;0;70.1;68.7;72.3;46.3;21.2 ;21.5 ;22.4 ;19.3 ;
2017-09-04;14:16:03.449;0.41;1.67;0.246;0.667;595;731;0.186;0.464;0.00423;0.00519;45.2;55.1;1.41e+05;8.45e+04;2.16e+03;3.33;83.4;0.819;20.5;8.87e+04;36.9;45.9;0;17.3;0;0.77;0;0;0;365;109;0.552;1.68;0.33;0.667;196;242;0.19;0.46;0.00411;0.00507; 52560;5063;16219;10.3;12.6;41;0.537;1.68;0.32;0.667;189;233;0.189;0.475;0.00409;0.00505; 52560;4934;16241;10.2;12.5;42;0.547;1.65;0.331;0.667;210;254;0.172;0.459;0.00448;0.00542; 55600;8112;15906;14.4;17.6;42;0.0012;1.06;0.00114;0.667;0.127;2.43;0.948;0.0441;0.00123;0.0236; 24080;0;2;10.2;12.4;49;8.59e+03;1.02e+04;4.77e+03; 43%; 51%; 24%;1.02e+04;4.56e+03;8.59e+03; 51%; 23%; 43%;1.04e+04;1.04e+04;4.88e+03; 53%; 53%; 24%;5.49e+03;5.16e+03;5.38e+03; 27%; 26%; 27%;49.4;49;0;1.51;0;0;0;0;0;48;47.6;0;4.4;0;2.44;0;0;0;49.7;49.1;0;1.23;0;0.642;0;0;0;0.17;37.8;0;62;0;0;0;0;0;99.6;98;108;59.7;26.1 ;26.2 ;32 ;24.8 ;
2017-09-04;14:16:04.462;0.544;2.17;0.251;0.667;638;836;0.237;0.496;0.00344;0.00452;44.8;52;1.85e+05;8.53e+04;2.13e+03;4.34;109;1.09;27.2;7.89e+04;37.6;46.7;0.000424;15.7;0;0;0;0;0;376;108;0.724;2.17;0.334;0.667;209;275;0.242;0.498;0.00339;0.00447; 53760;3840;13228;9.82;10.7;41;0.723;2.17;0.333;0.667;202;267;0.245;0.508;0.00328;0.00434; 52160;4128;14397;9.7;10.7;42;0.727;2.18;0.333;0.667;227;291;0.22;0.486;0.00367;0.00471; 54880;8391;13039;15.5;17.9;42;0.00154;1.21;0.00127;0.667;0.13;2.63;0.951;0.053;0.00099;0.02; 23840;0;5;9.7;12.7;49;7.35e+03;9.63e+03;3.61e+03; 37%; 49%; 18%;9.57e+03;3.5e+03;7.38e+03; 49%; 18%; 37%;9.86e+03;9.96e+03;3.82e+03; 50%; 51%; 19%;4.94e+03;4.59e+03;4.72e+03; 25%; 23%; 24%;50.1;49.9;0;0;0;0;0;0;0;50;50;0;0;0;0;0;0;0;50;50;0;0;0;0;0;0;0;0.191;37;0.0017;62.8;0;0;0;0;0;103;103;112;58.1;24.8 ;25.3 ;32.8 ;24.8 ;
2017-09-04;14:16:05.475;0.543;2.17;0.251;0.667;632;830;0.239;0.498;0.00342;0.00449;44.4;51.6;1.85e+05;8.53e+04;2.13e+03;4.33;108;1.09;27.1;7.84e+04;37.6;47.2;0;15.2;0;0;0;0;0;376;107;0.721;2.16;0.334;0.667;206;273;0.244;0.498;0.00336;0.00445; 50480;3849;13110;9.76;10.6;41;0.721;2.16;0.333;0.667;202;267;0.243;0.507;0.00329;0.00435; 52880;4119;14327;9.64;10.6;42;0.729;2.19;0.333;0.667;224;288;0.224;0.49;0.00361;0.00465; 54080;8041;12975;15.4;17.7;41;0.00128;1.12;0.00114;0.667;0.133;2.53;0.947;0.0454;0.00122;0.0232; 23920;0;5;9.64;12.6;49;7.33e+03;9.51e+03;3.57e+03; 37%; 48%; 18%;9.53e+03;3.51e+03;7.36e+03; 49%; 18%; 37%;9.82e+03;9.83e+03;3.76e+03; 50%; 50%; 19%;4.88e+03;4.6e+03;4.69e+03; 25%; 23%; 24%;50.1;49.9;0;0;0;0;0;0;0;50;50;0;0;0;0;0;0;0;50;50;0;0;0;0;0;0;0;0.171;39.1;0;60.7;0;0;0;0;0;103;103;112;58.3;24.8 ;25.1 ;32.5 ;24.9 ;
2017-09-04;14:16:06.488;0.57;2.66;0.215;0.667;463;606;0.235;0.539;0.00239;0.00312;34;32.2;1.94e+05;7.31e+04;2.13e+03;5.31;133;1.14;28.5;5.75e+04;32.2;42.2;0.00596;25.6;0;0;0;0;0;350;88.2;0.758;2.62;0.29;0.667;162;211;0.231;0.535;0.00251;0.00327; 52880;3200;9800;8.19;7.21;41;0.771;2.68;0.288;0.667;152;198;0.235;0.542;0.00231;0.00303; 51280;3299;10301;8.12;7.21;41;0.75;2.68;0.28;0.667;149;194;0.232;0.542;0.00234;0.00305; 52240;4017;9258;9.5;9.05;42;0.000944;1.06;0.00089;0.667;0.0991;1.88;0.947;0.0454;0.00123;0.0234; 23760;0;3;8.16;8.73;49;5.83e+03;6.23e+03;2.81e+03; 29%; 32%; 14%;6.21e+03;2.76e+03;5.99e+03; 31%; 14%; 30%;6.31e+03;6.51e+03;2.72e+03; 32%; 33%; 13%;3.92e+03;3.98e+03;4.23e+03; 20%; 20%; 21%;43.5;43.7;0.0217;12.8;0;0;0;0;0;43.2;45.1;0.00214;11.7;0;0;0;0;0;42;44.5;0;13.5;0;0;0;0;0;0.134;35.5;0;64.3;0;0;0;0;0;96.4;96.3;102;54.7;21.3 ;21.8 ;24.2 ;21 ;
2017-09-04;14:16:07.499;0.72;2.87;0.251;0.667;527;634;0.169;0.36;0.00215;0.00259;39.9;32.2;2.45e+05;8.52e+04;2.13e+03;5.75;144;1.44;36;6.52e+04;37.6;47.2;0;15.3;0;0;0;0;0;391;94.7;0.942;2.82;0.334;0.667;187;222;0.159;0.335;0.00233;0.00277; 49200;3714;10925;10;7.66;40;0.969;2.9;0.334;0.667;171;206;0.17;0.373;0.00207;0.00249; 50720;3673;11026;9.95;7.67;40;0.968;2.9;0.334;0.667;169;204;0.17;0.374;0.00206;0.00248; 53120;3551;10625;10;7.68;41;0.00128;1.17;0.00109;0.667;0.128;2.53;0.95;0.0448;0.00118;0.0234; 23920;1;0;9.91;9.23;49;6.75e+03;6.67e+03;3.18e+03; 34%; 34%; 16%;6.66e+03;3.16e+03;7.04e+03; 34%; 16%; 36%;6.68e+03;7.06e+03;3.15e+03; 34%; 36%; 16%;4.82e+03;4.86e+03;5.22e+03; 24%; 24%; 26%;50.1;49.9;0;0;0;0;0;0;0;50;50;0;0;0;0;0;0;0;50;50;0;0;0;0;0;0;0;0.163;38.8;0;61.1;0;0;0;0;0;108;109;117;58;23.3 ;23.7 ;24.7 ;23.1 ;
2017-09-04;14:16:08.514;0.526;2.51;0.209;0.667;475;562;0.154;0.487;0.00266;0.00314;37.3;29;1.79e+05;7.13e+04;2.12e+03;5.02;125;1.05;26.3;5.82e+04;31.4;43.2;0;25.4;0;0;0;0;0;347;87.3;0.731;2.5;0.293;0.667;165;195;0.153;0.476;0.00266;0.00313; 54000;3546;10323;9.37;6.8;40;0.687;2.52;0.273;0.667;156;183;0.15;0.5;0.00266;0.00313; 53120;3499;10340;9.32;6.86;41;0.683;2.52;0.271;0.667;154;181;0.15;0.488;0.00265;0.00312; 53200;3221;9804;9.34;6.88;42;0.00102;1.07;0.000951;0.667;0.112;2.03;0.945;0.045;0.00129;0.0235; 23760;0;3;9.29;8.42;49;6.13e+03;6.09e+03;2.74e+03; 31%; 31%; 14%;5.95e+03;2.6e+03;6.2e+03; 30%; 13%; 31%;5.98e+03;6.19e+03;2.57e+03; 30%; 31%; 13%;4.47e+03;4.51e+03;4.74e+03; 22%; 23%; 24%;43.9;43.9;0;12.2;0;0;0;0;0;41;42.9;0;16.1;0;0;0;0;0;40.7;44.6;0;14.7;0;0;0;0;0;0.143;41.4;0;58.5;0;0;0;0;0;96.5;93.4;100;56.6;21.6 ;21.8 ;22.6 ;21.3 ;
2017-09-04;14:16:09.528;0.488;1.95;0.251;0.667;628;693;0.0938;0.263;0.00377;0.00416;51.4;35.3;1.66e+05;8.54e+04;2.13e+03;3.9;97.4;0.977;24.4;7.56e+04;37.6;48.2;0;14.2;0;0;0;0;0;376;103;0.68;2.03;0.334;0.667;217;239;0.0937;0.261;0.00374;0.00413; 52320;4545;13484;12.9;8.23;40;0.588;1.76;0.334;0.667;195;213;0.0852;0.26;0.00389;0.00425; 52800;4322;12696;12.8;8.4;41;0.684;2.05;0.334;0.667;216;238;0.0925;0.27;0.00371;0.00409; 53760;4537;13420;12.8;8.22;41;0.00127;1.1;0.00116;0.667;0.127;2.56;0.95;0.0445;0.00117;0.0236; 23920;0;0;12.8;10.5;49;7.65e+03;8.06e+03;3.22e+03; 39%; 41%; 16%;7.95e+03;3.1e+03;7.97e+03; 40%; 15%; 40%;7.62e+03;8.03e+03;3.16e+03; 39%; 41%; 16%;6.4e+03;6e+03;6.45e+03; 32%; 30%; 33%;50.1;49.9;0;0;0;0;0;0;0;50;50;0;0;0;0;0;0;0;50;50;0;0;0;0;0;0;0;0.174;43;0;56.8;0;0;0;0;0;103;100;110;61.9;25.5 ;25.7 ;26.3 ;25.4 ;
2017-09-04;14:16:10.541;0.48;1.92;0.251;0.667;619;683;0.0934;0.262;0.00378;0.00417;50.7;35.1;1.64e+05;8.53e+04;2.13e+03;3.83;95.8;0.961;24;7.47e+04;37.6;46.5;0;15.9;0;0;0;0;0;374;102;0.677;2.02;0.334;0.667;216;238;0.0924;0.262;0.00375;0.00413; 48320;4494;13498;12.7;8.16;40;0.586;1.76;0.333;0.667;193;211;0.0871;0.261;0.00386;0.00423; 50880;4360;12666;12.7;8.35;41;0.657;1.97;0.333;0.667;210;231;0.0907;0.266;0.00376;0.00414; 50000;4366;13197;12.7;8.19;41;0.00129;1.07;0.00121;0.667;0.127;2.59;0.951;0.0451;0.00116;0.0235; 23760;0;2;12.7;10.4;49;7.58e+03;7.93e+03;3.19e+03; 38%; 40%; 16%;7.8e+03;3.07e+03;7.91e+03; 40%; 15%; 40%;7.55e+03;7.99e+03;3.13e+03; 38%; 41%; 16%;6.26e+03;5.92e+03;6.39e+03; 32%; 30%; 32%;50.1;49.9;0;0;0;0;0;0;0;50;50;0;0;0;0;0;0;0;50;50;0;0;0;0;0;0;0;0.182;36.3;0;63.5;0;0;0;0;0;103;100;110;60.7;24.9 ;25.4 ;26.3 ;25.3 ;
2017-09-04;14:16:11.565;0.284;1.67;0.17;0.667;386;426;0.0922;0.254;0.00397;0.00437;32.8;25.3;9.74e+04;5.83e+04;2.13e+03;3.34;83.4;0.569;14.2;5.03e+04;25.6;40.9;0.0104;33.5;0;5.26;0;0;0;303;82.9;0.333;1.67;0.199;0.667;110;123;0.103;0.254;0.00388;0.00433; 53680;2617;7577;8.23;6.23;41;0.49;1.67;0.294;0.667;171;186;0.0787;0.251;0.00408;0.00443; 53680;4009;11962;8.19;5.6;43;0.315;1.67;0.188;0.667;105;116;0.0926;0.259;0.00388;0.00428; 54240;2406;7302;8.19;6.25;43;0.000664;0.923;0.000719;0.667;0.0777;1.32;0.941;0.0462;0.00136;0.0231; 23920;0;2;8.2;7.26;49;6.08e+03;4.61e+03;2.08e+03; 31%; 23%; 10%;5.07e+03;2.54e+03;5.18e+03; 25%; 12%; 26%;6.04e+03;4.66e+03;2.01e+03; 30%; 23%; 10%;3.48e+03;4.96e+03;3.61e+03; 17%; 25%; 18%;29.9;30.4;0.0417;39.7;0;21.1;0;0;0;44.1;46.9;0;9.05;0;0;0;0;0;28.3;41.2;0;30.5;0;0;0;0;0;0.108;45;0;54.9;0;0;0;0;0;77.5;88.5;82.3;55;20.6 ;20.4 ;21.7 ;20.3 ;
2017-09-04;14:16:12.585;0.117;0.466;0.251;0.667;443;448;0.0102;0.0109;0.011;0.0111;51.7;71.1;4.02e+04;8.62e+04;2.15e+03;0.932;23.3;0.234;5.85;1.03e+05;37.7;50.7;0;11.7;0;0;0;0;0;353;122;0.153;0.457;0.335;0.667;146;146;0.00606;0.0117;0.0111;0.0112; 52960;6832;20431;13;17.7;40;0.153;0.458;0.334;0.667;145;145;0.00438;0.01;0.011;0.0111; 50960;6821;20423;12.9;17.7;42;0.161;0.482;0.334;0.667;152;153;0.0042;0.0104;0.0111;0.0111; 51760;7155;21467;12.9;17.7;41;0.00128;1.01;0.00127;0.667;0.133;2.55;0.948;0.0454;0.00121;0.0231; 23680;0;2;12.9;17.9;48;1.09e+04;1.12e+04;5.61e+03; 55%; 56%; 28%;1.12e+04;5.66e+03;1.09e+04; 56%; 28%; 55%;1.11e+04;1.11e+04;5.85e+03; 56%; 56%; 29%;6.64e+03;6.4e+03;6.36e+03; 33%; 32%; 32%;50.2;49.8;0;0;0;0;0;0;0;50.1;49.9;0;0;0;0;0;0;0;50.1;49.9;0;0;0;0;0;0;0;0.191;53.2;0;46.6;0;0;0;0;0;94.4;92.7;101;65.3;30.4 ;30.6 ;31.3 ;29.6 ;
2017-09-04;14:16:13.598;0.326;1.35;0.241;0.667;506;557;0.092;0.377;0.00455;0.00501;49.3;55.6;1.11e+05;8.23e+04;2.14e+03;2.7;67.6;0.651;16.3;9.1e+04;36.1;46.9;0;17;0;0;0;0;0;363;112;0.436;1.33;0.328;0.667;174;191;0.0849;0.358;0.00468;0.00511; 51360;5998;17833;12.4;13.6;40;0.439;1.35;0.324;0.667;169;185;0.0892;0.383;0.0045;0.00494; 56560;6068;17985;12.3;13.6;40;0.426;1.37;0.31;0.667;163;179;0.0913;0.391;0.00448;0.00493; 52400;5578;16649;12.3;13.8;41;0.00116;1.02;0.00114;0.667;0.124;2.34;0.947;0.045;0.00125;0.0235; 23840;0;2;12.3;14.5;48;9.83e+03;9.61e+03;4.97e+03; 50%; 49%; 25%;9.54e+03;4.88e+03;9.88e+03; 48%; 24%; 50%;9.48e+03;9.62e+03;4.63e+03; 48%; 49%; 23%;6e+03;6.21e+03;6.35e+03; 30%; 31%; 32%;49.2;48.8;0;2.06;0;0;0;0;0;48.6;48.9;0;2.46;0;0;0;0;0;46.5;47.4;0;6.04;0;0;0;0;0;0.171;42.5;0;57.3;0;0;0;0;0;99.2;97.8;104;61.8;27.8 ;28.2 ;28.9 ;27.1 ;
2017-09-04;14:16:14.610;0.658;2.62;0.251;0.667;645;741;0.13;0.306;0.00288;0.00331;50.6;33.7;2.24e+05;8.52e+04;2.13e+03;5.25;131;1.32;32.9;8.03e+04;37.6;48.3;0.000475;14.1;0;0;0;0;0;395;102;0.876;2.62;0.334;0.667;216;247;0.125;0.299;0.00291;0.00332; 53200;4748;14175;12.7;8.02;39;0.877;2.63;0.333;0.667;214;246;0.129;0.313;0.00287;0.0033; 52400;4616;13542;12.6;8.01;40;0.875;2.63;0.333;0.667;214;245;0.128;0.309;0.00287;0.00329; 57440;4551;13525;12.6;8.02;40;0.00155;1.2;0.00129;0.667;0.137;2.64;0.948;0.0536;0.00104;0.02; 23680;0;3;12.6;9.64;48;8.3e+03;8.27e+03;3.83e+03; 42%; 42%; 19%;8.23e+03;3.79e+03;8.31e+03; 42%; 19%; 42%;8.24e+03;8.29e+03;3.78e+03; 42%; 42%; 19%;6.39e+03;6.39e+03;6.48e+03; 32%; 32%; 33%;50.1;49.9;0;0;0;0;0;0;0;50;50;0;0;0;0;0;0;0;50;50;0;0;0;0;0;0;0;0.193;43.2;0.0019;56.6;0;0;0;0;0;109;108;116;61.1;24.9 ;25.4 ;26.6 ;25.1 ;
2017-09-04;14:16:15.625;0.525;2.34;0.224;0.667;544;618;0.12;0.295;0.00304;0.00345;42.9;27.9;1.79e+05;7.63e+04;2.13e+03;4.68;117;1.05;26.2;6.78e+04;33.6;46.4;0;20;0;0;0;0;0;364;92.2;0.709;2.26;0.314;0.667;204;228;0.105;0.272;0.00338;0.00377; 53360;4480;13080;10.7;6.56;43;0.694;2.34;0.297;0.667;175;198;0.117;0.304;0.00296;0.00335; 50240;3959;11810;10.7;6.64;42;0.695;2.45;0.284;0.667;164;189;0.132;0.314;0.00278;0.0032; 48800;3425;10319;10.7;6.7;44;0.00104;1.06;0.000976;0.667;0.116;2.06;0.944;0.0457;0.00131;0.0233; 23520;1;2;10.7;7.98;49;6.93e+03;6.68e+03;3.27e+03; 35%; 34%; 16%;6.6e+03;3.2e+03;7.46e+03; 33%; 16%; 38%;6.77e+03;7.38e+03;3.12e+03; 34%; 37%; 16%;5.09e+03;5.32e+03;5.95e+03; 26%; 27%; 30%;47.1;46.8;0;6.03;0;0;0;0;0;44.6;46.7;0;8.78;0;0;0;0;0;42.6;46.1;0;11.3;0;0;0;0;0;0.146;45.9;0;54;0;0;0;0;0;100;98.3;105;60.3;22.6 ;23.1 ;24 ;22.4 ;
2017-09-04;14:16:16.832;0.655;2.86;0.229;0.667;548;681;0.195;0.493;0.00211;0.00263;44.9;36.7;2.59e+05;9.07e+04;2.14e+03;5.72;143;1.31;32.7;7.39e+04;34.3;50;0.000253;15.6;0;0;0;0;0;455;109;0.833;2.81;0.296;0.667;179;220;0.187;0.487;0.00225;0.00277; 52000;3673;10797;11.3;8.76;39;0.885;2.88;0.308;0.667;181;224;0.194;0.5;0.00207;0.00257; 53280;3945;11746;11.2;8.75;40;0.918;2.89;0.318;0.667;189;235;0.195;0.495;0.00204;0.00253; 54320;3988;11942;11.2;8.78;40;0.00119;1.12;0.00106;0.667;0.152;2.85;0.947;0.0441;0.00126;0.0235; 23920;0;4;11.1;10.4;49;7.68e+03;7.59e+03;3.63e+03; 33%; 33%; 16%;7.58e+03;3.59e+03;7.89e+03; 33%; 15%; 34%;7.62e+03;7.94e+03;3.59e+03; 33%; 35%; 15%;5.45e+03;5.49e+03;5.83e+03; 24%; 24%; 25%;44.4;51.2;0.00105;4.35;0;0;0;0;0;46.1;50.2;0;3.7;0;0;0;0;0;47.7;49.1;0;3.26;0;0;0;0;0;0.159;49.8;0;50.1;0;0;0;0;0;126;125;135;68.9;26.8 ;27.3 ;28.4 ;26.7 ;
2017-09-04;14:16:18.085;0.617;2.78;0.222;0.667;571;700;0.184;0.398;0.00223;0.00273;44.9;41.1;2.56e+05;9.21e+04;2.54e+03;5.56;139;1.23;30.9;7.54e+04;33.3;47.5;0;19.2;0;0;0;0;0;454;113;0.86;2.82;0.305;0.667;196;238;0.174;0.366;0.00221;0.00268; 52880;4034;12069;10.9;9.29;40;0.815;2.79;0.293;0.667;183;224;0.182;0.409;0.00218;0.00267; 47760;3957;12201;10.8;9.35;40;0.803;2.74;0.293;0.667;192;236;0.187;0.42;0.0023;0.00283; 52800;4818;11795;12.5;11.4;40;0.00112;1.11;0.00101;0.667;0.143;2.78;0.948;0.044;0.00122;0.0237; 24080;1;2;10.7;11.1;49;7.62e+03;8.17e+03;3.69e+03; 32%; 34%; 15%;8.12e+03;3.57e+03;7.82e+03; 34%; 15%; 32%;8.23e+03;8.5e+03;3.61e+03; 34%; 35%; 15%;5.27e+03;5.23e+03;5.57e+03; 22%; 22%; 23%;45.7;47.5;0;6.77;0;0;0;0;0;43.9;46.3;0;9.77;0;0;0;0;0;43.9;48.1;0;7.99;0;0;0;0;0;0.151;48.2;0;51.6;0;0;0;0;0;126;124;133;70.7;27.3 ;27.8 ;30.8 ;27.1 ;
2017-09-04;14:16:19.332;0.54;2.15;0.251;0.667;778;1.02e+03;0.238;0.497;0.00343;0.00451;54.6;63;2.27e+05;1.05e+05;2.63e+03;4.3;108;1.08;27;9.63e+04;37.7;50.8;0;11.5;0;0;0;0;0;464;132;0.716;2.14;0.335;0.667;253;335;0.244;0.498;0.00337;0.00445; 50240;4662;16288;12;13;39;0.722;2.16;0.334;0.667;247;327;0.246;0.509;0.00326;0.00432; 54160;5046;17628;11.8;12.9;40;0.72;2.16;0.334;0.667;279;357;0.22;0.485;0.00369;0.00472; 53360;10192;16037;19;21.7;39;0.00123;1.1;0.00112;0.667;0.163;3.03;0.946;0.0434;0.00127;0.0235; 24080;0;1;11.8;15.4;49;8.97e+03;1.17e+04;4.41e+03; 37%; 48%; 18%;1.17e+04;4.31e+03;8.98e+03; 48%; 17%; 37%;1.2e+04;1.21e+04;4.69e+03; 50%; 50%; 19%;6.05e+03;5.64e+03;5.76e+03; 25%; 23%; 24%;50.2;49.8;0;0;0;0;0;0;0;50.1;49.9;0;0;0;0;0;0;0;50.1;49.9;0;0;0;0;0;0;0;0.168;53.6;0;46.2;0;0;0;0;0;126;126;138;73.7;30.4 ;30.8 ;40.2 ;30.5 ;
2017-09-04;14:16:20.580;0.543;2.17;0.25;0.667;789;1.03e+03;0.236;0.495;0.00347;0.00454;55.4;64.1;2.28e+05;1.05e+05;2.62e+03;4.33;108;1.09;27.1;9.81e+04;37.6;54.3;7.13e-05;8.08;0;0;0;0;0;468;133;0.721;2.16;0.334;0.667;256;337;0.242;0.498;0.00338;0.00446; 50000;4600;16372;12.1;13.2;39;0.72;2.16;0.333;0.667;256;336;0.237;0.502;0.00339;0.00445; 49600;5202;18218;12;13.1;40;0.728;2.18;0.333;0.667;277;356;0.223;0.489;0.00363;0.00467; 50960;10204;16200;19.3;22.1;39;0.00123;1.14;0.00108;0.667;0.152;3.05;0.95;0.0444;0.00117;0.0236; 24080;1;1;12;15.6;48;9.14e+03;1.18e+04;4.45e+03; 38%; 49%; 18%;1.21e+04;4.44e+03;9.18e+03; 50%; 18%; 38%;1.25e+04;1.22e+04;4.7e+03; 52%; 50%; 19%;6.08e+03;5.79e+03;5.82e+03; 25%; 24%; 24%;50.1;49.9;0;0;0;0;0;0;0;50;50;0;0;0;0;0;0;0;50;50;0;0;0;0;0;0;0;0.162;67.5;0.000285;32.3;0;0;0;0;0;127;126;139;75.5;30.6 ;31.1 ;40.4 ;30.5 ;
2017-09-04;14:16:21.833;0.246;1.13;0.218;0.667;539;632;0.148;0.371;0.00521;0.00611;51.3;68.8;1.03e+05;9.14e+04;2.62e+03;2.26;56.6;0.493;12.3;9.64e+04;32.6;46.3;0.00104;21.1;0;0;0;0;0;398;130;0.375;1.27;0.295;0.667;181;219;0.174;0.408;0.0046;0.00557; 54800;5622;17489;12.6;16.2;39;0.33;1.14;0.29;0.667;181;211;0.144;0.376;0.00522;0.00611; 54880;6172;19225;12.5;16;41;0.28;0.988;0.283;0.667;177;200;0.114;0.323;0.00602;0.0068; 49040;7330;19389;13.7;17.5;41;0.000917;0.744;0.00123;0.667;0.127;2.24;0.943;0.0445;0.00132;0.0233; 24000;0;3;12.5;19.2;48;1.01e+04;1.07e+04;4.87e+03; 42%; 44%; 20%;1.09e+04;5.05e+03;1.01e+04; 45%; 21%; 42%;1.09e+04;1.07e+04;5.15e+03; 45%; 44%; 21%;6.11e+03;6.02e+03;5.82e+03; 25%; 25%; 24%;44.3;44.2;0.00415;11.5;0;0;0;0;0;43.5;44.5;0;12;0;0;0;0;0;42.5;46.7;0;10.8;0;0;0;0;0;0.185;49.7;0;50.2;0;0;0;0;0;109;104;114;71.5;31.7 ;31.9 ;34.1 ;31.8 ;
2017-09-04;14:16:23.016;0.135;0.57;0.237;0.667;505;520;0.0283;0.176;0.00938;0.00966;53.8;70;5.39e+04;9.46e+04;2.62e+03;1.14;28.5;0.27;6.74;1e+05;35.5;48.3;0.00613;16.2;0;2.45;0;0;0;396;131;0.15;0.451;0.333;0.667;177;178;0.00544;0.00843;0.0117;0.0118; 50400;7944;23527;13.5;16.5;39;0.171;0.546;0.313;0.667;165;169;0.0212;0.166;0.00968;0.00989; 50960;7157;21532;13.4;16.7;40;0.216;0.728;0.297;0.667;163;171;0.0457;0.307;0.00756;0.00792; 48160;6755;20297;13.4;16.8;40;0.00108;0.822;0.00132;0.667;0.131;2.52;0.948;0.0439;0.00122;0.0234; 24000;1;2;13.4;20;49;1.1e+04;1.09e+04;5.52e+03; 48%; 47%; 24%;1.06e+04;5.23e+03;1.11e+04; 46%; 22%; 48%;1.06e+04;1.09e+04;5.09e+03; 46%; 47%; 22%;6.22e+03;6.35e+03;6.71e+03; 27%; 27%; 29%;50;48.6;0.0243;1.37;0;0;0;0;0;47;47.1;0;5.88;0;2.15;0;0;0;44.6;44.9;0;10.5;0;7.67;0;0;0;0.197;52.5;0;47.3;0;0;0;0;0;109;104;112;71.4;32.1 ;32.4 ;33.8 ;32.8 ;
2017-09-04;14:16:24.264;0.661;2.65;0.249;0.667;776;908;0.145;0.403;0.00281;0.00328;61.6;41.5;2.77e+05;1.04e+05;2.49e+03;5.31;133;1.32;33.1;9.8e+04;37.4;51.5;0;11.1;0;0;0;0;0;489;125;0.876;2.66;0.33;0.667;252;297;0.15;0.448;0.00278;0.00327; 38000;5341;15629;15.5;9.89;39;0.882;2.65;0.333;0.667;266;309;0.139;0.409;0.00288;0.00334; 47040;5899;17140;15.4;9.81;38;0.888;2.66;0.333;0.667;258;299;0.138;0.344;0.00277;0.00321; 55920;5367;15845;15.4;9.88;39;0.00146;1.24;0.00118;0.667;0.154;3.14;0.951;0.0508;0.001;0.0205; 23920;0;4;15.4;11.9;48;1.03e+04;1e+04;4.68e+03; 43%; 41%; 19%;9.99e+03;4.67e+03;1.01e+04; 41%; 19%; 42%;1.02e+04;9.98e+03;4.59e+03; 42%; 41%; 19%;7.71e+03;8e+03;7.77e+03; 32%; 33%; 32%;49.4;50.4;0;0.11;0;0;0;0;0;50;50;0;0;0;0;0;0;0;50;50;0;0;0;0;0;0;0;0.177;55.5;0;44.4;0;0;0;0;0;135;134;144;76.6;30.7 ;31.3 ;32.2 ;30.3 ;
2017-09-04;14:16:25.290;0.555;2.23;0.25;0.667;596;677;0.12;0.297;0.00299;0.0034;41.1;27;1.99e+05;8.95e+04;2.61e+03;4.45;111;1.11;27.8;6.52e+04;37.4;49.7;0;12.8;0;0;0;0;0;367;92.1;0.774;2.26;0.342;0.667;215;245;0.121;0.294;0.00296;0.00337; 54080;4722;13865;10.3;6.44;42;0.733;2.19;0.335;0.667;206;231;0.111;0.296;0.00309;0.00347; 54480;4653;13722;10.3;6.39;41;0.682;2.23;0.306;0.667;175;199;0.122;0.302;0.00292;0.00333; 52160;3733;11194;10.3;6.47;43;0.00107;1.1;0.000977;0.667;0.111;2.17;0.949;0.0447;0.0012;0.0234; 23760;0;3;10.3;7.74;49;6.83e+03;6.57e+03;3.09e+03; 33%; 32%; 15%;6.59e+03;3.12e+03;6.79e+03; 32%; 15%; 33%;6.76e+03;6.7e+03;3.03e+03; 32%; 32%; 14%;5.09e+03;5.32e+03;5.29e+03; 24%; 25%; 25%;51.3;42.3;0;6.34;0;0;0;0;0;50.2;46;0;3.74;0;0;0;0;0;45.9;47.6;0;6.51;0;0;0;0;0;0.147;64;0;35.9;0;0;0;0;0;99.5;100;106;61.4;22.7 ;22.9 ;23.9 ;22.6 ;
2017-09-04;14:16:26.465;0.667;2.85;0.234;0.667;562;686;0.181;0.431;0.00217;0.00264;45.2;36.2;2.6e+05;9.1e+04;2.16e+03;5.71;143;1.33;33.4;7.41e+04;35.1;53;0.00711;11.9;0;0.0344;0;0;0;448;108;0.852;2.82;0.302;0.667;184;222;0.172;0.399;0.00229;0.00277; 56960;3688;11028;11.4;8.63;38;0.899;2.85;0.315;0.667;189;234;0.191;0.503;0.00216;0.00267; 50640;4000;11886;11.3;8.61;39;0.929;2.89;0.321;0.667;189;227;0.17;0.374;0.00206;0.00248; 53200;3954;11747;11.3;8.63;39;0.00121;1.07;0.00112;0.667;0.157;2.78;0.944;0.0458;0.00132;0.0234; 24480;0;12;11.2;10.3;48;7.74e+03;7.54e+03;3.62e+03; 34%; 33%; 16%;7.52e+03;3.59e+03;7.89e+03; 33%; 16%; 35%;7.7e+03;7.93e+03;3.6e+03; 34%; 35%; 16%;5.45e+03;5.6e+03;5.89e+03; 24%; 25%; 26%;45.4;50.9;0.0294;3.71;0;0.142;0;0;0;47.3;49.8;0;2.97;0;0;0;0;0;48.1;49;0;2.85;0;0;0;0;0;0.168;62.1;0;37.7;0;0;0;0;0;124;123;132;68.8;26.2 ;27.1 ;28.2 ;26.3 ;
2017-09-04;14:16:27.480;0.662;2.88;0.23;0.667;487;587;0.17;0.36;0.00212;0.00255;34.4;28;2.3e+05;7.99e+04;2.47e+03;5.76;144;1.32;33.1;5.66e+04;34.5;48.8;0.000206;16.7;0;0;0;0;0;369;87.2;0.929;2.84;0.327;0.667;188;224;0.163;0.34;0.00224;0.00268; 50560;3785;11266;8.62;6.63;42;0.87;2.9;0.3;0.667;156;188;0.169;0.371;0.00207;0.00249; 50960;3369;10024;8.61;6.69;41;0.829;2.9;0.286;0.667;144;173;0.17;0.374;0.00203;0.00245; 52320;2982;8922;8.63;6.74;43;0.00105;1.14;0.000926;0.667;0.101;2.08;0.951;0.0457;0.00113;0.0233; 23920;0;2;8.55;7.97;49;5.9e+03;5.77e+03;2.83e+03; 29%; 29%; 14%;5.7e+03;2.74e+03;6.17e+03; 28%; 13%; 31%;5.77e+03;6.15e+03;2.7e+03; 29%; 30%; 13%;4.08e+03;4.22e+03;4.57e+03; 20%; 21%; 23%;49;43.1;0.000794;7.86;0;0;0;0;0;45;45.1;0;9.85;0;0;0;0;0;42.9;47.1;0;10;0;0;0;0;0;0.139;60.1;0;39.8;0;0;0;0;0;103;101;107;58.3;21.4 ;22 ;22.7 ;21.1 ;
2017-09-04;14:16:28.728;0.49;2.16;0.227;0.667;688;917;0.25;0.581;0.00347;0.00462;53.7;62.1;1.98e+05;9.2e+04;2.14e+03;4.31;108;0.98;24.5;9.5e+04;34.1;55.6;0;10.3;0;0;0;0;0;457;130;0.635;2.16;0.294;0.667;207;279;0.257;0.589;0.00337;0.00454; 50160;3843;13272;11.8;12.8;39;0.653;2.13;0.306;0.667;221;296;0.252;0.592;0.00339;0.00453; 52640;4434;15670;11.6;12.7;39;0.692;2.18;0.318;0.667;260;339;0.235;0.567;0.00363;0.00475; 52480;9502;15055;18.7;21.4;38;0.00121;1.13;0.00107;0.667;0.148;2.98;0.95;0.0446;0.00116;0.0234; 24160;0;7;11.6;15.2;48;8.84e+03;1.15e+04;4.34e+03; 38%; 49%; 18%;1.16e+04;4.29e+03;8.89e+03; 50%; 18%; 38%;1.2e+04;1.18e+04;4.55e+03; 51%; 51%; 19%;5.89e+03;5.58e+03;5.68e+03; 25%; 24%; 24%;44.1;52.7;0;3.18;0;0;0;0;0;45.9;51.4;0;2.75;0;0;0;0;0;47.7;50.1;0;2.22;0;0;0;0;0;0.161;67.6;0;32.2;0;0;0;0;0;124;123;136;74.3;29.9 ;30.7 ;39.7 ;29.9 ;
2017-09-04;14:16:29.976;0.541;2.16;0.251;0.667;793;1.04e+03;0.234;0.494;0.0035;0.00457;55.7;64.5;2.27e+05;1.05e+05;2.62e+03;4.32;108;1.08;27.1;9.84e+04;37.6;54.4;0;8.04;0;0;0;0;0;468;133;0.725;2.17;0.334;0.667;255;338;0.244;0.498;0.00336;0.00445; 54880;4710;16298;12.2;13.3;38;0.715;2.14;0.333;0.667;255;334;0.236;0.502;0.00341;0.00446; 49360;5111;18020;12;13.2;39;0.723;2.17;0.333;0.667;282;361;0.217;0.484;0.00373;0.00476; 52960;10521;16504;19.4;22.3;38;0.00124;1.13;0.00109;0.667;0.155;3.04;0.949;0.0443;0.00119;0.0235; 24320;1;3;12;15.7;48;9.13e+03;1.18e+04;4.44e+03; 38%; 49%; 18%;1.21e+04;4.44e+03;9.17e+03; 50%; 18%; 38%;1.25e+04;1.22e+04;4.78e+03; 52%; 50%; 19%;6.16e+03;5.78e+03;5.8e+03; 25%; 24%; 24%;50.1;49.9;0;0;0;0;0;0;0;50;50;0;0;0;0;0;0;0;50;50;0;0;0;0;0;0;0;0.164;67.7;0;32.2;0;0;0;0;0;127;126;139;75.6;30.8 ;31.3 ;40.5 ;30.6 ;
2017-09-04;14:16:31.232;0.351;1.6;0.22;0.667;609;756;0.194;0.444;0.00412;0.00512;51.2;65.6;1.48e+05;9.24e+04;2.62e+03;3.19;79.9;0.703;17.6;9.46e+04;33;44;0;23;0;2.83;0;0;0;418;128;0.507;1.72;0.295;0.667;199;254;0.218;0.466;0.00374;0.00478; 54560;4891;15900;12.1;14.8;39;0.481;1.6;0.3;0.667;210;259;0.188;0.445;0.00417;0.00514; 57200;5717;18587;12;14.5;41;0.418;1.47;0.284;0.667;199;240;0.17;0.419;0.00454;0.00547; 53440;7784;17258;15.2;18.7;39;0.000926;0.813;0.00114;0.667;0.129;2.28;0.943;0.0451;0.00133;0.0234; 24160;1;3;12;17.6;48;9.67e+03;1.05e+04;4.53e+03; 40%; 43%; 18%;1.11e+04;4.88e+03;9.58e+03; 46%; 20%; 39%;1.14e+04;1.07e+04;4.78e+03; 47%; 44%; 19%;5.83e+03;5.98e+03;5.57e+03; 24%; 24%; 23%;44.2;44;0;11.8;0;0.407;0;0;0;45;45.2;0;9.83;0;0;0;0;0;42.6;42.9;0;14.4;0;10.9;0;0;0;0.171;44.1;0;55.8;0;0;0;0;0;113;112;121;71.5;30.4 ;31.1 ;35.9 ;30.6 ;
2017-09-04;14:16:32.388;0.12;0.461;0.261;0.667;540;545;0.0094;0.00828;0.0113;0.0114;58;80.9;4.8e+04;1.04e+05;2.64e+03;0.921;23;0.24;6;1.1e+05;39.1;53.9;0;6.96;0;0;0;0;0;396;138;0.15;0.43;0.348;0.667;172;173;0.00715;0.00895;0.0113;0.0114; 57440;7905;23657;14.6;19.5;39;0.165;0.475;0.346;0.667;189;189;0.00344;0.00766;0.0113;0.0113; 45120;8660;25977;14.5;19.2;40;0.161;0.477;0.337;0.667;180;180;0.00354;0.00769;0.0113;0.0113; 50480;8235;24759;14.5;19.2;40;0.00124;0.677;0.00184;0.667;0.168;2.77;0.939;0.0455;0.00139;0.0229; 23760;0;4;14.5;23.1;47;1.2e+04;1.19e+04;5.69e+03; 52%; 52%; 24%;1.22e+04;6.02e+03;1.19e+04; 53%; 26%; 52%;1.22e+04;1.18e+04;5.99e+03; 53%; 51%; 26%;6.97e+03;7.01e+03;6.63e+03; 30%; 30%; 29%;52.3;47.7;0;0;0;0;0;0;0;52;47.9;0;0.179;0;0;0;0;0;50.6;49;0;0.363;0;0;0;0;0;0.275;71.7;0;28;0;0;0;0;0;107;102;114;72.9;33.9 ;34.1 ;35 ;34.7 ;
2017-09-04;14:16:33.636;0.587;2.56;0.229;0.667;682;819;0.167;0.54;0.00284;0.0034;57.3;41.8;2.4e+05;9.39e+04;2.43e+03;5.12;128;1.17;29.3;9.25e+04;34.3;47.6;0;18;0;0;0;0;0;476;122;0.741;2.35;0.315;0.667;251;292;0.139;0.505;0.00336;0.0039; 46000;6106;17881;14.4;9.63;38;0.795;2.66;0.299;0.667;207;253;0.185;0.583;0.00257;0.00316; 34400;4571;13378;14.3;10.1;38;0.826;2.69;0.307;0.667;224;270;0.172;0.532;0.00263;0.00317; 65040;4669;13765;14.3;10.1;39;0.00109;1.13;0.000967;0.667;0.132;2.71;0.951;0.044;0.00115;0.0236; 24160;0;2;14.3;12;48;9.57e+03;9.65e+03;4.86e+03; 40%; 41%; 20%;9.04e+03;4.23e+03;1.02e+04; 38%; 18%; 43%;8.87e+03;1.02e+04;4.19e+03; 37%; 43%; 17%;6.89e+03;6.73e+03;8.07e+03; 29%; 28%; 34%;47.3;51;0;1.66;0;0;0;0;0;44.9;49.7;0;5.47;0;0;0;0;0;46.1;49.8;0;4.13;0;0;0;0;0;0.145;40.4;0;59.5;0;0;0;0;0;132;131;140;73.1;29.6 ;30.9 ;31.9 ;29.8 ;
2017-09-04;14:16:34.729;0.651;2.54;0.256;0.667;739;843;0.124;0.299;0.00299;0.00341;52.7;34.5;2.47e+05;9.74e+04;2.62e+03;5.08;127;1.3;32.5;8.35e+04;38.5;49.2;0.0006;12.3;0;0;0;0;0;420;107;0.888;2.49;0.356;0.667;274;309;0.114;0.285;0.00314;0.00354; 62880;6001;17718;13.2;8.15;39;0.857;2.57;0.333;0.667;247;281;0.122;0.303;0.00298;0.0034; 53520;5533;16243;13.2;8.2;40;0.827;2.56;0.323;0.667;218;251;0.13;0.311;0.00283;0.00325; 51760;4520;13589;13.2;8.27;40;0.00139;1.2;0.00116;0.667;0.132;2.53;0.948;0.0527;0.00103;0.0198; 23840;0;5;13.2;9.87;48;8.67e+03;8.38e+03;4.03e+03; 39%; 38%; 18%;8.29e+03;3.94e+03;8.89e+03; 38%; 18%; 40%;8.5e+03;8.8e+03;3.86e+03; 39%; 40%; 17%;6.42e+03;6.69e+03;7.02e+03; 29%; 30%; 32%;53.4;46.4;0;0.229;0;0;0;0;0;50;45.7;0;4.31;0;0;0;0;0;48.5;48.3;0;3.27;0;0;0;0;0;0.173;56.9;0.00248;42.9;0;0;0;0;0;116;113;122;68.3;26.2 ;26.8 ;27.7 ;26.1 ;
2017-09-04;14:16:35.976;0.62;2.85;0.217;0.667;547;660;0.171;0.369;0.00217;0.00262;45.8;36.7;2.52e+05;8.82e+04;2.29e+03;5.71;143;1.24;31;7.5e+04;32.6;53.7;0.00439;13.7;0;1.96;0;0;0;466;112;0.807;2.79;0.289;0.667;188;225;0.162;0.364;0.00237;0.00283; 49760;3891;11438;11.5;8.73;38;0.829;2.88;0.288;0.667;175;210;0.169;0.369;0.00211;0.00253; 52880;3849;11415;11.5;8.76;38;0.866;2.89;0.299;0.667;184;222;0.172;0.376;0.00206;0.00249; 51280;3867;11530;11.5;8.79;39;0.00112;1.23;0.000909;0.667;0.148;2.68;0.945;0.0458;0.00125;0.0228; 24160;0;1;11.4;10.4;48;7.77e+03;7.66e+03;3.71e+03; 33%; 32%; 15%;7.61e+03;3.63e+03;8.09e+03; 32%; 15%; 34%;7.68e+03;8.13e+03;3.62e+03; 33%; 34%; 15%;5.5e+03;5.58e+03;6.08e+03; 23%; 24%; 26%;43.4;50.4;0.0182;6.23;0;0;0;0;0;43.1;49.2;0;7.67;0;0;0;0;0;44.9;46.8;0;8.24;0;7.71;0;0;0;0.136;68.1;0;31.8;0;0;0;0;0;129;127;137;73.3;27.4 ;27.6 ;29.2 ;27.2 ;
2017-09-04;14:16:36.992;0.682;2.88;0.237;0.667;512;617;0.171;0.361;0.00211;0.00254;33.7;27.6;2.43e+05;8.42e+04;2.61e+03;5.76;144;1.36;34.1;5.55e+04;35.5;48.7;0;15.8;0;0;0;0;0;368;86.3;0.96;2.85;0.336;0.667;199;238;0.164;0.343;0.00222;0.00265; 50640;4023;11777;8.47;6.53;41;0.889;2.9;0.306;0.667;165;199;0.171;0.372;0.00206;0.00248; 50080;3523;10609;8.43;6.61;40;0.839;2.9;0.289;0.667;148;178;0.171;0.374;0.00203;0.00245; 53520;3119;9283;8.47;6.64;43;0.00105;1.14;0.00092;0.667;0.103;2.09;0.951;0.0468;0.00115;0.0233; 24160;2;2;8.38;7.86;49;5.8e+03;5.69e+03;2.8e+03; 28%; 27%; 13%;5.59e+03;2.67e+03;6.04e+03; 27%; 13%; 29%;5.64e+03;6.04e+03;2.65e+03; 27%; 29%; 13%;4.01e+03;4.11e+03;4.48e+03; 19%; 20%; 22%;50.5;42;0;7.56;0;0;0;0;0;45.9;41;0;13.1;0;0;0;0;0;43.3;46.7;0;9.97;0;0;0;0;0;0.138;66.3;0;33.6;0;0;0;0;0;103;99.7;107;58.8;21 ;21.7 ;22.6 ;21 ;
2017-09-04;14:16:38.245;0.489;2.15;0.228;0.667;686;915;0.251;0.581;0.00345;0.00461;53.5;61.8;1.99e+05;9.25e+04;2.14e+03;4.29;107;0.978;24.4;9.46e+04;34.2;54.7;0;11.1;0;0.588;0;0;0;459;130;0.632;2.14;0.295;0.667;206;278;0.257;0.589;0.00337;0.00454; 53760;3833;13197;11.7;12.7;38;0.658;2.14;0.307;0.667;219;295;0.256;0.594;0.00332;0.00447; 53280;4464;15529;11.6;12.7;38;0.687;2.16;0.319;0.667;260;339;0.234;0.563;0.00365;0.00476; 54800;9501;15055;18.6;21.3;38;0.00122;1.12;0.00109;0.667;0.159;3.05;0.948;0.0442;0.00124;0.0237; 24160;0;1;11.6;15.1;48;8.82e+03;1.15e+04;4.33e+03; 38%; 49%; 18%;1.15e+04;4.25e+03;8.84e+03; 49%; 18%; 38%;1.18e+04;1.19e+04;4.55e+03; 51%; 51%; 19%;5.88e+03;5.56e+03;5.64e+03; 25%; 23%; 24%;44.2;52.8;0;2.97;0;0;0;0;0;46;51.2;0;2.76;0;2.38;0;0;0;47.8;50.2;0;1.98;0;0;0;0;0;0.164;64.3;0;35.5;0;0;0;0;0;124;124;136;74.2;29.8 ;30.5 ;39.7 ;29.9 ;
2017-09-04;14:16:39.492;0.54;2.15;0.251;0.667;775;1.02e+03;0.239;0.497;0.00343;0.0045;54.6;63;2.26e+05;1.05e+05;2.63e+03;4.3;108;1.08;27;9.65e+04;37.6;54.6;0;7.83;0;0;0;0;0;468;131;0.714;2.13;0.335;0.667;254;336;0.243;0.496;0.0034;0.00448; 55440;4689;16112;12;13;38;0.722;2.16;0.334;0.667;248;328;0.245;0.509;0.00327;0.00433; 50400;5038;17559;11.8;12.9;38;0.721;2.16;0.334;0.667;273;352;0.225;0.489;0.00361;0.00466; 54240;9938;15862;18.9;21.7;38;0.00122;1.09;0.00112;0.667;0.171;3;0.943;0.0446;0.00134;0.0235; 24400;0;2;11.9;15.4;48;9.01e+03;1.17e+04;4.45e+03; 37%; 48%; 18%;1.17e+04;4.33e+03;9.03e+03; 48%; 18%; 37%;1.21e+04;1.21e+04;4.63e+03; 50%; 50%; 19%;6e+03;5.66e+03;5.81e+03; 25%; 23%; 24%;50.2;49.8;0;0;0;0;0;0;0;50;50;0;0;0;0;0;0;0;50;50;0;0;0;0;0;0;0;0.168;68.5;0;31.3;0;0;0;0;0;127;127;139;75.6;30.1 ;30.9 ;39.9 ;30.5 ;
2017-09-04;14:16:40.745;0.352;1.6;0.22;0.667;598;745;0.197;0.447;0.00404;0.00504;49.5;63.2;1.48e+05;9.24e+04;2.62e+03;3.2;80;0.704;17.6;9.11e+04;33;51;0;16;0;0.312;0;0;0;414;126;0.52;1.74;0.298;0.667;199;255;0.221;0.471;0.00365;0.00469; 47760;4963;15878;11.7;14.3;39;0.464;1.58;0.293;0.667;198;245;0.194;0.451;0.00405;0.00503; 47120;5438;17546;11.6;14.2;40;0.423;1.47;0.288;0.667;201;242;0.169;0.418;0.00452;0.00544; 48800;7806;17344;14.5;17.7;40;0.000917;0.844;0.00109;0.667;0.124;2.25;0.945;0.0445;0.00129;0.0234; 24400;0;4;11.6;17;48;9.18e+03;1.04e+04;4.42e+03; 38%; 43%; 18%;1.06e+04;4.54e+03;9.18e+03; 44%; 18%; 38%;1.08e+04;1.05e+04;4.77e+03; 44%; 43%; 19%;5.81e+03;5.55e+03;5.45e+03; 24%; 23%; 22%;44.8;44.6;0;10.7;0;0;0;0;0;44;44.1;0;11.9;0;1.25;0;0;0;43.2;47.3;0;9.54;0;0;0;0;0;0.163;67.9;0;31.9;0;0;0;0;0;112;109;119;73.5;30.1 ;30.5 ;34.9 ;30.3 ;
2017-09-04;14:16:41.599;0.116;0.432;0.268;0.667;396;399;0.00921;0.00841;0.0114;0.0115;40.5;56.4;3.46e+04;8.01e+04;2.09e+03;0.864;21.6;0.231;5.79;7.71e+04;40.2;51.5;0;8.34;0;0;0;0;0;286;98.8;0.145;0.401;0.361;0.667;128;129;0.00595;0.00883;0.0114;0.0115; 49040;5906;17450;10.1;13.6;38;0.152;0.429;0.354;0.667;134;135;0.00378;0.00789;0.0115;0.0116; 51920;6019;18090;10.1;13.4;40;0.159;0.469;0.34;0.667;133;134;0.00347;0.00792;0.0114;0.0115; 51680;6065;18163;10.1;13.3;39;0.00125;0.816;0.00153;0.667;0.115;2.05;0.944;0.0469;0.00128;0.0229; 24560;0;2;10.1;16.1;47;8.11e+03;8.48e+03;3.85e+03; 47%; 49%; 22%;8.71e+03;4.09e+03;8.04e+03; 50%; 23%; 47%;8.65e+03;8.37e+03;4.4e+03; 50%; 48%; 25%;5.14e+03;4.77e+03;4.48e+03; 30%; 27%; 26%;54.1;45.9;0;0;0;0;0;0;0;53.1;46.9;0;0;0;0;0;0;0;51;49;0;0;0;0;0;0;0;0.23;65;0;34.8;0;0;0;0;0;77;73.4;82.1;53;24.3 ;24.5 ;25 ;24.8 ;
2017-09-04;14:16:42.611;0.413;1.77;0.233;0.667;541;599;0.0977;0.244;0.00381;0.00422;47.5;47.5;1.42e+05;8.02e+04;2.33e+03;3.54;88.6;0.827;20.7;8.22e+04;35;48.5;0;16.5;0;0;0;0;0;365;107;0.554;1.65;0.336;0.667;203;222;0.0853;0.221;0.00418;0.00457; 54480;6295;18412;11.9;11;38;0.551;1.77;0.311;0.667;183;201;0.0919;0.244;0.00387;0.00426; 46080;5486;16272;11.9;11.2;38;0.543;1.92;0.282;0.667;155;174;0.11;0.274;0.00335;0.00376; 54800;4375;13017;11.9;11.7;39;0.00106;0.904;0.00117;0.667;0.12;2.12;0.943;0.0461;0.00133;0.0234; 23920;0;1;11.9;13.6;48;9.29e+03;8.47e+03;4.59e+03; 47%; 43%; 23%;8.09e+03;4.19e+03;9.32e+03; 41%; 21%; 47%;8.36e+03;8.76e+03;3.65e+03; 42%; 44%; 18%;5.17e+03;5.95e+03;6.4e+03; 26%; 30%; 32%;50.4;47.6;0;2.06;0;0;0;0;0;46.7;47.4;0;5.91;0;0;0;0;0;42.3;46;0;11.7;0;0;0;0;0;0.176;53.2;0;46.6;0;0;0;0;0;101;98.5;104;61;26.1 ;26.6 ;27.7 ;26.5 ;
2017-09-04;14:16:43.623;0.669;2.67;0.251;0.667;638;738;0.135;0.312;0.0028;0.00324;49.7;33.7;2.28e+05;8.52e+04;2.13e+03;5.34;134;1.34;33.5;7.92e+04;37.6;52.6;0;9.86;0;0;0;0;0;398;101;0.885;2.65;0.334;0.667;219;251;0.128;0.3;0.00291;0.00334; 46080;4493;13515;12.5;8.01;38;0.885;2.65;0.334;0.667;220;252;0.128;0.309;0.00292;0.00335; 52000;4877;14443;12.4;7.98;38;0.907;2.72;0.333;0.667;199;232;0.142;0.33;0.00258;0.00301; 57680;4147;12271;12.4;8.03;38;0.00126;1.14;0.0011;0.667;0.125;2.51;0.95;0.0445;0.00117;0.0235; 24160;0;1;12.4;9.64;48;8.35e+03;7.88e+03;3.78e+03; 42%; 40%; 19%;7.87e+03;3.76e+03;8.31e+03; 40%; 19%; 42%;8.29e+03;8.26e+03;3.73e+03; 42%; 42%; 19%;6.03e+03;6.45e+03;6.45e+03; 31%; 33%; 33%;50.1;49.9;0;0;0;0;0;0;0;50;50;0;0;0;0;0;0;0;50;50;0;0;0;0;0;0;0;0.165;60.4;0;39.5;0;0;0;0;0;109;109;117;62;24.8 ;25.2 ;26.4 ;24.6 ;
2017-09-04;14:16:44.636;0.56;2.53;0.221;0.667;530;635;0.165;0.506;0.00278;0.00333;41.6;28.8;1.9e+05;7.52e+04;2.12e+03;5.07;127;1.12;28;6.65e+04;33.2;50.1;0.00795;16.8;0;0;0;0;0;365;91.7;0.762;2.58;0.296;0.667;174;210;0.173;0.531;0.00269;0.00325; 50240;3997;11480;10.4;6.87;38;0.755;2.5;0.302;0.667;186;221;0.155;0.5;0.0029;0.00344; 52720;4082;12034;10.4;6.81;38;0.721;2.53;0.286;0.667;170;202;0.159;0.487;0.00276;0.00329; 51520;3560;10747;10.4;6.92;39;0.0013;1.18;0.0011;0.667;0.111;2.11;0.948;0.0566;0.001;0.0191; 23840;1;3;10.4;8.25;48;7.11e+03;6.76e+03;3.21e+03; 36%; 34%; 16%;6.76e+03;3.21e+03;6.86e+03; 34%; 16%; 35%;6.98e+03;6.73e+03;3.08e+03; 35%; 34%; 15%;5.11e+03;5.46e+03;5.23e+03; 26%; 28%; 26%;44.4;45.2;0.0318;10.4;0;0;0;0;0;45.3;47.1;0;7.68;0;0;0;0;0;42.8;48.1;0;9.03;0;0;0;0;0;0.165;59.9;0;40;0;0;0;0;0;99.4;99.8;105;60.4;22.6 ;23.1 ;23.8 ;22.3 ;
2017-09-04;14:16:45.647;0.721;2.88;0.251;0.667;527;636;0.171;0.365;0.00215;0.00259;39.9;32;2.45e+05;8.52e+04;2.13e+03;5.76;144;1.44;36.1;6.54e+04;37.6;52.2;0;10.2;0;0;0;0;0;397;94.8;0.947;2.84;0.334;0.667;184;220;0.163;0.346;0.00229;0.00273; 51040;3753;10951;10;7.63;38;0.967;2.9;0.334;0.667;173;209;0.171;0.374;0.00211;0.00254; 54000;3746;11217;9.99;7.63;37;0.969;2.91;0.334;0.667;169;204;0.172;0.379;0.00205;0.00248; 51840;3531;10599;10;7.65;39;0.00125;1.22;0.00102;0.667;0.128;2.46;0.948;0.0456;0.0012;0.0231; 24080;0;1;9.91;9.1;48;6.8e+03;6.68e+03;3.2e+03; 34%; 34%; 16%;6.67e+03;3.17e+03;7e+03; 34%; 16%; 36%;6.76e+03;7.03e+03;3.17e+03; 34%; 36%; 16%;4.83e+03;4.92e+03;5.18e+03; 24%; 25%; 26%;50.1;49.9;0;0;0;0;0;0;0;50;50;0;0;0;0;0;0;0;50;50;0;0;0;0;0;0;0;0.154;59.1;0;40.8;0;0;0;0;0;109;110;118;60.1;23.2 ;23.8 ;24.7 ;23.1 ;
2017-09-04;14:16:46.660;0.625;2.78;0.225;0.667;472;585;0.193;0.47;0.00222;0.00275;35.4;31.2;2.13e+05;7.66e+04;2.12e+03;5.55;139;1.25;31.3;5.9e+04;33.8;50.1;0;16.1;0;0;0;0;0;369;90;0.86;2.76;0.311;0.667;166;205;0.19;0.465;0.00227;0.0028; 51600;3357;10226;8.69;7.18;38;0.824;2.78;0.296;0.667;154;190;0.191;0.48;0.00219;0.00271; 52960;3302;10164;8.64;7.23;38;0.816;2.79;0.292;0.667;153;188;0.189;0.467;0.0022;0.00271; 53040;3620;9434;9.47;8.24;38;0.00108;1.11;0.000978;0.667;0.119;2.15;0.945;0.0459;0.00129;0.0233; 23840;0;3;8.6;8.6;48;6.05e+03;6.27e+03;2.92e+03; 31%; 32%; 15%;6.18e+03;2.82e+03;6.22e+03; 31%; 14%; 31%;6.29e+03;6.57e+03;2.83e+03; 32%; 33%; 14%;4.17e+03;4.22e+03;4.49e+03; 21%; 21%; 23%;46.7;46.6;0;6.66;0;0;0;0;0;44.4;46.3;0;9.26;0;0;0;0;0;43.8;47.9;0;8.22;0;0;0;0;0;0.147;59.6;0;40.3;0;0;0;0;0;103;100;108;58.2;22 ;22.3 ;24.1 ;21.6 ;
2017-09-04;14:16:47.673;0.542;2.16;0.251;0.667;643;840;0.235;0.497;0.00348;0.00455;45.1;52.2;1.85e+05;8.53e+04;2.13e+03;4.33;108;1.08;27.1;7.96e+04;37.6;52.2;0;10.3;0;0;0;0;0;379;108;0.728;2.18;0.334;0.667;205;272;0.247;0.504;0.00331;0.00439; 51680;3742;13103;9.86;10.8;38;0.717;2.15;0.333;0.667;207;271;0.237;0.505;0.0034;0.00445; 51920;4181;14556;9.75;10.7;37;0.723;2.17;0.334;0.667;231;294;0.216;0.484;0.00375;0.00479; 53440;8443;13366;15.7;18;37;0.00126;1.15;0.0011;0.667;0.126;2.52;0.95;0.0448;0.00118;0.0235; 24160;0;0;9.73;12.7;48;7.36e+03;9.54e+03;3.57e+03; 37%; 49%; 18%;9.87e+03;3.59e+03;7.39e+03; 50%; 18%; 38%;1.02e+04;9.84e+03;3.89e+03; 52%; 50%; 20%;5e+03;4.67e+03;4.67e+03; 25%; 24%; 23%;50.1;49.9;0;0;0;0;0;0;0;50;50;0;0;0;0;0;0;0;50;50;0;0;0;0;0;0;0;0.165;58.8;0;41.1;0;0;0;0;0;103;103;113;60.4;24.9 ;25.4 ;33 ;24.8 ;
2017-09-04;14:16:48.685;0.536;2.14;0.251;0.667;641;836;0.233;0.493;0.00352;0.00459;45;52.3;1.82e+05;8.52e+04;2.13e+03;4.28;107;1.07;26.8;7.97e+04;37.6;54.5;0;7.87;0;0;0;0;0;380;108;0.711;2.13;0.334;0.667;206;272;0.241;0.496;0.00341;0.00449; 51200;3730;13171;9.83;10.8;37;0.711;2.13;0.333;0.667;207;270;0.235;0.501;0.00342;0.00447; 51440;4161;14527;9.71;10.7;38;0.719;2.16;0.333;0.667;228;292;0.217;0.483;0.00374;0.00477; 54720;8535;13219;15.8;18.1;37;0.00126;1.15;0.00109;0.667;0.125;2.51;0.95;0.0452;0.00117;0.0235; 23840;0;1;9.72;12.7;48;7.38e+03;9.62e+03;3.6e+03; 37%; 49%; 18%;9.84e+03;3.58e+03;7.4e+03; 50%; 18%; 38%;1.02e+04;9.94e+03;3.85e+03; 52%; 51%; 19%;4.96e+03;4.66e+03;4.7e+03; 25%; 23%; 24%;50.1;49.9;0;0;0;0;0;0;0;50;50;0;0;0;0;0;0;0;50;50;0;0;0;0;0;0;0;0.164;68.3;0;31.5;0;0;0;0;0;103;103;113;61.4;24.9 ;25.2 ;33 ;24.6 ;
2017-09-04;14:16:49.699;0.494;2.17;0.228;0.667;575;755;0.238;0.498;0.00342;0.00449;39.9;46.5;1.68e+05;7.76e+04;2.13e+03;4.33;108;0.988;24.7;7.1e+04;34.2;53;0;12.8;0;0;0;0;0;362;99.7;0.668;2.17;0.308;0.667;188;250;0.247;0.501;0.00331;0.0044; 52560;3428;12091;8.75;9.56;41;0.664;2.16;0.308;0.667;190;249;0.239;0.504;0.00336;0.00441; 52240;3846;13323;8.62;9.46;40;0.643;2.18;0.295;0.667;197;253;0.224;0.491;0.00359;0.00463; 52560;7165;11416;13.9;16.1;42;0.000974;1.1;0.000887;0.667;0.102;1.93;0.947;0.0462;0.00123;0.0232; 23760;1;3;8.7;11.4;49;6.69e+03;8.48e+03;3.26e+03; 34%; 43%; 16%;8.68e+03;3.26e+03;6.69e+03; 44%; 16%; 34%;9.03e+03;8.79e+03;3.34e+03; 46%; 45%; 17%;4.3e+03;4.25e+03;4.24e+03; 22%; 21%; 21%;46.2;45.9;0;7.87;0;0;0;0;0;46.2;46.8;0;7.02;0;0;0;0;0;44.2;49.6;0;6.2;0;0;0;0;0;0.133;69.7;0;30.1;0;0;0;0;0;97.6;97.9;106;60.3;23.1 ;23.3 ;30.3 ;23 ;
2017-09-04;14:16:50.728;0.107;0.449;0.237;0.667;409;415;0.0167;0.0306;0.0112;0.0114;47.6;66.5;3.66e+04;8.14e+04;2.13e+03;0.898;22.5;0.213;5.33;9.08e+04;35.6;49;0.000288;15.4;0;0.125;0;0;0;334;117;0.134;0.422;0.318;0.667;127;129;0.0154;0.0363;0.0111;0.0112; 51840;5785;17358;11.9;16;38;0.143;0.453;0.316;0.667;138;139;0.0113;0.0346;0.0112;0.0113; 48560;6250;18753;11.9;15.8;39;0.148;0.471;0.315;0.667;144;145;0.00745;0.0213;0.0113;0.0114; 54400;6618;19814;11.9;15.7;39;0.00121;0.725;0.00167;0.667;0.131;2.43;0.946;0.0451;0.00126;0.0234; 24080;1;0;11.9;19;47;9.64e+03;9.92e+03;4.57e+03; 49%; 50%; 23%;1.02e+04;4.88e+03;9.57e+03; 52%; 24%; 48%;1.02e+04;9.8e+03;5.1e+03; 51%; 50%; 26%;5.94e+03;5.68e+03;5.31e+03; 30%; 28%; 27%;47.6;47.7;0;4.72;0;0.502;0;0;0;47.4;48.3;0;4.38;0;0;0;0;0;47.3;49.9;0;2.8;0;0;0;0;0;0.25;50.2;0.00115;49.6;0;0;0;0;0;90.5;86.6;96.5;60.9;28.7 ;29 ;29.5 ;29.2 ;
2017-09-04;14:16:51.740;0.219;0.932;0.235;0.667;470;509;0.0758;0.423;0.00626;0.00678;48.1;61;7.51e+04;8.05e+04;2.16e+03;1.86;46.6;0.438;10.9;8.89e+04;35.2;49.7;0;15.1;0;1.9;0;0;0;349;114;0.298;0.905;0.329;0.667;171;184;0.0719;0.442;0.00665;0.00717; 56400;6671;19812;12.1;14.3;38;0.293;0.943;0.31;0.667;153;165;0.0738;0.427;0.00609;0.00658; 54640;6082;18221;12;14.6;38;0.282;0.952;0.297;0.667;146;157;0.0703;0.399;0.00605;0.0065; 49840;5691;17141;12;14.7;39;0.00112;0.727;0.00154;0.663;0.132;2.21;0.94;0.0452;0.00138;0.0231; 24320;0;2;12;17.4;48;9.88e+03;9.61e+03;4.99e+03; 50%; 49%; 25%;9.24e+03;4.62e+03;9.95e+03; 47%; 23%; 50%;9.23e+03;9.68e+03;4.37e+03; 47%; 49%; 22%;5.44e+03;5.68e+03;6.16e+03; 27%; 28%; 31%;49.4;48.5;0;2.08;0;0;0;0;0;46.6;48.4;0;5.07;0;0;0;0;0;44.5;48.6;0;6.89;0;0;0;0;0;0.232;53.1;0;46.6;0;7.62;0;0;0;96.6;91.4;99.6;61.8;27.8 ;28.5 ;29.3 ;28.3 ;
2017-09-04;14:16:52.752;0.67;2.67;0.251;0.667;635;735;0.136;0.317;0.00279;0.00323;49.5;33.7;2.28e+05;8.52e+04;2.13e+03;5.35;134;1.34;33.5;7.89e+04;37.6;52.6;0;9.86;0;0;0;0;0;399;101;0.89;2.66;0.334;0.667;214;247;0.131;0.309;0.00283;0.00326; 52000;4554;13346;12.4;8.04;37;0.893;2.68;0.333;0.667;211;243;0.133;0.323;0.00278;0.0032; 44000;4587;13446;12.4;8.01;37;0.895;2.68;0.333;0.667;210;242;0.136;0.321;0.00275;0.00319; 54080;4492;13235;12.4;8.03;38;0.00127;1.16;0.00109;0.667;0.128;2.53;0.949;0.0448;0.00119;0.0235; 24080;0;1;12.4;9.66;47;8.17e+03;8.1e+03;3.77e+03; 42%; 41%; 19%;8.09e+03;3.76e+03;8.23e+03; 41%; 19%; 42%;8.1e+03;8.17e+03;3.71e+03; 41%; 42%; 19%;6.23e+03;6.25e+03;6.35e+03; 32%; 32%; 32%;50.1;49.9;0;0;0;0;0;0;0;50;50;0;0;0;0;0;0;0;50;50;0;0;0;0;0;0;0;0.164;60.4;0;39.4;0;0;0;0;0;109;109;117;62.9;24.7 ;25.4 ;26 ;24.6 ;
2017-09-04;14:16:53.765;0.631;2.57;0.246;0.667;650;740;0.122;0.296;0.00303;0.00345;51.1;33.3;2.15e+05;8.36e+04;2.12e+03;5.14;128;1.26;31.6;8.09e+04;36.8;52.9;0.000418;10.3;0;0;0;0;0;395;101;0.852;2.6;0.328;0.667;211;241;0.126;0.297;0.00291;0.00332; 49440;4545;13434;12.8;7.96;38;0.835;2.56;0.326;0.667;217;245;0.115;0.299;0.00305;0.00345; 55120;4949;14466;12.7;7.91;39;0.835;2.55;0.328;0.667;223;252;0.117;0.293;0.00313;0.00355; 53600;4647;14036;12.7;7.91;39;0.00119;1.1;0.00108;0.667;0.135;2.34;0.943;0.0498;0.00133;0.0232; 24080;0;2;12.8;9.54;48;8.34e+03;8.46e+03;3.83e+03; 42%; 43%; 19%;8.45e+03;3.83e+03;8.2e+03; 43%; 19%; 42%;8.3e+03;8.16e+03;3.8e+03; 42%; 41%; 19%;6.63e+03;6.49e+03;6.39e+03; 34%; 33%; 32%;49.2;48.8;0;2.02;0;0;0;0;0;48.9;49.8;0;1.31;0;0;0;0;0;49.2;49.7;0;1.13;0;0;0;0;0;0.162;63.2;0.00167;36.6;0;0;0;0;0;107;107;116;64.6;25 ;25.3 ;26.2 ;24.8 ;
2017-09-04;14:16:54.777;0.647;2.85;0.227;0.667;463;583;0.205;0.531;0.00211;0.00265;35.3;29;2.2e+05;7.72e+04;2.13e+03;5.71;143;1.29;32.4;5.82e+04;34;50.7;0.00517;15.2;0;0;0;0;0;371;88.4;0.853;2.81;0.304;0.667;161;202;0.199;0.538;0.00223;0.00278; 56160;3309;9864;8.85;6.92;37;0.868;2.88;0.302;0.667;153;191;0.198;0.513;0.00207;0.00259; 50720;3294;9820;8.82;6.92;37;0.866;2.88;0.301;0.667;149;188;0.208;0.543;0.00202;0.00255; 52960;3110;9340;8.86;6.95;38;0.00142;1.22;0.00117;0.667;0.123;2.37;0.948;0.0548;0.00102;0.0196; 24480;1;3;8.77;8.26;47;6.06e+03;5.97e+03;2.86e+03; 31%; 30%; 14%;5.95e+03;2.83e+03;6.2e+03; 30%; 14%; 31%;6.03e+03;6.24e+03;2.82e+03; 31%; 32%; 14%;4.26e+03;4.34e+03;4.58e+03; 21%; 22%; 23%;45.5;46;0.0207;8.41;0;0;0;0;0;45.3;47.5;0;7.18;0;0;0;0;0;45.1;47.3;0;7.55;0;0;0;0;0;0.175;62.1;0;37.8;0;0;0;0;0;102;102;109;58;21.7 ;22.2 ;23.1 ;21.5 ;
2017-09-04;14:16:55.788;0.727;2.9;0.251;0.667;517;625;0.173;0.365;0.00209;0.00253;39.1;31.9;2.47e+05;8.52e+04;2.13e+03;5.81;145;1.45;36.4;6.42e+04;37.6;55.4;0;7.06;0;0;0;0;0;399;94.3;0.965;2.89;0.334;0.667;176;212;0.169;0.352;0.00215;0.00259; 52560;3647;10926;9.81;7.62;37;0.971;2.91;0.334;0.667;171;206;0.17;0.373;0.00207;0.0025; 51520;3734;11226;9.76;7.61;37;0.971;2.91;0.333;0.667;170;205;0.17;0.374;0.00206;0.00248; 52800;3544;10653;9.78;7.62;38;0.00128;1.25;0.00102;0.667;0.134;2.48;0.946;0.0469;0.00123;0.0228; 24400;0;3;9.69;9.07;48;6.7e+03;6.64e+03;3.14e+03; 34%; 34%; 16%;6.65e+03;3.13e+03;6.81e+03; 34%; 16%; 35%;6.67e+03;6.79e+03;3.12e+03; 34%; 34%; 16%;4.79e+03;4.84e+03;4.96e+03; 24%; 24%; 25%;50.1;49.9;0;0;0;0;0;0;0;50;50;0;0;0;0;0;0;0;50;50;0;0;0;0;0;0;0;0.153;71.6;0;28.3;0;0;0;0;0;109;110;118;61.2;23.2 ;23.6 ;24.6 ;22.9 ;
2017-09-04;14:16:56.800;0.507;2.23;0.228;0.667;559;744;0.249;0.594;0.00324;0.00431;39.4;44.9;1.72e+05;7.74e+04;2.12e+03;4.46;111;1.01;25.4;6.95e+04;34.1;53.6;0;12.3;0;0;0;0;0;360;98.6;0.705;2.26;0.313;0.667;185;250;0.258;0.608;0.00309;0.00417; 51280;3393;11811;8.74;9.31;37;0.661;2.21;0.3;0.667;179;239;0.25;0.599;0.00318;0.00425; 51200;3617;12438;8.62;9.3;37;0.662;2.23;0.297;0.667;194;253;0.233;0.575;0.00345;0.00451; 53600;6735;11166;13.4;15.2;37;0.00111;1.11;0.000995;0.667;0.119;2.21;0.946;0.0462;0.00127;0.0234; 24640;1;3;8.64;11.1;48;6.54e+03;8.28e+03;3.24e+03; 33%; 42%; 16%;8.36e+03;3.14e+03;6.61e+03; 43%; 16%; 34%;8.63e+03;8.6e+03;3.31e+03; 44%; 44%; 17%;4.32e+03;4.13e+03;4.29e+03; 22%; 21%; 22%;46.9;46.8;0;6.31;0;0;0;0;0;44.9;47.4;0;7.64;0;0;0;0;0;44.6;47.5;0;7.96;0;0;0;0;0;0.149;72.6;0;27.3;0;0;0;0;0;98.1;96.3;105;59.8;22.8 ;23.3 ;29.6 ;22.9 ;
2017-09-04;14:16:57.812;0.545;2.17;0.251;0.667;643;841;0.235;0.495;0.00347;0.00454;45.1;52.1;1.85e+05;8.52e+04;2.13e+03;4.35;109;1.09;27.2;7.95e+04;37.6;56.8;0;5.63;0;0;0;0;0;381;108;0.737;2.21;0.334;0.667;204;272;0.249;0.505;0.00326;0.00434; 49360;3728;13063;9.87;10.8;37;0.717;2.15;0.334;0.667;208;272;0.236;0.502;0.00341;0.00446; 53520;4182;14637;9.73;10.6;37;0.724;2.17;0.333;0.667;231;295;0.215;0.483;0.00376;0.00479; 54880;8652;13337;15.7;17.9;37;0.00128;1.15;0.00112;0.667;0.133;2.54;0.948;0.046;0.00122;0.0233; 24720;1;5;9.76;12.7;47;7.35e+03;9.49e+03;3.56e+03; 37%; 48%; 18%;9.86e+03;3.6e+03;7.38e+03; 50%; 18%; 38%;1.02e+04;9.79e+03;3.9e+03; 52%; 50%; 20%;5.02e+03;4.68e+03;4.68e+03; 25%; 24%; 24%;50.1;49.9;0;0;0;0;0;0;0;50;50;0;0;0;0;0;0;0;50;50;0;0;0;0;0;0;0;0.168;77.3;0;22.5;0;0;0;0;0;103;103;113;62.2;24.8 ;25.3 ;32.8 ;24.7 ;
2017-09-04;14:16:58.824;0.542;2.17;0.25;0.667;637;835;0.237;0.496;0.00345;0.00453;44.7;51.7;1.84e+05;8.52e+04;2.12e+03;4.33;108;1.08;27.1;7.9e+04;37.6;54;0;8.4;0;0;0;0;0;380;108;0.731;2.19;0.334;0.667;205;273;0.247;0.502;0.00331;0.00439; 51440;3806;13068;9.79;10.7;37;0.716;2.15;0.333;0.667;205;269;0.239;0.504;0.00337;0.00442; 52400;4145;14409;9.7;10.6;37;0.721;2.16;0.333;0.667;227;290;0.219;0.485;0.0037;0.00473; 54720;8311;12887;15.6;17.8;37;0.00128;1.13;0.00114;0.667;0.133;2.55;0.948;0.0455;0.00122;0.0234; 24480;0;2;9.69;12.6;47;7.35e+03;9.46e+03;3.57e+03; 37%; 48%; 18%;9.72e+03;3.57e+03;7.4e+03; 50%; 18%; 38%;1e+04;9.78e+03;3.83e+03; 51%; 50%; 19%;4.95e+03;4.66e+03;4.67e+03; 25%; 23%; 24%;50.1;49.9;0;0;0;0;0;0;0;50;50;0;0;0;0;0;0;0;50;50;0;0;0;0;0;0;0;0.171;66.2;0;33.6;0;0;0;0;0;103;103;113;61.2;24.8 ;25.2 ;32.8 ;24.7 ;
2017-09-04;14:16:59.848;0.191;0.895;0.213;0.667;399;450;0.112;0.303;0.00611;0.00688;40.9;55.2;6.54e+04;7.3e+04;2.13e+03;1.79;44.8;0.382;9.55;7.71e+04;32;53.6;0;14.4;0;0.483;0;0;0;328;104;0.242;0.864;0.279;0.667;119;136;0.124;0.313;0.00577;0.00658; 51760;4671;14277;10.1;13.1;37;0.272;0.924;0.295;0.667;145;162;0.105;0.308;0.00624;0.00697; 50320;5316;16414;10;12.7;39;0.25;0.895;0.279;0.667;135;150;0.0998;0.29;0.00633;0.00703; 52880;5805;15964;10.8;13.9;39;0.00093;0.787;0.00118;0.667;0.118;1.77;0.934;0.0477;0.00148;0.0222; 24880;0;4;10;15.5;47;8.15e+03;8.26e+03;3.77e+03; 41%; 42%; 19%;8.98e+03;4.19e+03;8.03e+03; 45%; 21%; 41%;9.06e+03;8.16e+03;4.14e+03; 46%; 41%; 21%;4.91e+03;4.98e+03;4.47e+03; 25%; 25%; 22%;41.9;41.7;0;16.4;0;1.94;0;0;0;44.2;46.8;0;8.97;0;0;0;0;0;41.9;45.8;0;12.3;0;0;0;0;0;0.177;79.9;0;19.9;0;0;0;0;0;86.8;86.2;93.4;61.8;25.4 ;25.5 ;27.5 ;25.8 ;
2017-09-04;14:17:00.860;0.116;0.465;0.249;0.667;448;452;0.00954;0.0083;0.0113;0.0114;50.7;70.8;3.97e+04;8.53e+04;2.15e+03;0.931;23.3;0.232;5.8;9.67e+04;37.4;50.9;0;11.7;0;0;0;0;0;346;121;0.146;0.435;0.336;0.667;142;143;0.00622;0.00873;0.0113;0.0114; 51840;6504;19490;12.7;17;37;0.161;0.481;0.334;0.667;156;157;0.00347;0.00766;0.0113;0.0114; 50080;7140;21407;12.7;16.7;39;0.156;0.479;0.325;0.667;150;150;0.00391;0.00794;0.0113;0.0113; 50640;6880;20653;12.7;16.9;38;0.00122;0.711;0.00172;0.667;0.127;2.42;0.948;0.0451;0.00122;0.0232; 23840;0;6;12.7;20.2;47;1.06e+04;1.04e+04;4.98e+03; 54%; 52%; 25%;1.07e+04;5.33e+03;1.05e+04; 54%; 27%; 53%;1.07e+04;1.03e+04;5.16e+03; 54%; 52%; 26%;6.01e+03;6.22e+03;5.8e+03; 30%; 31%; 29%;50.4;49.6;0;0;0;0;0;0;0;50.1;49.8;0;0.111;0;0;0;0;0;48.8;50.5;0;0.697;0;0;0;0;0;0.258;53.7;0;46;0;0;0;0;0;93.9;89.9;100;62.3;29.8 ;29.9 ;30.7 ;30.4 ;
2017-09-04;14:17:01.873;0.618;2.61;0.236;0.667;593;719;0.174;0.578;0.00283;0.00342;46.1;34;2.1e+05;8.03e+04;2.13e+03;5.23;131;1.24;30.9;7.46e+04;35.4;48.9;0;15.7;0;0;0;0;0;386;99.2;0.841;2.57;0.327;0.667;210;253;0.167;0.577;0.00294;0.00354; 51120;4860;14162;11.6;7.84;37;0.809;2.62;0.309;0.667;198;238;0.169;0.578;0.00287;0.00346; 61680;4314;12722;11.5;8.2;37;0.819;2.66;0.308;0.667;185;226;0.179;0.582;0.00266;0.00324; 55680;3936;11621;11.5;8.23;38;0.00118;1.11;0.00106;0.667;0.132;2.32;0.943;0.0458;0.00132;0.0232; 24640;1;7;11.5;9.74;47;8.1e+03;7.81e+03;3.98e+03; 41%; 40%; 20%;7.25e+03;3.41e+03;7.93e+03; 37%; 17%; 40%;7.46e+03;7.86e+03;3.36e+03; 38%; 40%; 17%;5.51e+03;5.75e+03;6.19e+03; 28%; 29%; 31%;49.1;48.9;0;2.03;0;0;0;0;0;46.3;48;0;5.7;0;0;0;0;0;46.2;48.5;0;5.32;0;0;0;0;0;0.159;50.2;0;49.6;0;0;0;0;0;107;105;113;61;24.4 ;24.9 ;25.9 ;24.1 ;
2017-09-04;14:17:02.885;0.616;2.46;0.251;0.667;642;730;0.121;0.295;0.00306;0.00348;51;33;2.09e+05;8.52e+04;2.13e+03;4.91;123;1.23;30.8;8.06e+04;37.6;51.1;0.000104;11.3;0;0;0;0;0;394;101;0.813;2.43;0.334;0.667;217;244;0.113;0.288;0.00314;0.00354; 49120;4633;13840;12.8;7.87;37;0.829;2.49;0.334;0.667;214;242;0.118;0.301;0.00303;0.00344; 56960;4893;14292;12.7;7.83;37;0.821;2.46;0.333;0.667;211;240;0.121;0.299;0.00303;0.00344; 48800;4350;13064;12.7;7.86;38;0.00152;1.03;0.00148;0.667;0.17;2.65;0.936;0.102;0.00131;0.0205; 27760;3;6;12.7;9.45;47;8.3e+03;8.24e+03;3.8e+03; 42%; 42%; 19%;8.25e+03;3.83e+03;8.37e+03; 42%; 19%; 43%;8.24e+03;8.31e+03;3.77e+03; 42%; 42%; 19%;6.44e+03;6.48e+03;6.56e+03; 33%; 33%; 33%;50.1;49.9;0;0;0;0;0;0;0;50;50;0;0;0;0;0;0;0;50;50;0;0;0;0;0;0;0;0.222;54.6;0.000416;45.2;0;0;0;0;0;107;108;116;63.2;24.7 ;25.3 ;26.3 ;24.7 ;
2017-09-04;14:17:03.897;0.581;2.66;0.218;0.667;468;611;0.234;0.658;0.00237;0.00309;35.8;27.7;1.98e+05;7.42e+04;2.12e+03;5.33;133;1.16;29.1;5.84e+04;32.7;48.7;0.00853;18.6;0;0;0;0;0;360;87.7;0.779;2.63;0.296;0.667;162;209;0.227;0.659;0.00245;0.00316; 51360;3498;10210;8.99;6.57;37;0.775;2.7;0.287;0.667;152;199;0.238;0.669;0.00231;0.00303; 53360;3315;9785;8.96;6.6;37;0.77;2.67;0.288;0.667;154;200;0.229;0.647;0.00236;0.00306; 52640;3315;9979;8.97;6.6;38;0.00105;1.1;0.00095;0.667;0.107;2.08;0.948;0.0461;0.00121;0.0234; 27840;0;5;8.92;7.88;48;6.03e+03;6.08e+03;2.87e+03; 31%; 31%; 14%;6.03e+03;2.8e+03;6.18e+03; 31%; 14%; 31%;5.96e+03;6.19e+03;2.8e+03; 30%; 31%; 14%;4.45e+03;4.37e+03;4.65e+03; 22%; 22%; 23%;44.4;44.7;0.0341;10.8;0;0;0;0;0;43.1;44.5;0;12.4;0;0;0;0;0;43.2;45.9;0;10.9;0;0;0;0;0;0.142;59.6;0;40.3;0;0;0;0;0;98.5;97.7;105;58.2;21.5 ;22 ;22.9 ;21.3 ;
2017-09-04;14:17:04.908;0.725;2.89;0.251;0.667;525;634;0.172;0.36;0.00213;0.00257;39.8;32;2.46e+05;8.52e+04;2.13e+03;5.78;145;1.45;36.2;6.53e+04;37.6;51.7;0.000337;10.7;0;0;0;0;0;398;94.9;0.961;2.88;0.334;0.667;179;215;0.168;0.347;0.00219;0.00264; 53280;3688;10815;10;7.65;37;0.966;2.9;0.334;0.667;175;211;0.168;0.365;0.00214;0.00257; 52080;3745;11166;9.96;7.63;37;0.97;2.91;0.334;0.667;170;205;0.171;0.371;0.00206;0.00249; 52240;3522;10529;9.98;7.65;38;0.00154;1.25;0.00123;0.667;0.133;2.6;0.949;0.0538;0.00102;0.0199; 27760;0;5;9.86;9.1;48;6.82e+03;6.72e+03;3.18e+03; 35%; 34%; 16%;6.72e+03;3.17e+03;6.89e+03; 34%; 16%; 35%;6.81e+03;6.93e+03;3.17e+03; 35%; 35%; 16%;4.83e+03;4.95e+03;5.07e+03; 24%; 25%; 26%;50.1;49.9;0;0;0;0;0;0;0;50;50;0;0;0;0;0;0;0;50;50;0;0;0;0;0;0;0;0.185;56.9;0.00135;42.9;0;0;0;0;0;110;110;118;59.9;23.3 ;23.8 ;24.7 ;23 ;
2017-09-04;14:17:05.921;0.56;2.54;0.22;0.667;493;640;0.23;0.586;0.00259;0.00336;35.8;35.8;1.9e+05;7.49e+04;2.12e+03;5.09;127;1.12;28;6.14e+04;33;49.2;0;17.8;0;0;0;0;0;358;92;0.77;2.55;0.302;0.667;168;218;0.23;0.584;0.00257;0.00333; 51040;3358;10650;8.44;7.82;37;0.737;2.53;0.291;0.667;161;208;0.228;0.595;0.00257;0.00333; 53360;3334;10910;8.36;7.84;38;0.732;2.55;0.287;0.667;164;211;0.224;0.583;0.00264;0.0034; 56080;4631;9784;10.7;10.9;37;0.00108;1.13;0.000956;0.667;0.114;2.13;0.946;0.0465;0.00124;0.0232; 28000;0;3;8.3;9.32;48;6.1e+03;6.91e+03;2.95e+03; 31%; 35%; 15%;6.91e+03;2.87e+03;6.19e+03; 35%; 14%; 31%;7.07e+03;7.16e+03;2.9e+03; 36%; 36%; 14%;4.07e+03;4.05e+03;4.22e+03; 20%; 20%; 21%;45.3;45.2;0;9.51;0;0;0;0;0;43.7;44.9;0;11.4;0;0;0;0;0;43;46.2;0;10.8;0;0;0;0;0;0.143;60.3;0;39.5;0;0;0;0;0;98.6;96.9;105;57.9;21.8 ;22.3 ;26.2 ;21.6 ;
2017-09-04;14:17:06.934;0.546;2.18;0.251;0.667;639;838;0.238;0.497;0.00344;0.00451;44.8;51.7;1.86e+05;8.52e+04;2.13e+03;4.36;109;1.09;27.3;7.92e+04;37.6;52.9;0;9.49;0;0;0;0;0;380;108;0.726;2.17;0.334;0.667;209;276;0.243;0.498;0.00338;0.00446; 51600;3863;13364;9.85;10.7;37;0.728;2.18;0.333;0.667;203;269;0.244;0.508;0.00328;0.00434; 52000;4134;14447;9.71;10.6;37;0.73;2.19;0.333;0.667;227;291;0.22;0.487;0.00366;0.00469; 56240;8319;13050;15.6;17.8;37;0.00127;1.11;0.00115;0.667;0.137;2.53;0.946;0.0464;0.00126;0.0233; 27760;0;5;9.73;12.7;47;7.38e+03;9.62e+03;3.64e+03; 37%; 49%; 18%;9.59e+03;3.54e+03;7.4e+03; 49%; 18%; 38%;9.89e+03;9.94e+03;3.84e+03; 50%; 51%; 19%;4.96e+03;4.63e+03;4.75e+03; 25%; 23%; 24%;50.1;49.9;0;0;0;0;0;0;0;50;50;0;0;0;0;0;0;0;50;50;0;0;0;0;0;0;0;0.172;61.9;0;38;0;0;0;0;0;103;103;113;60.8;24.9 ;25.4 ;33 ;24.7 ;
2017-09-04;14:17:07.945;0.544;2.17;0.251;0.667;638;836;0.237;0.496;0.00345;0.00452;44.8;51.7;1.85e+05;8.52e+04;2.13e+03;4.34;109;1.09;27.2;7.9e+04;37.6;54.7;0;7.71;0;0;0;0;0;381;108;0.734;2.2;0.334;0.667;207;274;0.247;0.502;0.00331;0.0044; 50400;3881;13251;9.8;10.7;37;0.72;2.16;0.333;0.667;202;267;0.243;0.507;0.0033;0.00436; 51840;4091;14368;9.69;10.6;37;0.719;2.16;0.333;0.667;229;292;0.216;0.483;0.00374;0.00477; 54400;8552;13281;15.6;17.8;37;0.00127;1.15;0.0011;0.667;0.128;2.53;0.949;0.0465;0.00119;0.0235; 28160;0;2;9.72;12.6;48;7.3e+03;9.54e+03;3.6e+03; 37%; 49%; 18%;9.66e+03;3.53e+03;7.34e+03; 49%; 18%; 37%;9.96e+03;9.87e+03;3.86e+03; 51%; 50%; 19%;4.97e+03;4.62e+03;4.73e+03; 25%; 23%; 24%;50.1;49.9;0;0;0;0;0;0;0;50;50;0;0;0;0;0;0;0;50;50;0;0;0;0;0;0;0;0.165;69;0;30.8;0;0;0;0;0;103;103;113;61.5;24.8 ;25.2 ;32.7 ;24.8 ;
2017-09-04;14:17:08.972;0.362;1.7;0.213;0.667;477;604;0.21;0.463;0.00385;0.00487;39;48.3;1.24e+05;7.28e+04;2.13e+03;3.41;85.1;0.724;18.1;7.11e+04;31.9;51.4;0;16.7;0;0;0;0;0;342;100;0.486;1.71;0.284;0.667;154;197;0.22;0.469;0.0037;0.00475; 51440;3930;12683;9.1;10.7;37;0.489;1.69;0.289;0.667;159;201;0.209;0.469;0.00381;0.00481; 52560;4204;13717;8.99;10.6;39;0.473;1.71;0.277;0.667;164;204;0.196;0.454;0.00404;0.00502; 52320;6284;12910;11.9;14.3;39;0.000923;0.882;0.00105;0.667;0.108;1.84;0.941;0.0467;0.00137;0.0232; 27920;0;5;9.04;12.8;47;7.1e+03;8.14e+03;3.41e+03; 36%; 41%; 17%;8.34e+03;3.52e+03;7.08e+03; 42%; 17%; 36%;8.5e+03;8.26e+03;3.59e+03; 43%; 42%; 18%;4.47e+03;4.39e+03;4.28e+03; 22%; 22%; 21%;42.6;42.7;0;14.8;0;0;0;0;0;43.3;44.3;0;12.4;0;0;0;0;0;41.6;47.2;0;11.2;0;0;0;0;0;0.157;71.5;0;28.3;0;0;0;0;0;91.6;91.3;98.8;60.3;23.7 ;24.2 ;28.2 ;23.9 ;
2017-09-04;14:17:09.993;0.115;0.459;0.251;0.667;447;451;0.00959;0.00834;0.0113;0.0114;51;71.1;3.97e+04;8.65e+04;2.16e+03;0.917;22.9;0.231;5.76;9.71e+04;37.7;52.3;0.000203;10;0;0;0;0;0;350;122;0.144;0.428;0.336;0.667;140;141;0.00608;0.00873;0.0113;0.0114; 52160;6502;19234;12.8;17.1;38;0.157;0.471;0.334;0.667;153;153;0.0035;0.00788;0.0113;0.0114; 51360;7024;21040;12.7;16.8;39;0.159;0.476;0.334;0.667;154;155;0.00347;0.00781;0.0113;0.0113; 53200;7078;21243;12.8;16.8;38;0.00127;0.69;0.00184;0.667;0.139;2.54;0.945;0.0449;0.00127;0.0233; 28160;0;8;12.7;20.3;47;1.04e+04;1.05e+04;4.89e+03; 53%; 53%; 24%;1.09e+04;5.3e+03;1.03e+04; 55%; 26%; 52%;1.09e+04;1.04e+04;5.35e+03; 55%; 52%; 27%;6.23e+03;6.18e+03;5.69e+03; 31%; 31%; 28%;50.3;49.7;0;0;0;0;0;0;0;50.1;49.9;0;0;0;0;0;0;0;50.1;49.9;0;0;0;0;0;0;0;0.276;59.6;0.000814;40.1;0;0;0;0;0;94;90.4;102;63.7;30 ;30.1 ;31 ;30.7 ;
2017-09-04;14:17:11.006;0.413;1.76;0.235;0.667;523;619;0.155;0.611;0.0037;0.00439;46;47.6;1.41e+05;8.03e+04;2.14e+03;3.51;87.8;0.826;20.6;8.04e+04;35.3;39.2;0.000311;25.5;0;20;0;0;0;362;106;0.564;1.72;0.328;0.667;190;220;0.137;0.568;0.00394;0.00457; 51680;5850;17062;11.6;11.1;37;0.546;1.77;0.309;0.667;169;201;0.159;0.629;0.00363;0.00432; 47840;5087;15033;11.5;11.4;37;0.54;1.79;0.301;0.667;163;195;0.163;0.637;0.00354;0.00423; 52640;4715;14090;11.5;11.5;38;0.00113;0.862;0.00131;0.637;0.112;2.25;0.95;0.0452;0.00116;0.0233; 27920;2;0;11.5;13.6;47;8.84e+03;8.61e+03;4.48e+03; 45%; 44%; 22%;8.08e+03;3.94e+03;8.91e+03; 41%; 20%; 45%;8.12e+03;8.72e+03;3.79e+03; 41%; 44%; 19%;5.32e+03;5.49e+03;6.12e+03; 27%; 28%; 31%;49.3;48.9;0;1.87;0;0;0;0;0;46.3;46.1;0;7.54;0;4.94;0;0;0;45.2;45;0;9.84;0;9.06;0;0;0;0.206;16.8;0.00125;83;0;66.2;0;0;0;101;97.8;106;57.6;25.7 ;26.4 ;27.3 ;26.2 ;
2017-09-04;14:17:12.018;0.616;2.46;0.251;0.667;615;704;0.127;0.303;0.00294;0.00336;48.4;32.1;2.1e+05;8.52e+04;2.13e+03;4.92;123;1.23;30.8;7.68e+04;37.6;52.8;0;9.6;0;0;0;0;0;393;99.2;0.818;2.45;0.334;0.667;200;228;0.124;0.301;0.00287;0.00328; 49840;4243;12922;12.2;7.68;37;0.809;2.43;0.333;0.667;213;242;0.12;0.299;0.00309;0.00351; 50160;4873;14293;12.1;7.62;37;0.836;2.51;0.333;0.667;203;232;0.128;0.31;0.00285;0.00327; 53520;4314;12802;12.1;7.64;38;0.00126;1.13;0.00112;0.667;0.13;2.51;0.948;0.0453;0.00121;0.0234; 28080;0;5;12.1;9.2;47;8.1e+03;7.87e+03;3.64e+03; 41%; 40%; 18%;7.84e+03;3.63e+03;7.81e+03; 40%; 18%; 40%;8.07e+03;7.8e+03;3.63e+03; 41%; 40%; 18%;6.1e+03;6.3e+03;6.06e+03; 31%; 32%; 31%;50.1;49.9;0;0;0;0;0;0;0;50;50;0;0;0;0;0;0;0;50;50;0;0;0;0;0;0;0;0.169;61.4;0;38.4;0;0;0;0;0;107;107;116;63;24.4 ;24.9 ;25.6 ;24.3 ;
2017-09-04;14:17:13.030;0.495;2.29;0.216;0.667;487;563;0.135;0.372;0.00289;0.00334;38.4;26;1.68e+05;7.33e+04;2.12e+03;4.59;115;0.99;24.7;6.11e+04;32.4;51.7;0.00501;15.9;0;0.439;0;0;0;352;89;0.669;2.27;0.295;0.667;162;187;0.134;0.385;0.00284;0.00328; 50400;3512;10088;9.63;6.16;39;0.669;2.15;0.312;0.667;183;207;0.113;0.354;0.00322;0.00363; 51680;3999;11844;9.57;6.08;37;0.641;2.51;0.255;0.667;142;167;0.152;0.381;0.0026;0.00307; 50400;2861;8579;9.59;6.29;39;0.000956;1.06;0.000902;0.667;0.102;1.89;0.946;0.0464;0.00125;0.0233; 28000;0;6;9.59;7.43;48;6.8e+03;5.89e+03;2.95e+03; 35%; 30%; 15%;5.91e+03;2.97e+03;6.39e+03; 30%; 15%; 32%;6.62e+03;6.17e+03;2.76e+03; 34%; 31%; 14%;4.41e+03;5.31e+03;4.89e+03; 22%; 27%; 25%;44.2;44.3;0.02;11.4;0;1.75;0;0;0;46.7;48.5;0;4.75;0;0;0;0;0;38.3;47.5;0;14.2;0;0;0;0;0;0.135;66.5;0;33.4;0;0;0;0;0;96.2;97.4;100;58.8;22.1 ;22.1 ;23.4 ;21.4 ;
2017-09-04;14:17:14.041;0.719;2.87;0.251;0.667;528;636;0.17;0.364;0.00216;0.0026;40;32;2.44e+05;8.52e+04;2.13e+03;5.74;143;1.44;35.9;6.56e+04;37.6;54.8;0.000478;7.6;0;0;0;0;0;398;94.7;0.937;2.81;0.334;0.667;188;224;0.158;0.34;0.00236;0.00281; 50640;3686;11001;10;7.63;37;0.967;2.9;0.334;0.667;171;206;0.171;0.378;0.00208;0.00251; 51280;3708;11032;9.99;7.64;36;0.968;2.9;0.334;0.667;169;203;0.171;0.378;0.00205;0.00247; 52320;3520;10493;10;7.66;37;0.00153;1.26;0.00122;0.667;0.135;2.58;0.948;0.0543;0.00104;0.0199; 28400;1;6;9.96;9.11;47;6.75e+03;6.68e+03;3.21e+03; 34%; 34%; 16%;6.67e+03;3.18e+03;7.07e+03; 34%; 16%; 36%;6.71e+03;7.12e+03;3.18e+03; 34%; 36%; 16%;4.83e+03;4.88e+03;5.3e+03; 24%; 25%; 27%;50.1;49.9;0;0;0;0;0;0;0;50;50;0;0;0;0;0;0;0;50;50;0;0;0;0;0;0;0;0.183;69.4;0.00191;30.4;0;0;0;0;0;109;110;118;61.2;23.3 ;23.7 ;24.7 ;23 ;
2017-09-04;14:17:15.055;0.679;2.89;0.235;0.667;482;582;0.172;0.364;0.00209;0.00252;36.1;29.7;2.31e+05;7.99e+04;2.12e+03;5.78;144;1.36;33.9;5.95e+04;35.2;40.8;0;24;0;16.5;0;0;0;380;90.7;0.928;2.86;0.325;0.667;173;207;0.164;0.346;0.00219;0.00263; 50560;3608;10773;9.07;7.03;39;0.896;2.91;0.308;0.667;155;187;0.171;0.375;0.00204;0.00246; 49840;3410;10181;9.03;7.11;39;0.889;2.91;0.306;0.667;153;185;0.172;0.375;0.00203;0.00245; 53600;3239;9655;9.07;7.13;40;0.00115;1.11;0.00104;0.626;0.123;2.3;0.946;0.0458;0.00126;0.0234; 27920;0;3;8.94;8.43;48;6.18e+03;6.14e+03;2.99e+03; 31%; 31%; 15%;6.02e+03;2.87e+03;6.45e+03; 30%; 14%; 33%;6.06e+03;6.45e+03;2.85e+03; 31%; 33%; 14%;4.33e+03;4.37e+03;4.76e+03; 22%; 22%; 24%;48.7;48.5;0;2.84;0;0;0;0;0;46.2;47.9;0;5.91;0;0;0;0;0;45.9;48;0;6.17;0;0;0;0;0;0.166;18.8;0;81.1;0;65.9;0;0;0;107;105;113;55.5;22.3 ;22.8 ;23.7 ;21.9 ;
2017-09-04;14:17:16.068;0.478;2.15;0.222;0.667;555;737;0.247;0.553;0.00341;0.00453;39.4;45.5;1.63e+05;7.55e+04;2.13e+03;4.31;108;0.956;23.9;6.97e+04;33.3;52.3;0;14.4;0;0;0;0;0;351;98.3;0.641;2.15;0.298;0.667;184;245;0.249;0.553;0.00337;0.00449; 50720;3363;11821;8.65;9.36;37;0.629;2.14;0.294;0.667;176;235;0.252;0.561;0.00328;0.00439; 52960;3570;12384;8.55;9.38;37;0.639;2.17;0.294;0.667;195;255;0.235;0.547;0.00359;0.00469; 51520;6918;11254;13.7;15.7;37;0.00114;1.14;0.001;0.667;0.123;2.24;0.945;0.0458;0.00128;0.0232; 28400;0;2;8.54;11.1;48;6.51e+03;8.53e+03;3.23e+03; 33%; 43%; 16%;8.39e+03;3.1e+03;6.54e+03; 43%; 15%; 33%;8.64e+03;8.83e+03;3.34e+03; 44%; 45%; 17%;4.32e+03;4.05e+03;4.21e+03; 22%; 20%; 21%;44.8;44.8;0;10.4;0;0;0;0;0;44.1;46.8;0;9.12;0;0;0;0;0;44.1;46.8;0;9.11;0;0;0;0;0;0.15;70.9;0;28.9;0;0;0;0;0;94.5;94.2;104;58.6;22.6 ;23.2 ;29.6 ;22.7 ;
2017-09-04;14:17:17.080;0.543;2.17;0.251;0.667;632;831;0.239;0.497;0.00342;0.0045;44.5;51.3;1.85e+05;8.52e+04;2.13e+03;4.33;108;1.09;27.1;7.85e+04;37.6;55.6;0.000713;6.79;0;0;0;0;0;381;107;0.72;2.15;0.334;0.667;207;273;0.243;0.498;0.00338;0.00446; 52800;3834;13191;9.76;10.6;37;0.723;2.17;0.334;0.667;202;267;0.244;0.508;0.00329;0.00435; 52400;4126;14370;9.65;10.5;37;0.728;2.18;0.333;0.667;223;288;0.223;0.489;0.00361;0.00465; 53360;8064;12967;15.4;17.6;37;0.00127;1.13;0.00112;0.667;0.134;2.52;0.947;0.0469;0.00124;0.0233; 28240;0;6;9.66;12.5;47;7.33e+03;9.5e+03;3.61e+03; 37%; 48%; 18%;9.55e+03;3.53e+03;7.35e+03; 49%; 18%; 37%;9.83e+03;9.82e+03;3.78e+03; 50%; 50%; 19%;4.9e+03;4.63e+03;4.71e+03; 25%; 23%; 24%;50.1;49.9;0;0;0;0;0;0;0;50;50;0;0;0;0;0;0;0;50;50;0;0;0;0;0;0;0;0.168;72.7;0.00285;27.2;0;0;0;0;0;103;103;113;61.8;24.8 ;25.2 ;32.7 ;24.8 ;
2017-09-04;14:17:18.092;0.541;2.16;0.25;0.667;639;835;0.235;0.495;0.00347;0.00454;44.8;51.8;1.84e+05;8.51e+04;2.13e+03;4.32;108;1.08;27.1;7.92e+04;37.6;55.9;0;6.59;0;0;0;0;0;381;108;0.727;2.18;0.334;0.667;205;272;0.246;0.501;0.00331;0.0044; 50640;3854;13060;9.81;10.7;37;0.716;2.15;0.333;0.667;206;270;0.237;0.503;0.00338;0.00443; 52400;4180;14533;9.66;10.6;37;0.721;2.17;0.333;0.667;228;291;0.217;0.484;0.00372;0.00475; 54080;8322;13043;15.6;17.9;37;0.00126;1.14;0.0011;0.667;0.13;2.51;0.948;0.0461;0.00121;0.0235; 28080;0;1;9.72;12.7;47;7.35e+03;9.49e+03;3.58e+03; 37%; 48%; 18%;9.75e+03;3.58e+03;7.37e+03; 50%; 18%; 37%;1.01e+04;9.8e+03;3.84e+03; 51%; 50%; 19%;4.95e+03;4.67e+03;4.7e+03; 25%; 24%; 24%;50.1;49.9;0;0.00326;0;0;0;0;0;50;50;0;0;0;0;0;0;0;49.9;49.9;0;0.202;0;0;0;0;0;0.165;73.7;0;26.2;0;0;0;0;0;103;103;113;61.9;25 ;25.3 ;32.8 ;24.8 ;
2017-09-04;14:17:19.116;0.163;0.764;0.213;0.667;395;441;0.104;0.282;0.0071;0.00793;41.3;56.6;5.57e+04;7.29e+04;2.13e+03;1.53;38.2;0.326;8.14;7.82e+04;31.9;48.7;0.00656;19.3;0;3.03;0;0;0;321;106;0.224;0.775;0.289;0.667;126;142;0.112;0.295;0.0066;0.00743; 50480;5089;15241;10.3;13.5;37;0.225;0.784;0.287;0.667;136;151;0.1;0.288;0.00707;0.00785; 51520;5420;16424;10.2;13.3;39;0.202;0.733;0.276;0.667;134;147;0.09;0.264;0.00771;0.00847; 50720;5674;16433;10.5;13.7;38;0.000947;0.767;0.00124;0.667;0.0973;1.9;0.949;0.0464;0.0012;0.0234; 28160;0;3;10.2;16.1;47;8.37e+03;8.51e+03;3.97e+03; 42%; 43%; 20%;8.77e+03;4.21e+03;8.3e+03; 44%; 21%; 42%;8.79e+03;8.45e+03;4.25e+03; 44%; 43%; 21%;4.99e+03;4.96e+03;4.68e+03; 25%; 25%; 23%;43.3;43.8;0.0263;12.9;0;0;0;0;0;43;43.4;0;13.6;0;0.756;0;0;0;41.4;41.8;0;16.8;0;11.4;0;0;0;0.185;65.8;0;34;0;0;0;0;0;86.7;83.6;90.7;60;25.9 ;26.2 ;27.3 ;26.2 ;
2017-09-04;14:17:20.129;0.114;0.482;0.236;0.667;443;447;0.00962;0.00954;0.0114;0.0115;49.6;68.9;3.89e+04;8.08e+04;2.15e+03;0.963;24.1;0.227;5.68;9.43e+04;35.4;56.2;0;8.38;0;0;0;0;0;345;119;0.159;0.482;0.329;0.667;158;159;0.00594;0.00843;0.0116;0.0117; 45360;7121;21134;12.4;16.3;38;0.15;0.483;0.31;0.667;145;146;0.00471;0.0081;0.0113;0.0114; 49520;6620;19872;12.4;16.4;39;0.145;0.479;0.302;0.667;139;139;0.00375;0.0117;0.0112;0.0113; 53440;6364;19140;12.4;16.5;40;0.00115;0.657;0.00175;0.667;0.132;2.27;0.942;0.0457;0.00135;0.0232; 27840;0;11;12.4;19.7;47;1.05e+04;1.03e+04;5.27e+03; 53%; 52%; 26%;9.98e+03;4.98e+03;1.05e+04; 51%; 25%; 53%;1e+04;1.03e+04;4.83e+03; 51%; 52%; 24%;5.64e+03;5.83e+03;6.16e+03; 28%; 29%; 31%;49.4;48.7;0;1.9;0;0;0;0;0;46.5;48.8;0;4.76;0;0;0;0;0;45.3;48.4;0;6.25;0;0;0;0;0;0.262;79.1;0;20.6;0;0;0;0;0;93.6;88.3;98;65;29.3 ;29.6 ;30.4 ;29.7 ;
2017-09-04;14:17:21.141;0.672;2.68;0.251;0.667;631;733;0.139;0.32;0.00276;0.0032;49;33.6;2.29e+05;8.52e+04;2.13e+03;5.37;134;1.34;33.6;7.82e+04;37.6;54.9;0;7.53;0;0;0;0;0;399;100;0.888;2.66;0.334;0.667;216;249;0.133;0.31;0.00286;0.0033; 57760;4459;13220;12.3;8;36;0.896;2.69;0.334;0.667;213;246;0.134;0.32;0.0028;0.00323; 45280;4734;13818;12.2;7.96;37;0.904;2.71;0.333;0.667;202;235;0.141;0.332;0.00262;0.00305; 52160;4236;12533;12.3;8;37;0.00127;1.17;0.00109;0.667;0.127;2.53;0.95;0.0457;0.00117;0.0234; 28240;0;2;12.2;9.61;47;8.18e+03;7.88e+03;3.73e+03; 42%; 40%; 19%;7.88e+03;3.72e+03;8.2e+03; 40%; 19%; 42%;8.12e+03;8.16e+03;3.68e+03; 41%; 41%; 18%;6.02e+03;6.26e+03;6.33e+03; 30%; 32%; 32%;50.1;49.9;0;0.00275;0;0;0;0;0;50;50;0;0;0;0;0;0;0;50;50;0;0;0;0;0;0;0;0.163;69.7;0;30.1;0;0;0;0;0;109;109;118;62.5;24.5 ;25.3 ;26 ;24.7 ;
2017-09-04;14:17:22.152;0.653;2.61;0.25;0.667;634;730;0.131;0.308;0.00286;0.00329;49.6;33.3;2.22e+05;8.51e+04;2.12e+03;5.21;130;1.31;32.6;7.89e+04;37.6;56.3;0;6.09;0;0;0;0;0;399;101;0.86;2.58;0.334;0.667;214;245;0.125;0.299;0.00293;0.00335; 52320;4742;13853;12.4;7.95;37;0.889;2.67;0.333;0.667;206;239;0.138;0.324;0.00272;0.00316; 52240;4432;13075;12.4;7.93;37;0.861;2.58;0.333;0.667;214;244;0.123;0.304;0.00293;0.00334; 53200;4542;13666;12.4;7.91;37;0.00129;1.16;0.00111;0.667;0.13;2.56;0.949;0.0465;0.00119;0.0234; 28480;0;3;12.4;9.54;47;8.02e+03;8.21e+03;3.75e+03; 41%; 42%; 19%;8.19e+03;3.74e+03;8.21e+03; 42%; 19%; 42%;7.98e+03;8.18e+03;3.72e+03; 41%; 42%; 19%;6.36e+03;6.15e+03;6.37e+03; 32%; 31%; 32%;50.1;49.9;0;0;0;0;0;0;0;50;50;0;0;0;0;0;0;0;50;50;0;0;0;0;0;0;0;0.167;75.5;0;24.4;0;0;0;0;0;108;110;117;64.3;24.8 ;25.4 ;26 ;24.9 ;
2017-09-04;14:17:23.164;0.578;2.73;0.211;0.667;435;568;0.235;0.64;0.00221;0.00289;33;26.6;1.97e+05;7.19e+04;2.12e+03;5.47;137;1.16;28.9;5.42e+04;31.7;50.8;0.00279;17.5;0;2.3;0;0;0;355;84.7;0.789;2.68;0.295;0.667;159;201;0.211;0.607;0.00237;0.003; 49840;3310;9612;8.29;6.27;37;0.752;2.79;0.27;0.667;135;179;0.248;0.663;0.0021;0.0028; 51840;2930;8631;8.25;6.38;37;0.769;2.75;0.28;0.667;141;186;0.24;0.65;0.00216;0.00284; 54640;2897;8741;8.28;6.35;37;0.001;1.12;0.000895;0.667;0.102;1.98;0.949;0.047;0.00119;0.0232; 28480;0;3;8.21;7.56;47;5.52e+03;5.65e+03;2.72e+03; 28%; 29%; 14%;5.51e+03;2.57e+03;5.88e+03; 28%; 13%; 30%;5.41e+03;5.94e+03;2.61e+03; 27%; 30%; 13%;4.04e+03;3.88e+03;4.45e+03; 20%; 19%; 22%;44.2;44.3;0.0112;11.4;0;0;0;0;0;40.5;40.6;0;19;0;9.18;0;0;0;42;42.8;0;15.1;0;0;0;0;0;0.134;75.4;0;24.4;0;0;0;0;0;98;95.1;103;58.5;20.9 ;21.2 ;22.1 ;20.6 ;
2017-09-04;14:17:24.175;0.725;2.89;0.251;0.667;519;627;0.172;0.363;0.0021;0.00254;39.2;32;2.46e+05;8.52e+04;2.13e+03;5.79;145;1.45;36.3;6.44e+04;37.6;57.5;0.000418;4.89;0;0;0;0;0;400;94.5;0.958;2.87;0.334;0.667;179;214;0.166;0.348;0.00219;0.00263; 52720;3702;10838;9.86;7.63;37;0.97;2.91;0.334;0.667;171;206;0.17;0.372;0.00208;0.0025; 48720;3750;11234;9.81;7.62;36;0.971;2.91;0.333;0.667;169;204;0.171;0.373;0.00205;0.00247; 52640;3551;10564;9.85;7.63;37;0.00154;1.28;0.00121;0.667;0.131;2.61;0.95;0.0543;0.000997;0.0199; 28320;1;4;9.72;9.08;47;6.7e+03;6.65e+03;3.15e+03; 34%; 34%; 16%;6.64e+03;3.14e+03;6.85e+03; 34%; 16%; 35%;6.69e+03;6.86e+03;3.13e+03; 34%; 35%; 16%;4.78e+03;4.84e+03;5.02e+03; 24%; 24%; 25%;50.1;49.9;0;0;0;0;0;0;0;50;50;0;0;0;0;0;0;0;50;50;0;0;0;0;0;0;0;0.181;80.2;0.00167;19.6;0;0;0;0;0;110;110;118;62.2;23.2 ;23.7 ;24.5 ;23 ;
2017-09-04;14:17:25.188;0.55;2.42;0.227;0.667;527;685;0.23;0.552;0.00282;0.00366;38;40.1;1.87e+05;7.73e+04;2.12e+03;4.84;121;1.1;27.5;6.57e+04;34.1;55.6;0;10.3;0;0;0;0;0;366;95.8;0.76;2.43;0.312;0.667;177;231;0.233;0.552;0.00275;0.00358; 53440;3533;10967;8.7;8.55;37;0.722;2.41;0.3;0.667;169;220;0.231;0.558;0.00276;0.00359; 52160;3514;11785;8.63;8.57;37;0.717;2.41;0.297;0.667;181;231;0.218;0.548;0.00296;0.00379; 52880;5624;10629;12;12.7;37;0.00112;1.13;0.000989;0.667;0.116;2.22;0.948;0.0468;0.00122;0.0234; 28080;1;0;8.61;10.2;47;6.35e+03;7.58e+03;3.11e+03; 32%; 39%; 16%;7.59e+03;3.02e+03;6.44e+03; 39%; 15%; 33%;7.79e+03;7.88e+03;3.15e+03; 40%; 40%; 16%;4.29e+03;4.14e+03;4.33e+03; 22%; 21%; 22%;46.8;46.7;0;6.44;0;0;0;0;0;45;46.6;0;8.41;0;0;0;0;0;44.6;46.9;0;8.54;0;0;0;0;0;0.148;82;0;17.8;0;0;0;0;0;100;98.4;107;61;22.5 ;23.1 ;27.8 ;22.5 ;
2017-09-04;14:17:26.200;0.545;2.18;0.251;0.667;639;838;0.237;0.497;0.00345;0.00452;44.9;51.9;1.85e+05;8.52e+04;2.13e+03;4.35;109;1.09;27.3;7.95e+04;37.6;57.4;9.46e-05;5;0;0;0;0;0;383;108;0.729;2.18;0.334;0.667;209;276;0.243;0.499;0.00337;0.00445; 52720;4124;13107;9.85;10.7;37;0.722;2.16;0.333;0.667;208;272;0.237;0.503;0.00338;0.00444; 53360;4210;14817;9.71;10.6;37;0.729;2.19;0.333;0.667;223;287;0.225;0.491;0.00359;0.00464; 54480;8150;12883;15.6;17.9;37;0.00128;1.18;0.00108;0.667;0.133;2.51;0.947;0.0476;0.00122;0.0231; 28320;1;2;9.73;12.7;47;7.43e+03;9.53e+03;3.63e+03; 38%; 49%; 18%;9.74e+03;3.61e+03;7.47e+03; 50%; 18%; 38%;1.01e+04;9.87e+03;3.77e+03; 51%; 50%; 19%;4.88e+03;4.71e+03;4.75e+03; 25%; 24%; 24%;50.1;49.9;0;0;0;0;0;0;0;50;50;0;0;0;0;0;0;0;50;50;0;0;0;0;0;0;0;0.162;79.8;0.000379;20;0;0;0;0;0;103;103;114;62.6;24.8 ;25.3 ;32.8 ;24.8 ;
2017-09-04;14:17:27.212;0.545;2.18;0.251;0.667;642;840;0.236;0.496;0.00347;0.00453;45;52;1.85e+05;8.52e+04;2.13e+03;4.35;109;1.09;27.3;7.94e+04;37.6;58.3;0;4.13;0;0;0;0;0;383;108;0.733;2.19;0.334;0.667;204;272;0.249;0.504;0.00328;0.00436; 51360;4034;12833;9.85;10.8;37;0.719;2.16;0.333;0.667;206;270;0.238;0.504;0.00337;0.00442; 54160;4191;14643;9.72;10.7;37;0.726;2.18;0.333;0.667;232;295;0.215;0.483;0.00376;0.00479; 55440;8548;13354;15.7;17.8;37;0.00128;1.15;0.00111;0.667;0.129;2.54;0.949;0.0466;0.00119;0.0233; 28240;0;4;9.76;12.7;47;7.33e+03;9.52e+03;3.56e+03; 37%; 49%; 18%;9.8e+03;3.58e+03;7.36e+03; 50%; 18%; 37%;1.01e+04;9.81e+03;3.91e+03; 52%; 50%; 20%;5.03e+03;4.66e+03;4.69e+03; 25%; 23%; 24%;50.1;49.9;0;0;0;0;0;0;0;50;50;0;0;0;0;0;0;0;50;50;0;0;0;0;0;0;0;0.166;83.3;0;16.5;0;0;0;0;0;103;103;113;62.9;25 ;25.3 ;32.8 ;24.9 ;
2017-09-04;14:17:28.235;0.296;1.37;0.216;0.667;451;546;0.172;0.413;0.00446;0.00539;40.4;52.1;1.01e+05;7.38e+04;2.12e+03;2.74;68.5;0.592;14.8;7.48e+04;32.4;54.4;0;13.2;0;0.383;0;0;0;340;103;0.394;1.37;0.288;0.667;143;175;0.183;0.421;0.00424;0.0052; 53520;4407;13478;9.63;11.9;37;0.406;1.39;0.293;0.667;154;186;0.169;0.418;0.00445;0.00535; 53040;4741;14997;9.57;11.7;39;0.383;1.36;0.282;0.667;154;183;0.157;0.401;0.0047;0.00558; 54080;6202;14391;11.7;14.4;38;0.000915;0.921;0.000993;0.667;0.112;1.77;0.937;0.0485;0.00142;0.0226; 28480;0;2;9.57;14.1;47;7.65e+03;8.38e+03;3.63e+03; 39%; 42%; 18%;8.7e+03;3.82e+03;7.6e+03; 44%; 19%; 38%;8.85e+03;8.44e+03;3.88e+03; 45%; 43%; 19%;4.71e+03;4.68e+03;4.43e+03; 24%; 23%; 22%;43.2;43.3;0;13.5;0;1.53;0;0;0;44;46.7;0;9.29;0;0;0;0;0;42.2;45.6;0;12.2;0;0;0;0;0;0.149;81.8;0;18;0;0;0;0;0;90.9;90.3;97.3;61.8;24.8 ;25 ;28.2 ;24.9 ;
2017-09-04;14:17:29.257;0.116;0.46;0.251;0.667;443;447;0.00975;0.00835;0.0112;0.0113;51.1;71.3;3.96e+04;8.62e+04;2.15e+03;0.92;23;0.231;5.78;9.74e+04;37.7;56;0;6.37;0;0;0;0;0;353;122;0.144;0.43;0.336;0.667;139;140;0.00651;0.0088;0.0112;0.0113; 53440;6426;19264;12.8;17.2;37;0.157;0.471;0.334;0.667;151;152;0.00356;0.00788;0.0112;0.0113; 53680;6998;20984;12.8;16.9;39;0.159;0.478;0.333;0.667;153;153;0.00352;0.00773;0.0112;0.0112; 51040;7106;21273;12.8;16.9;38;0.00128;0.741;0.00173;0.667;0.138;2.51;0.945;0.0469;0.00126;0.0229; 28320;0;1;12.8;20.4;46;1.05e+04;1.05e+04;4.91e+03; 53%; 53%; 25%;1.09e+04;5.32e+03;1.04e+04; 55%; 27%; 52%;1.09e+04;1.04e+04;5.38e+03; 55%; 53%; 27%;6.27e+03;6.2e+03;5.72e+03; 31%; 31%; 29%;50.3;49.7;0;0;0;0;0;0;0;50.1;49.9;0;0;0;0;0;0;0;50;50;0;0;0;0;0;0;0;0.259;74.3;0;25.5;0;0;0;0;0;94.5;90.7;102;65.7;30 ;30.2 ;30.9 ;30.6 ;
2017-09-04;14:17:30.270;0.495;2.11;0.235;0.667;568;664;0.145;0.527;0.00335;0.00392;47.7;42;1.69e+05;8.04e+04;2.14e+03;4.21;105;0.991;24.8;8.01e+04;35.3;52.7;0;12;0;0;0;0;0;378;104;0.667;2.03;0.328;0.667;210;241;0.129;0.505;0.00367;0.00421; 53520;5664;16770;12;9.69;37;0.656;2.11;0.31;0.667;186;218;0.144;0.531;0.00332;0.00388; 44640;4860;14270;11.9;10.1;37;0.656;2.19;0.3;0.667;172;204;0.157;0.549;0.00307;0.00364; 51200;4265;12816;11.9;10.2;37;0.00115;0.938;0.00123;0.667;0.133;2.27;0.941;0.0467;0.00135;0.0231; 28480;0;2;11.9;12;47;8.8e+03;8.35e+03;4.4e+03; 45%; 42%; 22%;7.79e+03;3.84e+03;8.92e+03; 39%; 19%; 45%;7.97e+03;8.64e+03;3.61e+03; 40%; 44%; 18%;5.44e+03;5.82e+03;6.53e+03; 27%; 29%; 33%;49.3;48.8;0;1.97;0;0;0;0;0;46.5;47.7;0;5.71;0;0;0;0;0;45;46.8;0;8.23;0;0;0;0;0;0.185;67.6;0;32.2;0;0;0;0;0;104;102;109;63.2;25.4 ;26 ;27 ;25.8 ;
2017-09-04;14:17:31.282;0.585;2.33;0.25;0.667;599;683;0.122;0.297;0.00301;0.00343;47.5;31.2;1.99e+05;8.52e+04;2.13e+03;4.67;117;1.17;29.2;7.52e+04;37.6;54.7;0;7.78;0;0;0;0;0;390;98.8;0.769;2.3;0.334;0.667;207;234;0.113;0.283;0.00317;0.00357; 57680;4275;13213;11.9;7.41;37;0.746;2.24;0.333;0.667;204;229;0.108;0.29;0.00321;0.0036; 55440;4656;13634;11.8;7.42;37;0.822;2.46;0.333;0.667;188;218;0.137;0.321;0.00269;0.00312; 52400;3959;11541;11.9;7.44;38;0.00127;1.22;0.00104;0.667;0.134;2.48;0.946;0.0456;0.00124;0.023; 28320;0;2;11.9;8.93;47;7.88e+03;7.5e+03;3.58e+03; 40%; 38%; 18%;7.44e+03;3.53e+03;7.89e+03; 38%; 18%; 40%;7.84e+03;7.89e+03;3.55e+03; 40%; 40%; 18%;5.77e+03;6.13e+03;6.21e+03; 29%; 31%; 31%;50.1;49.9;0;0;0;0;0;0;0;50;50;0;0;0;0;0;0;0;50;50;0;0;0;0;0;0;0;0.157;68.7;0;31.1;0;0;0;0;0;106;105;115;63.5;24.1 ;24.9 ;25.6 ;24.1 ;
2017-09-04;14:17:32.281;0.471;2.33;0.203;0.667;443;522;0.15;0.442;0.0028;0.0033;34.8;24.1;1.58e+05;6.81e+04;2.1e+03;4.65;116;0.943;23.6;5.57e+04;30.4;53.4;0;16.2;0;0;0;0;0;336;83.9;0.65;2.25;0.289;0.667;162;189;0.143;0.448;0.00296;0.00345; 47840;3677;10608;8.73;5.67;38;0.661;2.31;0.286;0.667;157;182;0.14;0.427;0.00282;0.00328; 52000;3657;10686;8.7;5.66;38;0.573;2.44;0.235;0.667;125;149;0.162;0.455;0.0026;0.0031; 53280;2684;8126;8.7;5.88;39;0.00087;1.03;0.000843;0.667;0.0959;1.69;0.943;0.047;0.00131;0.0232; 28240;0;2;8.7;6.89;48;6.01e+03;5.34e+03;2.73e+03; 31%; 27%; 14%;5.34e+03;2.74e+03;6.14e+03; 27%; 14%; 31%;5.76e+03;5.88e+03;2.48e+03; 30%; 30%; 12%;3.93e+03;4.58e+03;4.73e+03; 20%; 23%; 24%;43.4;43.2;0;13.4;0;0;0;0;0;42.8;47.3;0;9.92;0;0;0;0;0;35.2;45.6;0;19.2;0;0;0;0;0;0.126;77.4;0;22.5;0;0;0;0;0;91.8;92.6;93.4;58.4;20.6 ;21 ;21.9 ;20.5 ;
2017-09-04;14:17:33.292;0.72;2.87;0.251;0.667;527;636;0.17;0.365;0.00215;0.0026;40;32;2.45e+05;8.51e+04;2.13e+03;5.75;144;1.44;36;6.55e+04;37.6;57.7;0;4.75;0;0;0;0;0;400;94.7;0.942;2.82;0.334;0.667;188;224;0.161;0.341;0.00234;0.00279; 51280;3730;11124;10;7.64;37;0.967;2.9;0.334;0.667;171;206;0.169;0.376;0.00208;0.00251; 50640;3678;11038;9.97;7.64;36;0.97;2.91;0.334;0.667;168;204;0.172;0.379;0.00204;0.00247; 55200;3513;10570;10;7.66;37;0.00127;1.27;0.00101;0.667;0.137;2.48;0.945;0.046;0.00127;0.023; 28480;0;4;9.94;9.11;47;6.75e+03;6.68e+03;3.2e+03; 34%; 34%; 16%;6.67e+03;3.18e+03;7.05e+03; 34%; 16%; 36%;6.72e+03;7.1e+03;3.18e+03; 34%; 36%; 16%;4.83e+03;4.88e+03;5.27e+03; 24%; 25%; 27%;50.1;49.9;0;0;0;0;0;0;0;50;50;0;0;0;0;0;0;0;50;50;0;0;0;0;0;0;0;0.151;80.8;0;19;0;0;0;0;0;109;110;118;62.3;23.3 ;23.8 ;24.7 ;22.9 ;
2017-09-04;14:17:34.307;0.64;2.9;0.221;0.667;450;545;0.174;0.366;0.00207;0.0025;33.7;27.8;2.18e+05;7.51e+04;2.12e+03;5.8;145;1.28;32;5.55e+04;33.1;55.7;0.00021;11.3;0;0;0;0;0;373;86.6;0.883;2.89;0.306;0.667;160;193;0.17;0.35;0.00213;0.00257; 50720;3321;9922;8.46;6.59;40;0.843;2.92;0.289;0.667;146;176;0.172;0.376;0.00203;0.00245; 50880;3234;9664;8.43;6.65;39;0.833;2.91;0.286;0.667;144;174;0.171;0.374;0.00204;0.00245; 53680;3019;9019;8.44;6.67;41;0.00135;1.22;0.0011;0.667;0.124;2.23;0.944;0.0563;0.00108;0.0194; 28000;0;6;8.35;7.9;48;5.78e+03;5.75e+03;2.79e+03; 29%; 29%; 14%;5.65e+03;2.68e+03;5.98e+03; 29%; 13%; 30%;5.67e+03;5.97e+03;2.66e+03; 29%; 30%; 13%;4.06e+03;4.08e+03;4.41e+03; 20%; 20%; 22%;45.9;45.6;0;8.54;0;0;0;0;0;43.4;46.2;0;10.4;0;0;0;0;0;42.9;45.6;0;11.5;0;0;0;0;0;0.165;85.2;0.00084;14.7;0;0;0;0;0;103;101;108;61;21.3 ;21.8 ;22.5 ;21 ;
2017-09-04;14:17:35.340;0.529;2.17;0.244;0.667;633;830;0.238;0.5;0.00344;0.00452;44.9;51.8;1.84e+05;8.46e+04;2.13e+03;4.34;109;1.06;26.5;7.93e+04;36.6;58.7;0;4.68;0;0.466;0;0;0;383;108;0.706;2.17;0.325;0.667;206;272;0.244;0.499;0.00336;0.00444; 50960;3981;12968;9.85;10.7;37;0.7;2.16;0.325;0.667;201;266;0.242;0.511;0.00332;0.00438; 52160;4052;14300;9.73;10.7;37;0.711;2.19;0.325;0.667;226;290;0.222;0.493;0.00366;0.0047; 55920;8117;12977;15.6;17.8;36;0.00124;1.12;0.00111;0.667;0.135;2.52;0.946;0.046;0.00125;0.0234; 28080;0;5;9.72;12.7;47;7.38e+03;9.62e+03;3.63e+03; 37%; 48%; 18%;9.65e+03;3.55e+03;7.41e+03; 48%; 17%; 37%;9.95e+03;9.95e+03;3.83e+03; 50%; 50%; 19%;4.95e+03;4.62e+03;4.75e+03; 24%; 23%; 23%;48.7;48.9;0;2.33;0;0;0;0;0;48.7;49.1;0;2.24;0;1.86;0;0;0;48.8;49.3;0;1.97;0;0;0;0;0;0.166;87.7;0;12.2;0;0;0;0;0;103;103;113;63.8;25 ;25.5 ;33 ;25 ;
2017-09-04;14:17:36.351;0.542;2.16;0.251;0.667;626;825;0.241;0.498;0.00339;0.00447;44;50.7;1.85e+05;8.53e+04;2.17e+03;4.33;108;1.08;27.1;7.79e+04;37.6;58.2;0;4.19;0;0;0;0;0;382;107;0.729;2.18;0.335;0.667;208;276;0.244;0.499;0.00336;0.00444; 51600;4018;13059;9.7;10.4;37;0.714;2.14;0.334;0.667;198;263;0.245;0.508;0.00327;0.00433; 52800;4064;14174;9.55;10.4;37;0.725;2.17;0.334;0.667;219;284;0.227;0.491;0.00356;0.0046; 54320;7941;12644;15.2;17.4;37;0.00126;1.13;0.00111;0.667;0.137;2.48;0.945;0.0467;0.00128;0.0232; 28240;0;5;9.58;12.4;47;7.28e+03;9.45e+03;3.62e+03; 37%; 48%; 18%;9.39e+03;3.49e+03;7.33e+03; 48%; 17%; 37%;9.66e+03;9.79e+03;3.73e+03; 49%; 50%; 19%;4.83e+03;4.57e+03;4.73e+03; 24%; 23%; 24%;50.2;49.8;0;0;0;0;0;0;0;50;50;0;0;0;0;0;0;0;50;50;0;0;0;0;0;0;0;0.167;83.1;0;16.8;0;0;0;0;0;103;103;113;62.9;24.6 ;25.1 ;32.3 ;24.5 ;
2017-09-04;14:17:37.362;0.543;2.21;0.245;0.667;620;817;0.241;0.501;0.00336;0.00443;43.2;49.9;1.84e+05;8.34e+04;2.12e+03;4.43;111;1.09;27.1;7.66e+04;36.8;57.9;0.00132;5.3;0;0;0;0;0;380;106;0.725;2.21;0.327;0.667;201;268;0.249;0.504;0.00327;0.00435; 55840;3905;12735;9.52;10.3;38;0.727;2.2;0.33;0.667;203;268;0.243;0.508;0.00329;0.00434; 54240;4130;14377;9.38;10.2;37;0.719;2.22;0.323;0.667;216;279;0.227;0.494;0.00353;0.00457; 52400;7928;12665;14.9;17.1;38;0.00107;1.17;0.000919;0.667;0.106;2.12;0.95;0.0474;0.00116;0.0233; 27760;1;1;9.45;12.3;47;7.21e+03;9.12e+03;3.48e+03; 37%; 46%; 17%;9.34e+03;3.51e+03;7.2e+03; 48%; 18%; 37%;9.69e+03;9.43e+03;3.68e+03; 49%; 48%; 18%;4.74e+03;4.6e+03;4.58e+03; 24%; 23%; 23%;49.1;49.1;0.00529;1.86;0;0;0;0;0;49.5;49.5;0;0.997;0;0;0;0;0;48.5;50.1;0;1.45;0;0;0;0;0;0.138;83;0;16.9;0;0;0;0;0;102;103;112;62.8;24.5 ;24.8 ;32 ;24.4 ;
2017-09-04;14:17:38.387;0.112;0.512;0.22;0.667;390;406;0.0415;0.115;0.0101;0.0106;44.3;61.9;3.85e+04;7.52e+04;2.12e+03;1.02;25.6;0.225;5.62;8.45e+04;33;54.6;0.000299;12.5;0;0;0;0;0;326;110;0.145;0.497;0.292;0.667;122;128;0.0426;0.122;0.00988;0.0103; 53360;5465;16423;11.1;14.9;36;0.16;0.547;0.293;0.667;134;139;0.0407;0.135;0.00978;0.0102; 52080;5937;17850;11.1;14.7;39;0.142;0.496;0.286;0.667;133;137;0.0266;0.0875;0.011;0.0113; 52320;6002;17945;11.1;14.7;38;0.00315;0.339;0.00931;0.667;0.126;2.22;0.944;0.047;0.000465;0.00823; 28720;2;0;11.1;17.7;46;9.09e+03;9.13e+03;4.3e+03; 46%; 46%; 22%;9.44e+03;4.61e+03;9.02e+03; 48%; 23%; 46%;9.43e+03;9.05e+03;4.62e+03; 48%; 46%; 23%;5.39e+03;5.36e+03;5e+03; 27%; 27%; 25%;43.9;45.4;0;10.8;0;0;0;0;0;43.9;46.2;0;9.9;0;0;0;0;0;42.9;46.9;0;10.2;0;0;0;0;0;1.4;79.6;0.00119;19;0;0;0;0;0;87.1;84;92.4;62.8;27.2 ;27.3 ;28 ;27.8 ;
2017-09-04;14:17:39.400;0.172;0.731;0.235;0.667;451;470;0.0416;0.228;0.00766;0.008;48.1;63.2;5.88e+04;8.04e+04;2.15e+03;1.46;36.6;0.344;8.59;9e+04;35.2;52.3;0;12.5;0;0;0;0;0;346;115;0.235;0.716;0.328;0.667;163;168;0.0348;0.206;0.00805;0.00834; 48160;6605;19730;12.1;14.9;37;0.226;0.729;0.31;0.667;146;152;0.039;0.253;0.00752;0.00782; 55600;6164;18463;12;15.1;38;0.224;0.749;0.299;0.667;143;148;0.0383;0.227;0.00744;0.00774; 57360;6005;18085;12;15.2;38;0.00113;0.786;0.00143;0.667;0.126;2.24;0.944;0.0466;0.00131;0.0233; 28160;1;1;12;18.1;47;9.91e+03;9.81e+03;5.02e+03; 50%; 50%; 25%;9.44e+03;4.65e+03;9.99e+03; 48%; 23%; 51%;9.44e+03;9.89e+03;4.58e+03; 48%; 50%; 23%;5.55e+03;5.61e+03;6.07e+03; 28%; 28%; 31%;49.2;48.7;0;2.09;0;0;0;0;0;46.5;47.4;0;6.14;0;0;0;0;0;44.9;48.5;0;6.66;0;0;0;0;0;0.215;64.8;0;35;0;0;0;0;0;94.8;89.5;98.2;63.2;28.4 ;28.8 ;29.4 ;28.9 ;
2017-09-04;14:17:40.411;0.668;2.67;0.251;0.667;643;743;0.135;0.31;0.00283;0.00327;50.1;33.7;2.27e+05;8.51e+04;2.13e+03;5.33;133;1.34;33.4;7.97e+04;37.6;53.6;0;8.79;0;0;0;0;0;400;101;0.889;2.66;0.334;0.667;215;248;0.133;0.305;0.00285;0.00329; 50640;4544;13512;12.6;8.04;36;0.887;2.66;0.333;0.667;218;250;0.128;0.309;0.00289;0.00332; 50000;4690;13662;12.5;7.98;36;0.894;2.68;0.333;0.667;209;242;0.135;0.318;0.00276;0.00319; 53120;4412;12868;12.5;8.02;37;0.00128;1.19;0.00108;0.667;0.124;2.53;0.951;0.0462;0.00114;0.0233; 28400;0;1;12.5;9.65;47;8.32e+03;8.11e+03;3.79e+03; 42%; 41%; 19%;8.12e+03;3.8e+03;8.26e+03; 41%; 19%; 42%;8.27e+03;8.2e+03;3.75e+03; 42%; 42%; 19%;6.26e+03;6.43e+03;6.39e+03; 32%; 33%; 32%;50.1;49.9;0;0;0;0;0;0;0;50;50;0;0;0;0;0;0;0;50;50;0;0;0;0;0;0;0;0.161;64.7;0;35.2;0;0;0;0;0;109;110;118;63.2;25.1 ;25.3 ;26.4 ;24.5 ;
2017-09-04;14:17:41.422;0.65;2.6;0.25;0.667;644;738;0.127;0.303;0.00291;0.00334;50.6;33.8;2.21e+05;8.51e+04;2.12e+03;5.19;130;1.3;32.5;8.04e+04;37.6;56.4;0;6.03;0;0;0;0;0;401;102;0.873;2.61;0.334;0.667;212;243;0.126;0.302;0.00287;0.00328; 52480;4612;13355;12.7;8.05;36;0.864;2.59;0.333;0.667;215;245;0.122;0.307;0.00293;0.00334; 50160;4803;14120;12.6;8.01;36;0.862;2.59;0.333;0.667;216;247;0.125;0.304;0.00295;0.00337; 53360;4452;13500;12.6;8.04;37;0.00128;1.19;0.00108;0.667;0.127;2.54;0.95;0.0463;0.00117;0.0233; 28320;0;1;12.6;9.67;47;8.33e+03;8.34e+03;3.83e+03; 42%; 42%; 19%;8.32e+03;3.82e+03;8.26e+03; 42%; 19%; 42%;8.27e+03;8.19e+03;3.77e+03; 42%; 42%; 19%;6.46e+03;6.44e+03;6.4e+03; 33%; 33%; 32%;50.1;49.9;0;0;0;0;0;0;0;50;50;0;0;0;0;0;0;0;50;50;0;0;0;0;0;0;0;0.162;75.7;0;24.1;0;0;0;0;0;109;109;117;65.5;25.1 ;25.4 ;26.4 ;24.9 ;
2017-09-04;14:17:42.434;0.62;2.81;0.221;0.667;458;577;0.206;0.551;0.00217;0.00274;34.7;28;2.11e+05;7.51e+04;2.12e+03;5.61;140;1.24;31;5.7e+04;33.1;53.3;0;13.6;0;0.151;0;0;0;367;87.1;0.818;2.77;0.296;0.667;158;199;0.202;0.559;0.00228;0.00286; 52960;3181;9518;8.7;6.68;37;0.832;2.82;0.295;0.667;152;192;0.208;0.565;0.00215;0.00271; 50000;3417;10078;8.67;6.68;36;0.828;2.84;0.292;0.667;148;184;0.199;0.529;0.0021;0.00262; 52240;3124;9279;8.72;6.7;37;0.0011;1.11;0.000988;0.667;0.122;2.17;0.944;0.0473;0.0013;0.0232; 28400;0;4;8.64;7.98;47;5.96e+03;5.84e+03;2.8e+03; 30%; 30%; 14%;5.82e+03;2.77e+03;6.05e+03; 29%; 14%; 31%;5.9e+03;6.08e+03;2.76e+03; 30%; 31%; 14%;4.23e+03;4.28e+03;4.49e+03; 21%; 22%; 23%;44.3;44.3;0;11.4;0;0.605;0;0;0;44.2;45.5;0;10.2;0;0;0;0;0;43.8;49.1;0;7.16;0;0;0;0;0;0.148;74.3;0;25.5;0;0;0;0;0;99.8;100;108;59.6;21.5 ;21.9 ;22.7 ;21 ;
2017-09-04;14:17:43.445;0.726;2.9;0.251;0.667;519;627;0.173;0.363;0.0021;0.00254;39.2;32;2.47e+05;8.51e+04;2.13e+03;5.79;145;1.45;36.3;6.45e+04;37.6;55.3;0;7.15;0;0;0;0;0;400;94.5;0.959;2.87;0.334;0.667;179;214;0.167;0.347;0.00219;0.00263; 52240;3762;11120;9.88;7.64;36;0.971;2.91;0.333;0.667;171;207;0.171;0.371;0.00208;0.00251; 50400;3628;10929;9.8;7.62;36;0.972;2.91;0.333;0.667;169;203;0.172;0.374;0.00204;0.00246; 54960;3535;10481;9.83;7.63;37;0.00128;1.18;0.00108;0.667;0.131;2.53;0.948;0.0459;0.0012;0.0233; 28320;0;1;9.73;9.09;47;6.72e+03;6.64e+03;3.15e+03; 34%; 34%; 16%;6.63e+03;3.14e+03;6.84e+03; 34%; 16%; 35%;6.69e+03;6.86e+03;3.14e+03; 34%; 35%; 16%;4.78e+03;4.85e+03;5.02e+03; 24%; 24%; 25%;50.1;49.9;0;0;0;0;0;0;0;50;50;0;0;0;0;0;0;0;50;50;0;0;0;0;0;0;0;0.162;71.2;0;28.6;0;0;0;0;0;110;110;118;61.3;23.2 ;23.6 ;24.7 ;22.9 ;
2017-09-04;14:17:44.457;0.499;2.32;0.215;0.667;515;668;0.229;0.499;0.00304;0.00394;36.8;40.6;1.7e+05;7.32e+04;2.12e+03;4.63;116;0.998;25;6.43e+04;32.3;53.6;0.000359;14.1;0;0;0;0;0;350;94.1;0.692;2.33;0.297;0.667;176;227;0.227;0.488;0.00299;0.00387; 52720;3460;11024;8.28;8.49;36;0.657;2.32;0.283;0.667;162;212;0.236;0.515;0.0029;0.0038; 52480;3338;11364;8.2;8.57;37;0.646;2.32;0.279;0.667;177;226;0.217;0.497;0.00323;0.00412; 54800;6017;10454;12.1;13.4;36;0.00173;0.657;0.00263;0.667;0.12;2.19;0.945;0.0565;0.000814;0.0149; 28400;0;5;8.16;10.1;47;6.15e+03;7.68e+03;3.07e+03; 31%; 39%; 15%;7.46e+03;2.88e+03;6.24e+03; 38%; 14%; 32%;7.66e+03;8.01e+03;3.06e+03; 39%; 41%; 15%;4.05e+03;3.87e+03;4.14e+03; 20%; 19%; 21%;44.6;44.5;0;10.9;0;0;0;0;0;42.5;45.8;0;11.7;0;0;0;0;0;41.8;47;0;11.1;0;0;0;0;0;0.395;76.9;0.00143;22.7;0;0;0;0;0;95.5;93.8;102;59.3;21.8 ;22.5 ;27.9 ;21.9 ;
2017-09-04;14:17:45.469;0.545;2.15;0.254;0.667;637;835;0.238;0.497;0.00343;0.0045;44.7;51.6;1.85e+05;8.64e+04;2.13e+03;4.29;107;1.09;27.3;7.89e+04;38.1;57.8;0;4.06;0;0;0;0;0;383;107;0.726;2.17;0.334;0.667;206;273;0.246;0.5;0.00334;0.00442; 52240;4072;12776;9.81;10.6;36;0.72;2.16;0.333;0.667;204;269;0.241;0.505;0.00334;0.0044; 54480;4153;14549;9.67;10.6;37;0.731;2.19;0.333;0.667;227;291;0.221;0.488;0.00365;0.00468; 54160;8332;13090;15.5;17.7;36;0.00493;0.317;0.0155;0.667;0.134;2.54;0.947;0.0466;0.000319;0.00608; 28480;0;7;9.72;12.6;47;7.33e+03;9.51e+03;3.6e+03; 37%; 48%; 18%;9.66e+03;3.56e+03;7.36e+03; 49%; 18%; 37%;9.97e+03;9.8e+03;3.83e+03; 51%; 50%; 19%;4.96e+03;4.65e+03;4.71e+03; 25%; 23%; 24%;50.1;49.9;0;0;0;0;0;0;0;50;50;0;0;0;0;0;0;0;50;50;0;0;0;0;0;0;0;2.33;81.4;0;16.2;0;0;0;0;0;103;103;114;63.4;24.7 ;25.2 ;32.6 ;24.8 ;
2017-09-04;14:17:46.481;0.543;2.15;0.252;0.667;644;840;0.234;0.494;0.00349;0.00456;45.2;52.3;1.84e+05;8.58e+04;2.12e+03;4.3;107;1.09;27.1;7.96e+04;37.9;57;0;5.15;0;0;0;0;0;383;108;0.73;2.19;0.334;0.667;207;274;0.246;0.5;0.00333;0.00442; 52560;4089;12925;9.88;10.8;37;0.718;2.15;0.333;0.667;205;269;0.238;0.504;0.00336;0.00441; 52080;4139;14582;9.75;10.7;37;0.719;2.16;0.333;0.667;232;294;0.212;0.481;0.0038;0.00482; 53600;8585;13366;15.8;18;36;0.00322;0.364;0.00885;0.667;0.134;2.54;0.947;0.0474;0.00049;0.00927; 28480;0;6;9.76;12.7;47;7.36e+03;9.61e+03;3.6e+03; 37%; 49%; 18%;9.78e+03;3.57e+03;7.4e+03; 50%; 18%; 38%;1.01e+04;9.94e+03;3.9e+03; 52%; 51%; 20%;5e+03;4.65e+03;4.72e+03; 25%; 23%; 24%;50.1;49.9;0;0;0;0;0;0;0;50;50;0;0;0;0;0;0;0;50;50;0;0;0;0;0;0;0;1.33;78.1;0;20.6;0;0;0;0;0;103;103;113;62.8;25 ;25.3 ;32.8 ;25 ;
2017-09-04;14:17:47.504;0.254;1.19;0.214;0.667;443;525;0.156;0.385;0.0051;0.00604;41.2;54.2;8.7e+04;7.33e+04;2.12e+03;2.37;59.3;0.509;12.7;7.68e+04;32.2;53.6;0.00427;14.2;0;0.151;0;0;0;336;104;0.344;1.2;0.288;0.667;140;168;0.17;0.398;0.00476;0.00574; 50080;4660;14174;9.9;12.5;37;0.346;1.19;0.291;0.667;155;182;0.149;0.385;0.00524;0.00616; 53520;5085;15916;9.84;12.3;38;0.327;1.17;0.278;0.667;148;173;0.142;0.374;0.0053;0.00618; 54240;6092;14916;11.5;14.6;38;0.000901;0.794;0.00113;0.667;0.0973;1.79;0.946;0.0474;0.00126;0.0232; 28320;0;2;9.88;14.8;46;7.99e+03;8.42e+03;3.76e+03; 40%; 43%; 19%;8.95e+03;4.04e+03;7.92e+03; 45%; 20%; 40%;9.09e+03;8.48e+03;3.99e+03; 46%; 43%; 20%;4.79e+03;4.88e+03;4.54e+03; 24%; 24%; 23%;43.2;44;0.0171;12.9;0;0;0;0;0;43.7;45.7;0;10.6;0;0;0;0;0;41.7;46;0;12.2;0;0.604;0;0;0;0.17;78.7;0;21.1;0;0;0;0;0;89.9;88.5;96.1;61.5;25.2 ;25.3 ;28.2 ;25.4 ;
2017-09-04;14:17:48.528;0.115;0.459;0.251;0.667;445;450;0.0098;0.00841;0.0112;0.0114;51.2;71.4;3.96e+04;8.63e+04;2.15e+03;0.918;22.9;0.23;5.76;9.76e+04;37.6;53.5;0;8.84;0;0;0;0;0;353;122;0.144;0.429;0.335;0.667;140;141;0.00647;0.00887;0.0113;0.0114; 51440;6428;19259;12.9;17.3;36;0.157;0.472;0.333;0.667;152;153;0.00354;0.00799;0.0112;0.0113; 52320;7002;21078;12.8;16.9;38;0.158;0.474;0.333;0.667;153;154;0.00346;0.00778;0.0113;0.0113; 51920;7043;21154;12.8;16.9;37;0.00127;0.685;0.00186;0.667;0.14;2.56;0.945;0.0449;0.00128;0.0234; 28640;1;7;12.8;20.4;46;1.05e+04;1.05e+04;4.94e+03; 53%; 53%; 25%;1.09e+04;5.34e+03;1.04e+04; 55%; 27%; 53%;1.09e+04;1.04e+04;5.36e+03; 55%; 53%; 27%;6.24e+03;6.22e+03;5.76e+03; 31%; 31%; 29%;50.3;49.7;0;0;0;0;0;0;0;50;50;0;0;0;0;0;0;0;50;50;0;0;0;0;0;0;0;0.279;64.4;0;35.3;0;0;0;0;0;94.7;91.1;103;64.5;30.2 ;30.2 ;30.9 ;30.9 ;
2017-09-04;14:17:49.540;0.551;2.34;0.235;0.667;590;682;0.134;0.406;0.00313;0.00362;47.8;38.4;1.89e+05;8.05e+04;2.15e+03;4.69;117;1.1;27.6;7.87e+04;35.3;50.2;0;14.5;0;0;0;0;0;382;102;0.735;2.24;0.328;0.667;225;254;0.114;0.376;0.00357;0.00403; 54000;5666;16500;12;8.8;36;0.731;2.37;0.309;0.667;188;219;0.142;0.43;0.00301;0.0035; 52560;4577;13425;11.9;9.29;37;0.737;2.44;0.302;0.667;177;207;0.143;0.416;0.00281;0.00328; 53680;4112;12241;11.9;9.36;37;0.00113;1.05;0.00108;0.667;0.119;2.25;0.947;0.0457;0.00123;0.0233; 28320;1;2;11.9;11;47;8.45e+03;8.15e+03;4.3e+03; 43%; 41%; 21%;7.5e+03;3.62e+03;8.79e+03; 38%; 18%; 44%;7.68e+03;8.66e+03;3.55e+03; 39%; 44%; 18%;5.49e+03;5.71e+03;6.75e+03; 28%; 29%; 34%;49.2;48.8;0;1.92;0;0;0;0;0;46.4;47.2;0;6.41;0;0;0;0;0;45.3;48.7;0;6.05;0;0;0;0;0;0.162;56.2;0;43.6;0;0;0;0;0;106;103;111;61.3;24.9 ;25.8 ;26.6 ;25.2 ;
2017-09-04;14:17:50.552;0.658;2.63;0.251;0.667;650;747;0.13;0.306;0.00291;0.00334;50.9;33.8;2.24e+05;8.52e+04;2.13e+03;5.25;131;1.32;32.9;8.08e+04;37.6;55.5;0;6.96;0;0;0;0;0;401;102;0.858;2.57;0.334;0.667;228;258;0.113;0.287;0.00313;0.00353; 50160;5070;15184;12.8;8.01;36;0.886;2.66;0.333;0.667;210;244;0.137;0.32;0.00279;0.00323; 50560;4598;13550;12.7;8.05;36;0.886;2.66;0.333;0.667;211;243;0.133;0.314;0.00281;0.00323; 51600;4343;12943;12.7;8.04;37;0.00129;1.17;0.0011;0.667;0.127;2.56;0.95;0.0458;0.00117;0.0234; 28320;0;3;12.7;9.66;47;8.23e+03;8.24e+03;3.86e+03; 42%; 42%; 19%;8.18e+03;3.8e+03;8.57e+03; 42%; 19%; 44%;8.15e+03;8.56e+03;3.8e+03; 41%; 44%; 19%;6.36e+03;6.31e+03;6.74e+03; 32%; 32%; 34%;50.1;49.9;0;0;0;0;0;0;0;50;50;0;0;0;0;0;0;0;50;50;0;0;0;0;0;0;0;0.165;72;0;27.8;0;0;0;0;0;109;110;118;64.4;25 ;25.6 ;26.5 ;24.9 ;
2017-09-04;14:17:51.563;0.56;2.66;0.211;0.667;469;578;0.188;0.542;0.00247;0.00304;36.1;27;1.9e+05;7.16e+04;2.12e+03;5.32;133;1.12;28;5.85e+04;31.6;54;0;14.4;0;0;0;0;0;358;87.2;0.78;2.61;0.298;0.667;172;209;0.18;0.539;0.00259;0.00316; 52480;3726;10758;9.06;6.34;36;0.735;2.63;0.279;0.667;158;192;0.176;0.528;0.00253;0.00307; 52320;3356;10058;9.03;6.42;37;0.723;2.74;0.264;0.667;140;175;0.201;0.561;0.00227;0.00285; 53920;2930;8839;9.04;6.51;37;0.000994;1.11;0.000895;0.667;0.108;1.97;0.945;0.0467;0.00128;0.0233; 28320;1;2;9.01;7.69;47;6.22e+03;5.82e+03;2.93e+03; 32%; 29%; 15%;5.7e+03;2.8e+03;6.38e+03; 29%; 14%; 32%;6e+03;6.3e+03;2.71e+03; 30%; 32%; 13%;4.19e+03;4.56e+03;4.89e+03; 21%; 23%; 25%;44.8;44.7;0;10.6;0;0;0;0;0;41.9;47.2;0;10.9;0;0;0;0;0;39.6;44.9;0;15.5;0;0;0;0;0;0.134;79.1;0;20.8;0;0;0;0;0;98.7;96.6;102;60.5;21.4 ;21.8 ;22.7 ;21.3 ;
2017-09-04;14:17:52.574;0.724;2.89;0.251;0.667;520;628;0.172;0.363;0.00211;0.00255;39.3;32;2.46e+05;8.51e+04;2.12e+03;5.78;145;1.45;36.2;6.46e+04;37.6;56.3;0;6.15;0;0;0;0;0;400;94.4;0.954;2.86;0.334;0.667;181;216;0.164;0.344;0.00223;0.00267; 52160;3645;10692;9.88;7.63;36;0.971;2.91;0.333;0.667;170;205;0.17;0.373;0.00206;0.00249; 53200;3752;11175;9.84;7.62;36;0.971;2.91;0.333;0.667;168;203;0.172;0.374;0.00204;0.00246; 52400;3524;10521;9.87;7.64;37;0.00127;1.19;0.00106;0.667;0.127;2.53;0.95;0.0465;0.00118;0.0234; 28720;1;1;9.75;9.09;47;6.69e+03;6.65e+03;3.16e+03; 34%; 34%; 16%;6.65e+03;3.14e+03;6.89e+03; 34%; 16%; 35%;6.68e+03;6.92e+03;3.14e+03; 34%; 35%; 16%;4.78e+03;4.83e+03;5.08e+03; 24%; 24%; 26%;50.1;49.9;0;0;0;0;0;0;0;50;50;0;0;0;0;0;0;0;50;50;0;0;0;0;0;0;0;0.16;75.2;0;24.6;0;0;0;0;0;110;110;118;61.8;23.1 ;23.6 ;24.7 ;23 ;
2017-09-04;14:17:53.587;0.579;2.61;0.222;0.667;488;615;0.207;0.481;0.00248;0.00312;35.8;34.8;1.97e+05;7.54e+04;2.12e+03;5.22;131;1.16;29;6.09e+04;33.3;53.4;0.000949;13.3;0;0;0;0;0;364;91.6;0.802;2.62;0.306;0.667;167;211;0.209;0.474;0.00245;0.0031; 51760;3383;10378;8.5;7.7;37;0.757;2.6;0.291;0.667;157;198;0.206;0.492;0.00244;0.00308; 52320;3346;10678;8.44;7.74;37;0.756;2.62;0.289;0.667;163;204;0.2;0.479;0.00254;0.00317; 54160;4422;9763;10.5;10.2;37;0.00111;1.04;0.00107;0.667;0.135;2.17;0.938;0.0516;0.00142;0.0229; 27280;0;8;8.4;9.2;47;6.05e+03;6.77e+03;2.96e+03; 31%; 34%; 15%;6.75e+03;2.85e+03;6.18e+03; 34%; 14%; 31%;6.88e+03;7.02e+03;2.92e+03; 35%; 36%; 15%;4.13e+03;4.07e+03;4.31e+03; 21%; 20%; 22%;45.9;45.7;0;8.39;0;0;0;0;0;43.7;45.9;0;10.5;0;0;0;0;0;43.4;47.6;0;9.02;0;0;0;0;0;0.16;74.3;0.0038;25.5;0;0;0;0;0;99.9;98.1;106;59.5;21.9 ;22.4 ;25.5 ;21.8 ;
2017-09-04;14:17:54.599;0.542;2.16;0.251;0.667;640;837;0.235;0.495;0.00348;0.00455;44.9;51.9;1.84e+05;8.52e+04;2.13e+03;4.32;108;1.08;27.1;7.92e+04;37.6;57.6;0;4.83;0;0;0;0;0;382;108;0.727;2.18;0.334;0.667;206;273;0.246;0.501;0.00333;0.00441; 53040;4020;12977;9.84;10.7;36;0.717;2.15;0.334;0.667;204;268;0.24;0.505;0.00335;0.0044; 51440;4085;14458;9.7;10.7;37;0.72;2.16;0.334;0.667;230;293;0.215;0.482;0.00376;0.00479; 53200;8658;13377;15.6;17.9;36;0.00156;1.25;0.00125;0.667;0.134;2.65;0.95;0.054;0.00101;0.02; 27360;0;3;9.72;12.7;47;7.34e+03;9.53e+03;3.58e+03; 37%; 49%; 18%;9.72e+03;3.56e+03;7.37e+03; 50%; 18%; 37%;1e+04;9.84e+03;3.87e+03; 51%; 50%; 19%;4.99e+03;4.64e+03;4.69e+03; 25%; 23%; 24%;50.1;49.9;0;0;0;0;0;0;0;50;50;0;0;0;0;0;0;0;50;50;0;0;0;0;0;0;0;0.188;80.5;0;19.3;0;0;0;0;0;103;103;113;62.7;24.9 ;25.3 ;32.8 ;24.8 ;
2017-09-04;14:17:55.610;0.542;2.16;0.25;0.667;640;837;0.235;0.495;0.00348;0.00455;44.9;51.9;1.84e+05;8.51e+04;2.12e+03;4.33;108;1.08;27.1;7.93e+04;37.6;57.6;0;4.83;0;0;0;0;0;383;108;0.729;2.18;0.334;0.667;205;272;0.247;0.502;0.0033;0.00439; 50560;4016;12979;9.82;10.7;36;0.713;2.14;0.333;0.667;206;270;0.236;0.502;0.0034;0.00445; 51920;4187;14686;9.71;10.6;37;0.723;2.17;0.333;0.667;230;293;0.216;0.484;0.00374;0.00477; 53520;8604;13273;15.7;17.9;36;0.00127;1.15;0.00111;0.667;0.134;2.53;0.947;0.0463;0.00123;0.0233; 27200;0;6;9.71;12.7;47;7.34e+03;9.5e+03;3.57e+03; 37%; 48%; 18%;9.82e+03;3.57e+03;7.37e+03; 50%; 18%; 37%;1.01e+04;9.82e+03;3.86e+03; 52%; 50%; 19%;4.98e+03;4.65e+03;4.67e+03; 25%; 23%; 24%;50.1;49.9;0;0;0;0;0;0;0;50;50;0;0;0;0;0;0;0;50;50;0;0;0;0;0;0;0;0.167;80.5;0;19.3;0;0;0;0;0;103;103;113;62.8;24.9 ;25.4 ;32.8 ;24.7 ;
2017-09-04;14:17:56.632;0.397;1.89;0.21;0.667;500;642;0.221;0.479;0.00368;0.00473;38.4;46.7;1.36e+05;7.17e+04;2.13e+03;3.79;94.7;0.795;19.9;6.91e+04;31.5;54.9;0.00483;13.7;0;0.952;0;0;0;345;98.4;0.527;1.93;0.272;0.667;148;197;0.249;0.498;0.00329;0.00437; 52320;3494;11144;8.7;10.2;38;0.544;1.87;0.29;0.667;174;221;0.214;0.478;0.00375;0.00477; 53360;4123;13743;8.59;9.88;38;0.519;1.88;0.276;0.667;178;222;0.198;0.463;0.00402;0.00501; 52400;6816;12485;12.4;14.6;38;0.000891;1;0.000891;0.667;0.0952;1.76;0.946;0.0473;0.00125;0.0231; 27600;0;5;8.68;12;47;6.72e+03;7.76e+03;3.08e+03; 34%; 39%; 15%;8.62e+03;3.44e+03;6.61e+03; 44%; 17%; 33%;8.9e+03;7.83e+03;3.5e+03; 45%; 40%; 17%;4.39e+03;4.35e+03;3.91e+03; 22%; 22%; 20%;40.9;41.3;0.0194;17.8;0;3.82;0;0;0;43.5;48.1;0;8.35;0;0;0;0;0;41.4;48.3;0;10.3;0;0;0;0;0;0.134;81.7;0;18.2;0;0;0;0;0;91.1;93.2;100;60.8;23.1 ;23.5 ;28.6 ;23.2 ;
2017-09-04;14:17:57.654;0.112;0.447;0.251;0.667;436;441;0.0104;0.0099;0.0113;0.0114;49.8;69.4;3.85e+04;8.61e+04;2.15e+03;0.894;22.4;0.224;5.61;9.48e+04;37.6;58.1;0;4.32;0;0;0;0;0;349;120;0.138;0.413;0.335;0.667;135;136;0.00714;0.011;0.0114;0.0114; 52720;6164;18466;12.5;16.8;37;0.152;0.456;0.333;0.667;149;149;0.00385;0.00891;0.0114;0.0114; 50160;6766;20318;12.4;16.5;39;0.157;0.471;0.333;0.667;152;153;0.00387;0.00929;0.0113;0.0114; 52960;7007;20947;12.4;16.3;37;0.00128;0.746;0.00172;0.667;0.137;2.56;0.946;0.0455;0.00125;0.0233; 27280;0;5;12.4;19.8;46;1.01e+04;1.03e+04;4.75e+03; 51%; 52%; 24%;1.07e+04;5.16e+03;1e+04; 54%; 26%; 51%;1.07e+04;1.02e+04;5.3e+03; 54%; 51%; 27%;6.17e+03;6e+03;5.51e+03; 31%; 30%; 28%;50.2;49.8;0;0;0;0;0;0;0;50;50;0;0;0;0;0;0;0;50;50;0;0;0;0;0;0;0;0.258;82.5;0;17.3;0;0;0;0;0;93.2;89.9;100;65.6;29.7 ;29.9 ;30.4 ;30.2 ;
2017-09-04;14:17:58.667;0.341;1.46;0.233;0.667;507;561;0.0966;0.377;0.00435;0.00481;47.6;52.7;1.17e+05;7.97e+04;2.14e+03;2.92;73.1;0.682;17.1;8.46e+04;35;47.9;0.000247;17.1;0;1.26;0;0;0;361;109;0.467;1.42;0.328;0.667;185;202;0.0832;0.334;0.00464;0.00506; 48720;6215;18370;11.9;12.3;37;0.449;1.46;0.307;0.667;166;184;0.0963;0.399;0.00433;0.00479; 56240;5503;16316;11.9;12.6;37;0.447;1.51;0.296;0.667;155;173;0.102;0.402;0.00407;0.00453; 52880;4986;15021;11.9;12.8;37;0.00113;0.769;0.00146;0.667;0.122;2.23;0.945;0.0458;0.00127;0.0232; 27360;0;2;11.9;15.1;47;9.4e+03;9.04e+03;4.75e+03; 48%; 46%; 24%;8.53e+03;4.23e+03;9.43e+03; 43%; 21%; 48%;8.64e+03;9.19e+03;4.02e+03; 44%; 47%; 20%;5.4e+03;5.7e+03;6.27e+03; 27%; 29%; 32%;49.2;48.6;0;2.13;0;0;0;0;0;46.1;45.8;0;8.08;0;5.05;0;0;0;44.3;45.2;0;10.5;0;0;0;0;0;0.22;52;0.00099;47.8;0;0;0;0;0;99.8;95.7;104;61.1;26.8 ;27.2 ;28 ;27.1 ;
2017-09-04;14:17:59.679;0.607;2.42;0.25;0.667;609;697;0.126;0.301;0.00295;0.00338;48;31.7;2.06e+05;8.52e+04;2.13e+03;4.84;121;1.21;30.3;7.61e+04;37.6;56.1;0;6.29;0;0;0;0;0;393;99.1;0.814;2.44;0.334;0.667;209;239;0.123;0.293;0.00302;0.00345; 50880;4337;13186;12;7.54;37;0.809;2.43;0.333;0.667;203;231;0.122;0.305;0.00295;0.00336; 50720;4542;13366;12;7.52;37;0.802;2.41;0.333;0.667;197;225;0.124;0.308;0.00289;0.0033; 54160;4234;12541;12;7.56;38;0.00128;1.2;0.00106;0.667;0.13;2.51;0.948;0.0456;0.00119;0.023; 27200;0;4;12;9.07;47;7.87e+03;7.72e+03;3.62e+03; 40%; 39%; 18%;7.71e+03;3.61e+03;7.97e+03; 39%; 18%; 41%;7.79e+03;7.91e+03;3.56e+03; 40%; 40%; 18%;5.97e+03;6.09e+03;6.23e+03; 30%; 31%; 32%;50.1;49.9;0;0;0;0;0;0;0;50;50;0;0;0;0;0;0;0;50;50;0;0;0;0;0;0;0;0.16;74.7;0;25.2;0;0;0;0;0;107;107;115;64.2;24.4 ;24.8 ;25.8 ;24.2 ;
2017-09-04;14:18:00.691;0.5;2;0.25;0.667;527;595;0.114;0.289;0.0031;0.0035;42.1;27.3;1.7e+05;8.51e+04;2.13e+03;3.99;99.8;0.999;25;6.65e+04;37.6;58.4;0;4.07;0;0;0;0;0;376;93.8;0.655;1.96;0.334;0.667;176;197;0.108;0.281;0.00315;0.00353; 52000;3876;11107;10.6;6.52;37;0.669;2.01;0.333;0.667;174;196;0.111;0.297;0.00306;0.00345; 52560;3856;11317;10.5;6.49;37;0.673;2.02;0.333;0.667;177;200;0.113;0.292;0.00309;0.00349; 53760;3833;11646;10.5;6.49;37;0.00125;1.12;0.00111;0.667;0.129;2.46;0.948;0.0458;0.00121;0.0232; 26960;0;7;10.5;7.82;47;6.8e+03;6.87e+03;3.13e+03; 34%; 35%; 16%;6.88e+03;3.14e+03;6.87e+03; 35%; 16%; 35%;6.8e+03;6.85e+03;3.14e+03; 34%; 35%; 16%;5.39e+03;5.31e+03;5.37e+03; 27%; 27%; 27%;50.1;49.9;0;0;0;0;0;0;0;49.9;50;0;0.095;0;0;0;0;0;50;49.9;0;0.0548;0;0;0;0;0;0.167;83.7;0;16.1;0;0;0;0;0;101;102;110;62.9;23 ;23.7 ;24.3 ;22.9 ;
2017-09-04;14:18:01.703;0.617;2.79;0.221;0.667;446;586;0.24;0.641;0.00212;0.00279;33.6;27.7;2.1e+05;7.52e+04;2.12e+03;5.58;140;1.23;30.9;5.55e+04;33.2;54.4;0.0065;12.4;0;0;0;0;0;367;87.1;0.826;2.73;0.302;0.667;160;209;0.236;0.649;0.00227;0.00297; 52000;3492;10048;8.44;6.59;36;0.822;2.81;0.292;0.667;143;190;0.249;0.66;0.00205;0.00272; 52800;3282;9680;8.39;6.62;36;0.819;2.83;0.289;0.667;143;185;0.227;0.609;0.00205;0.00266; 54240;2991;8906;8.43;6.64;37;0.00102;1.14;0.000893;0.667;0.105;2.01;0.948;0.0468;0.00121;0.0232; 27520;0;3;8.38;7.88;47;5.73e+03;5.71e+03;2.76e+03; 29%; 29%; 14%;5.66e+03;2.7e+03;6.01e+03; 29%; 13%; 30%;5.65e+03;6.01e+03;2.69e+03; 29%; 30%; 13%;4.09e+03;4.08e+03;4.44e+03; 21%; 20%; 22%;45.3;45.6;0.026;9;0;0;0;0;0;43.8;45.9;0;10.3;0;0;0;0;0;43.4;48.8;0;7.84;0;0;0;0;0;0.134;77.2;0;22.6;0;0;0;0;0;101;99.9;107;59.7;21.2 ;21.8 ;22.8 ;21.2 ;
2017-09-04;14:18:02.714;0.726;2.9;0.251;0.667;517;625;0.173;0.364;0.0021;0.00253;39.1;31.9;2.47e+05;8.51e+04;2.12e+03;5.8;145;1.45;36.3;6.43e+04;37.6;56.9;0;5.53;0;0;0;0;0;401;94.5;0.96;2.88;0.334;0.667;178;214;0.167;0.349;0.00218;0.00262; 52080;3763;10999;9.85;7.63;36;0.972;2.92;0.333;0.667;169;204;0.171;0.376;0.00205;0.00247; 49440;3673;10974;9.78;7.62;36;0.97;2.91;0.333;0.667;170;205;0.171;0.371;0.00206;0.00248; 52320;3498;10474;9.79;7.62;37;0.00129;1.16;0.00111;0.667;0.135;2.56;0.947;0.0464;0.00123;0.0233; 27520;2;2;9.69;9.07;47;6.66e+03;6.66e+03;3.14e+03; 34%; 34%; 16%;6.66e+03;3.13e+03;6.83e+03; 34%; 16%; 35%;6.64e+03;6.84e+03;3.13e+03; 34%; 35%; 16%;4.79e+03;4.78e+03;5.01e+03; 24%; 24%; 25%;50.1;49.9;0;0;0;0;0;0;0;50;50;0;0;0;0;0;0;0;50;50;0;0;0;0;0;0;0;0.167;77.7;0;22.1;0;0;0;0;0;110;111;118;62.1;23.3 ;23.7 ;24.6 ;22.8 ;
2017-09-04;14:18:03.726;0.505;2.34;0.216;0.667;519;682;0.239;0.568;0.00302;0.00397;37;40.6;1.72e+05;7.36e+04;2.12e+03;4.67;117;1.01;25.3;6.45e+04;32.5;56.9;0;10.7;0;0;0;0;0;354;94.4;0.699;2.35;0.298;0.667;173;230;0.247;0.588;0.00291;0.00387; 51120;3390;10850;8.34;8.56;37;0.662;2.33;0.284;0.667;165;217;0.241;0.566;0.00293;0.00386; 53600;3437;11653;8.24;8.57;37;0.66;2.33;0.283;0.667;181;233;0.223;0.553;0.00323;0.00416; 52640;6130;10657;12.2;13.3;37;0.00107;1.1;0.000977;0.667;0.116;2.12;0.945;0.0469;0.00127;0.0233; 27280;0;4;8.23;10.2;47;6.13e+03;7.62e+03;3.03e+03; 31%; 39%; 15%;7.61e+03;2.92e+03;6.2e+03; 39%; 15%; 31%;7.81e+03;7.9e+03;3.12e+03; 40%; 40%; 16%;4.14e+03;3.93e+03;4.1e+03; 21%; 20%; 21%;44.6;44.6;0;10.8;0;0;0;0;0;42.7;48.2;0;9.13;0;0;0;0;0;42.4;48.8;0;8.78;0;0;0;0;0;0.147;85.9;0;13.9;0;0;0;0;0;95.9;94.8;103;60.3;22.1 ;22.6 ;27.7 ;22 ;
2017-09-04;14:18:04.738;0.544;2.17;0.251;0.667;644;842;0.235;0.495;0.00348;0.00455;45.1;52.2;1.85e+05;8.52e+04;2.13e+03;4.34;109;1.09;27.2;7.97e+04;37.6;59.8;0;2.65;0;0;0;0;0;384;108;0.726;2.17;0.334;0.667;205;272;0.245;0.501;0.00333;0.00441; 51280;3992;12946;9.87;10.8;37;0.721;2.16;0.333;0.667;207;271;0.238;0.504;0.00337;0.00443; 54000;4197;14665;9.76;10.7;37;0.728;2.18;0.333;0.667;232;296;0.216;0.483;0.00375;0.00478; 53040;8692;13355;15.7;18;36;0.00154;1.26;0.00123;0.667;0.136;2.61;0.948;0.0547;0.00103;0.0199; 27360;0;5;9.78;12.8;47;7.38e+03;9.57e+03;3.59e+03; 37%; 49%; 18%;9.82e+03;3.6e+03;7.4e+03; 50%; 18%; 38%;1.01e+04;9.86e+03;3.89e+03; 52%; 50%; 20%;5.02e+03;4.69e+03;4.7e+03; 25%; 24%; 24%;50.1;49.9;0;0;0;0;0;0;0;50;50;0;0;0;0;0;0;0;50;50;0;0;0;0;0;0;0;0.184;89.2;0;10.6;0;0;0;0;0;103;103;114;63.5;24.9 ;25.4 ;32.9 ;25.1 ;
2017-09-04;14:18:05.749;0.537;2.14;0.251;0.667;640;835;0.233;0.493;0.00351;0.00458;44.9;52.1;1.82e+05;8.51e+04;2.12e+03;4.28;107;1.07;26.8;7.93e+04;37.6;59.5;0;2.97;0;0;0;0;0;383;108;0.713;2.13;0.334;0.667;204;270;0.243;0.498;0.00337;0.00445; 52880;3892;12795;9.81;10.8;37;0.715;2.14;0.333;0.667;205;269;0.238;0.503;0.00338;0.00443; 52400;4154;14524;9.69;10.7;37;0.718;2.15;0.333;0.667;231;294;0.214;0.481;0.00379;0.00482; 53840;8620;13334;15.7;18;36;0.00128;1.16;0.00111;0.667;0.132;2.54;0.948;0.0465;0.00121;0.0233; 27200;0;5;9.71;12.7;47;7.33e+03;9.55e+03;3.57e+03; 37%; 49%; 18%;9.78e+03;3.57e+03;7.36e+03; 50%; 18%; 37%;1.01e+04;9.86e+03;3.88e+03; 52%; 50%; 19%;4.99e+03;4.65e+03;4.66e+03; 25%; 23%; 23%;50.1;49.9;0;0;0;0;0;0;0;50;50;0;0;0;0;0;0;0;50;50;0;0;0;0;0;0;0;0.167;88;0;11.9;0;0;0;0;0;103;103;113;63.4;24.7 ;25.2 ;33 ;25 ;
2017-09-04;14:18:06.773;0.26;1.21;0.214;0.667;438;518;0.154;0.384;0.00492;0.00582;40.5;53.1;8.89e+04;7.33e+04;2.12e+03;2.43;60.6;0.52;13;7.55e+04;32.2;52.1;0;15.8;0;3.37;0;0;0;333;103;0.357;1.23;0.291;0.667;141;169;0.167;0.398;0.00462;0.00555; 51920;4495;13798;9.75;12.2;37;0.35;1.22;0.288;0.667;148;174;0.15;0.387;0.00495;0.00582; 53920;4854;15210;9.67;12.1;39;0.333;1.2;0.278;0.667;149;173;0.138;0.369;0.00523;0.00607; 52720;6098;14821;11.4;14.3;38;0.000936;0.772;0.00121;0.667;0.112;1.85;0.94;0.0475;0.0014;0.0231; 27200;1;5;9.71;14.5;46;7.77e+03;8.44e+03;3.7e+03; 39%; 43%; 18%;8.7e+03;3.9e+03;7.73e+03; 44%; 19%; 39%;8.81e+03;8.5e+03;3.98e+03; 45%; 43%; 20%;4.78e+03;4.71e+03;4.49e+03; 24%; 24%; 22%;43.7;43.6;0;12.7;0;0.411;0;0;0;43.2;43.5;0;13.3;0;0;0;0;0;41.6;42.8;0;15.6;0;13;0;0;0;0.182;78.3;0;21.5;0;0;0;0;0;89.7;87.6;94.7;61.3;24.8 ;25.2 ;28 ;25.2 ;
2017-09-04;14:18:07.792;0.114;0.454;0.251;0.667;438;443;0.00986;0.00825;0.0112;0.0113;50.3;70.2;3.91e+04;8.62e+04;2.15e+03;0.908;22.7;0.228;5.7;9.58e+04;37.7;59.6;0;2.77;0;0;0;0;0;350;121;0.144;0.43;0.335;0.667;139;140;0.00613;0.0085;0.0112;0.0113; 51280;6432;19272;12.6;16.8;37;0.153;0.459;0.334;0.667;148;149;0.00361;0.00779;0.0113;0.0113; 52080;6839;20429;12.6;16.7;39;0.157;0.471;0.334;0.667;151;152;0.00357;0.00783;0.0112;0.0112; 53280;7005;20988;12.6;16.6;38;0.00128;0.786;0.00163;0.667;0.134;2.57;0.948;0.0451;0.00122;0.0233; 27120;1;2;12.5;20;46;1.03e+04;1.04e+04;4.9e+03; 52%; 53%; 25%;1.07e+04;5.15e+03;1.02e+04; 54%; 26%; 51%;1.07e+04;1.04e+04;5.28e+03; 54%; 52%; 26%;6.15e+03;6e+03;5.71e+03; 31%; 30%; 29%;50.3;49.7;0;0;0;0;0;0;0;50.1;49.9;0;0;0;0;0;0;0;50.1;49.9;0;0;0;0;0;0;0;0.245;88.7;0;11.1;0;0;0;0;0;94;90.2;99.7;66.1;29.8 ;30.2 ;30.9 ;30.5 ;
2017-09-04;14:18:08.805;0.524;2.23;0.235;0.667;566;673;0.159;0.561;0.00317;0.00377;46.4;39.9;1.79e+05;8.03e+04;2.14e+03;4.45;111;1.05;26.2;7.75e+04;35.3;48;0;16.8;0;3.16;0;0;0;377;103;0.706;2.15;0.329;0.667;209;243;0.14;0.529;0.00347;0.00404; 52000;5464;16018;11.7;9.21;36;0.699;2.24;0.312;0.667;183;218;0.162;0.577;0.00306;0.00365; 52400;4655;13781;11.6;9.54;37;0.687;2.31;0.298;0.667;174;210;0.168;0.582;0.00298;0.00358; 53200;4104;12247;11.6;9.7;38;0.00113;0.952;0.00119;0.663;0.127;2.24;0.943;0.0455;0.00132;0.0232; 27280;1;5;11.6;11.4;46;8.45e+03;8.12e+03;4.26e+03; 43%; 41%; 21%;7.59e+03;3.73e+03;8.66e+03; 38%; 19%; 44%;7.59e+03;8.32e+03;3.44e+03; 38%; 42%; 17%;5.37e+03;5.62e+03;6.38e+03; 27%; 28%; 32%;49.3;48.9;0;1.78;0;0;0;0;0;46.8;47;0;6.18;0;0;0;0;0;44.7;44.5;0;10.8;0;8.87;0;0;0;0.179;51.4;0;48.4;0;3.77;0;0;0;105;103;109;61.1;25.1 ;25.8 ;26.6 ;25.2 ;
2017-09-04;14:18:09.816;0.646;2.58;0.251;0.667;665;758;0.123;0.297;0.00303;0.00345;52.4;34.2;2.2e+05;8.52e+04;2.13e+03;5.16;129;1.29;32.3;8.3e+04;37.6;56.9;0;5.52;0;0;0;0;0;403;103;0.868;2.6;0.334;0.667;217;248;0.125;0.298;0.00294;0.00336; 53680;4657;13884;13.2;8.17;37;0.861;2.58;0.334;0.667;224;255;0.119;0.301;0.00306;0.00348; 53840;4940;14498;13.1;8.1;36;0.854;2.56;0.334;0.667;224;253;0.116;0.295;0.00308;0.00348; 52240;4936;14905;13.1;8.12;37;0.00129;1.17;0.00109;0.667;0.128;2.55;0.95;0.0449;0.00117;0.0233; 27200;0;4;13.1;9.79;47;8.6e+03;8.6e+03;3.92e+03; 44%; 44%; 20%;8.59e+03;3.93e+03;8.46e+03; 44%; 20%; 43%;8.56e+03;8.41e+03;3.9e+03; 44%; 43%; 20%;6.72e+03;6.7e+03;6.58e+03; 34%; 34%; 33%;50.1;49.9;0;0;0;0;0;0;0;50;50;0;0;0;0;0;0;0;50;50;0;0;0;0;0;0;0;0.164;77.8;0;22.1;0;0;0;0;0;109;110;117;66.3;25.4 ;25.8 ;26.7 ;25.2 ;
2017-09-04;14:18:10.829;0.579;2.59;0.224;0.667;506;632;0.199;0.594;0.00257;0.00321;39.4;28.7;1.97e+05;7.62e+04;2.12e+03;5.17;129;1.16;29;6.35e+04;33.6;54.5;0.00766;11.8;0;0;0;0;0;369;91;0.77;2.55;0.302;0.667;172;218;0.21;0.635;0.00263;0.00333; 52960;3815;10881;9.87;6.84;37;0.77;2.63;0.293;0.667;163;203;0.194;0.58;0.0025;0.0031; 53600;3625;10704;9.84;6.84;37;0.777;2.58;0.301;0.667;171;209;0.184;0.558;0.00258;0.00317; 53600;3541;10689;9.84;6.83;37;0.00107;1.12;0.000958;0.667;0.11;2.13;0.948;0.0468;0.0012;0.0233; 27360;0;5;9.82;8.19;47;6.48e+03;6.65e+03;3.07e+03; 33%; 34%; 15%;6.61e+03;3.03e+03;6.63e+03; 34%; 15%; 34%;6.46e+03;6.65e+03;3.04e+03; 33%; 34%; 15%;5.01e+03;4.83e+03;5.06e+03; 25%; 24%; 26%;45.2;45.5;0.0307;9.2;0;0;0;0;0;43.9;46.4;0;9.7;0;0;0;0;0;45.1;47.1;0;7.71;0;0;0;0;0;0.144;79.1;0;20.8;0;0;0;0;0;100;99.8;107;61.6;22.2 ;22.9 ;23.7 ;22.2 ;
2017-09-04;14:18:11.839;0.725;2.89;0.251;0.667;518;626;0.172;0.369;0.0021;0.00254;39.2;32;2.46e+05;8.52e+04;2.13e+03;5.78;145;1.45;36.2;6.44e+04;37.6;58.7;0;3.69;0;0;0;0;0;401;94.4;0.954;2.86;0.334;0.667;180;215;0.165;0.353;0.00222;0.00265; 48640;3745;11000;9.85;7.62;36;0.972;2.91;0.334;0.667;170;205;0.172;0.379;0.00206;0.00249; 54000;3758;11133;9.81;7.62;36;0.971;2.91;0.334;0.667;168;203;0.172;0.379;0.00204;0.00246; 52560;3503;10518;9.83;7.63;37;0.00128;1.16;0.00111;0.667;0.138;2.53;0.945;0.0462;0.00126;0.0232; 27040;0;6;9.69;9.09;47;6.69e+03;6.64e+03;3.15e+03; 34%; 34%; 16%;6.62e+03;3.13e+03;6.87e+03; 34%; 16%; 35%;6.66e+03;6.89e+03;3.13e+03; 34%; 35%; 16%;4.76e+03;4.79e+03;5.04e+03; 24%; 24%; 25%;50.1;49.9;0;0;0;0;0;0;0;50;50;0;0;0;0;0;0;0;50;50;0;0;0;0;0;0;0;0.166;85.1;0;14.8;0;0;0;0;0;110;111;118;62.7;23.1 ;23.7 ;24.7 ;23 ;
2017-09-04;14:18:12.852;0.591;2.63;0.225;0.667;488;623;0.216;0.544;0.00243;0.0031;35.8;34.5;2.01e+05;7.63e+04;2.12e+03;5.27;132;1.18;29.6;6.1e+04;33.7;57.8;0;8.51;0;0;0;0;0;369;91.9;0.812;2.61;0.311;0.667;171;217;0.215;0.56;0.00247;0.00315; 53120;3371;10267;8.56;7.64;37;0.774;2.63;0.294;0.667;158;200;0.212;0.539;0.0024;0.00305; 50880;3429;10857;8.49;7.69;37;0.779;2.66;0.292;0.667;160;203;0.214;0.536;0.00241;0.00307; 53360;4144;9607;10.3;10;37;0.00111;1.1;0.00101;0.667;0.126;2.19;0.942;0.0471;0.00134;0.0233; 27120;0;4;8.44;9.15;47;6.12e+03;6.79e+03;3e+03; 31%; 34%; 15%;6.66e+03;2.87e+03;6.26e+03; 34%; 14%; 32%;6.78e+03;7.05e+03;2.86e+03; 34%; 36%; 14%;4.1e+03;4.1e+03;4.37e+03; 21%; 21%; 22%;46.7;46.6;0;6.76;0;0;0;0;0;44.1;50;0;5.9;0;0;0;0;0;43.9;49.2;0;6.92;0;0;0;0;0;0.151;85.4;0;14.5;0;0;0;0;0;101;99.7;107;60.9;21.9 ;22.6 ;25.5 ;21.9 ;
2017-09-04;14:18:13.864;0.546;2.18;0.251;0.667;642;841;0.236;0.497;0.00346;0.00453;45;52;1.86e+05;8.52e+04;2.13e+03;4.36;109;1.09;27.3;7.95e+04;37.6;58.2;0;4.19;0;0;0;0;0;384;108;0.731;2.19;0.334;0.667;207;275;0.245;0.5;0.00334;0.00442; 52320;4034;12980;9.86;10.7;37;0.722;2.16;0.333;0.667;207;272;0.239;0.505;0.00337;0.00443; 53040;4156;14590;9.74;10.7;37;0.728;2.18;0.333;0.667;227;291;0.22;0.488;0.00367;0.0047; 53120;8305;12980;15.7;17.9;36;0.00128;1.17;0.0011;0.667;0.134;2.53;0.947;0.046;0.00123;0.0233; 26960;0;2;9.76;12.7;47;7.4e+03;9.54e+03;3.6e+03; 38%; 49%; 18%;9.77e+03;3.6e+03;7.43e+03; 50%; 18%; 38%;1.01e+04;9.86e+03;3.85e+03; 51%; 50%; 19%;4.97e+03;4.69e+03;4.72e+03; 25%; 24%; 24%;50.1;49.9;0;0;0;0;0;0;0;50;50;0;0;0;0;0;0;0;50;50;0;0;0;0;0;0;0;0.165;83.1;0;16.7;0;0;0;0;0;103;104;114;63;24.9 ;25.2 ;32.7 ;24.9 ;
2017-09-04;14:18:14.876;0.538;2.15;0.251;0.667;636;832;0.235;0.495;0.00348;0.00455;44.7;51.8;1.83e+05;8.52e+04;2.13e+03;4.29;107;1.08;26.9;7.92e+04;37.6;57;0;5.46;0;0;0;0;0;382;108;0.711;2.13;0.334;0.667;209;275;0.238;0.494;0.00346;0.00454; 51280;3966;13018;9.77;10.6;37;0.711;2.13;0.333;0.667;205;269;0.237;0.502;0.0034;0.00445; 51760;4122;14457;9.66;10.6;37;0.727;2.18;0.333;0.667;221;286;0.225;0.491;0.00358;0.00462; 55360;8009;12706;15.6;18;36;0.00155;1.24;0.00125;0.667;0.135;2.6;0.948;0.0548;0.00103;0.0198; 27200;0;7;9.67;12.6;47;7.4e+03;9.6e+03;3.64e+03; 38%; 49%; 18%;9.67e+03;3.56e+03;7.43e+03; 49%; 18%; 38%;9.98e+03;9.95e+03;3.75e+03; 51%; 51%; 19%;4.87e+03;4.64e+03;4.75e+03; 25%; 23%; 24%;50.1;49.9;0;0;0;0;0;0;0;50;50;0;0;0;0;0;0;0;50;50;0;0;0;0;0;0;0;0.187;78;0;21.8;0;0;0;0;0;103;103;113;62.5;24.9 ;25.2 ;32.9 ;24.7 ;
2017-09-04;14:18:15.899;0.407;1.93;0.21;0.667;496;643;0.228;0.484;0.00356;0.00462;37.8;45.7;1.39e+05;7.2e+04;2.13e+03;3.87;96.7;0.814;20.3;6.84e+04;31.6;55.6;0;12.8;0;0;0;0;0;345;97.6;0.562;1.95;0.288;0.667;167;218;0.235;0.487;0.00348;0.00455; 49840;3771;11972;8.6;9.76;37;0.553;1.93;0.287;0.667;166;215;0.228;0.49;0.0035;0.00454; 52720;3905;13116;8.51;9.7;38;0.512;1.93;0.266;0.667;163;208;0.215;0.477;0.00372;0.00474; 52000;6043;11226;12.2;14.5;38;0.000889;0.846;0.00105;0.667;0.111;1.75;0.937;0.0477;0.00146;0.023; 27040;2;7;8.57;11.7;47;6.77e+03;7.95e+03;3.29e+03; 34%; 40%; 16%;8.03e+03;3.3e+03;6.77e+03; 41%; 16%; 34%;8.3e+03;8.23e+03;3.26e+03; 42%; 42%; 16%;4.11e+03;4.21e+03;4.2e+03; 21%; 21%; 21%;43.2;43.1;0;13.7;0;0;0;0;0;43.1;47.3;0;9.65;0;0;0;0;0;39.9;46.4;0;13.7;0;0;0;0;0;0.158;85.7;0;14.1;0;0;0;0;0;92.7;92.9;98.3;60.9;22.9 ;23.2 ;28.4 ;23.1 ;
2017-09-04;14:18:16.920;0.115;0.457;0.251;0.667;445;450;0.00961;0.00845;0.0113;0.0114;50.9;70.9;3.94e+04;8.61e+04;2.15e+03;0.914;22.9;0.229;5.74;9.68e+04;37.6;55.1;0;7.27;0;0;0;0;0;351;121;0.143;0.427;0.335;0.667;139;140;0.00605;0.00886;0.0113;0.0114; 50080;6376;19066;12.8;17.1;37;0.156;0.469;0.333;0.667;152;153;0.00344;0.00792;0.0114;0.0114; 52800;6945;20872;12.7;16.8;38;0.158;0.475;0.333;0.667;153;154;0.00346;0.00796;0.0113;0.0113; 54000;7025;21162;12.7;16.7;38;0.00127;0.739;0.00171;0.667;0.131;2.55;0.948;0.0456;0.00121;0.0234; 27280;1;3;12.7;20.3;47;1.04e+04;1.05e+04;4.89e+03; 53%; 53%; 24%;1.09e+04;5.28e+03;1.03e+04; 55%; 26%; 52%;1.08e+04;1.04e+04;5.35e+03; 55%; 52%; 27%;6.23e+03;6.16e+03;5.69e+03; 31%; 31%; 29%;50.3;49.7;0;0;0;0;0;0;0;50;50;0;0;0;0;0;0;0;50;50;0;0;0;0;0;0;0;0.257;70.7;0;29.1;0;0;0;0;0;94.5;90.7;101;65.1;29.9 ;30.3 ;30.7 ;30.5 ;
2017-09-04;14:18:17.932;0.325;1.41;0.231;0.667;495;562;0.119;0.528;0.00446;0.00506;46.1;51.7;1.11e+05;7.9e+04;2.14e+03;2.81;70.3;0.65;16.3;8.22e+04;34.7;49.4;0;15.9;0;0;0;0;0;356;108;0.437;1.34;0.326;0.667;183;205;0.107;0.521;0.00489;0.00547; 54720;5960;17865;11.6;12;36;0.432;1.44;0.301;0.667;157;180;0.126;0.564;0.00425;0.00487; 53120;5311;15771;11.5;12.4;37;0.43;1.45;0.296;0.667;155;176;0.115;0.498;0.00424;0.00479; 54400;5075;15187;11.5;12.5;37;0.00108;0.852;0.00126;0.667;0.117;2.14;0.945;0.0453;0.00128;0.0233; 26960;1;3;11.5;14.8;47;8.98e+03;8.93e+03;4.6e+03; 46%; 45%; 23%;8.4e+03;4.08e+03;9.12e+03; 43%; 20%; 46%;8.34e+03;9.01e+03;3.98e+03; 42%; 46%; 20%;5.35e+03;5.37e+03;6.07e+03; 27%; 27%; 31%;48.9;48.3;0;2.81;0;0;0;0;0;45.1;47.2;0;7.68;0;0;0;0;0;44.4;49.4;0;6.17;0;0;0;0;0;0.189;52.7;0;47.1;0;0;0;0;0;98.2;94;102;61.4;26.3 ;27.2 ;28 ;26.9 ;
2017-09-04;14:18:18.943;0.658;2.63;0.251;0.667;643;742;0.133;0.308;0.00287;0.00331;50.2;33.5;2.24e+05;8.52e+04;2.13e+03;5.25;131;1.32;32.9;7.97e+04;37.6;49.8;0.000136;12.7;0;0;0;0;0;398;101;0.867;2.59;0.334;0.667;215;246;0.127;0.3;0.00292;0.00335; 50720;4472;13662;12.6;7.99;37;0.881;2.64;0.334;0.667;216;249;0.13;0.312;0.00289;0.00332; 56640;4584;13476;12.5;7.95;36;0.884;2.65;0.333;0.667;211;244;0.134;0.314;0.00281;0.00325; 52800;4437;13080;12.5;7.97;37;0.00129;1.15;0.00112;0.667;0.129;2.55;0.95;0.0452;0.00118;0.0234; 27360;0;3;12.5;9.59;47;8.28e+03;8.16e+03;3.79e+03; 42%; 41%; 19%;8.15e+03;3.78e+03;8.25e+03; 41%; 19%; 42%;8.24e+03;8.22e+03;3.75e+03; 42%; 42%; 19%;6.31e+03;6.39e+03;6.41e+03; 32%; 32%; 32%;50.1;49.9;0;0;0;0;0;0;0;50;50;0;0;0;0;0;0;0;50;50;0;0;0;0;0;0;0;0.167;49.2;0.000544;50.7;0;0;0;0;0;109;110;118;61.8;24.9 ;25.4 ;26.3 ;24.9 ;
2017-09-04;14:18:19.958;0.518;2.49;0.208;0.667;518;595;0.128;0.302;0.00294;0.00337;40.5;26.8;1.76e+05;7.07e+04;2.12e+03;4.99;125;1.04;25.9;6.42e+04;31.1;53.3;0.00919;15.6;0;0;0;0;0;355;88.8;0.716;2.44;0.294;0.667;183;208;0.122;0.293;0.003;0.00341; 55920;4033;11821;10.1;6.31;40;0.682;2.52;0.271;0.667;176;200;0.123;0.303;0.00303;0.00345; 50960;3957;11565;10.1;6.36;39;0.672;2.54;0.265;0.667;160;184;0.134;0.314;0.00279;0.00322; 50800;3230;9846;10.1;6.44;42;0.000981;1.11;0.00088;0.667;0.0967;1.93;0.95;0.0462;0.00116;0.0231; 26480;0;3;10.1;7.67;48;6.76e+03;6.43e+03;3.13e+03; 34%; 33%; 16%;6.33e+03;3.03e+03;6.82e+03; 32%; 15%; 35%;6.56e+03;6.74e+03;2.95e+03; 33%; 34%; 15%;4.87e+03;5.18e+03;5.37e+03; 25%; 26%; 27%;44;44.1;0.0368;11.9;0;0;0;0;0;40.6;47;0;12.4;0;0;0;0;0;39.7;50;0;10.3;0;0;0;0;0;0.132;72;0;27.9;0;0;0;0;0;97.1;95.5;101;61.2;21.8 ;22.3 ;23.1 ;21.6 ;
2017-09-04;14:18:21.125;0.65;2.84;0.228;0.667;529;674;0.216;0.575;0.00211;0.00269;42.3;34.9;2.51e+05;8.82e+04;2.13e+03;5.69;142;1.3;32.5;6.97e+04;34.3;56.1;0;9.65;0;0;0;0;0;440;104;0.822;2.78;0.296;0.667;175;222;0.212;0.593;0.00229;0.0029; 53200;3553;10597;10.6;8.3;37;0.885;2.88;0.308;0.667;175;221;0.209;0.553;0.00204;0.00258; 48960;3854;11433;10.6;8.31;37;0.902;2.88;0.314;0.667;179;228;0.218;0.58;0.00202;0.00258; 53520;3750;11155;10.6;8.33;37;0.00119;1.16;0.00103;0.667;0.13;2.74;0.952;0.0452;0.00112;0.0235; 27120;0;4;10.5;9.91;47;7.21e+03;7.13e+03;3.43e+03; 32%; 32%; 15%;7.14e+03;3.39e+03;7.48e+03; 32%; 15%; 33%;7.18e+03;7.54e+03;3.39e+03; 32%; 34%; 15%;5.1e+03;5.14e+03;5.54e+03; 23%; 23%; 25%;44.4;49.8;0;5.8;0;0;0;0;0;46.1;50.4;0;3.48;0;0;0;0;0;47.1;48.8;0;4.09;0;0;0;0;0;0.154;74.9;0;24.9;0;0;0;0;0;120;121;129;69.1;25.5 ;26 ;27.4 ;25.3 ;
2017-09-04;14:18:22.139;0.687;2.9;0.237;0.667;494;597;0.172;0.364;0.00207;0.00251;34.9;28.9;2.38e+05;8.23e+04;2.45e+03;5.79;145;1.37;34.3;5.76e+04;35.6;55.3;0;9.09;0;0;0;0;0;380;89;0.966;2.88;0.336;0.667;187;224;0.167;0.349;0.00215;0.00258; 51200;3805;11384;8.77;6.85;39;0.892;2.91;0.307;0.667;158;190;0.17;0.374;0.00204;0.00246; 51200;3444;10284;8.74;6.92;38;0.867;2.91;0.298;0.667;149;180;0.171;0.375;0.00202;0.00244; 53360;3108;9344;8.74;6.94;40;0.00112;1.16;0.000966;0.667;0.111;2.22;0.95;0.0465;0.00116;0.0232; 26560;0;2;8.66;8.22;47;6.02e+03;5.96e+03;2.89e+03; 30%; 30%; 14%;5.86e+03;2.78e+03;6.21e+03; 29%; 14%; 31%;5.88e+03;6.21e+03;2.77e+03; 29%; 31%; 13%;4.19e+03;4.25e+03;4.56e+03; 21%; 21%; 23%;50.4;44.7;0;4.95;0;0;0;0;0;46;47.5;0;6.52;0;0;0;0;0;44.7;48.5;0;6.79;0;0;0;0;0;0.145;81.5;0;18.4;0;0;0;0;0;105;104;110;61.1;21.8 ;22.3 ;23.1 ;21.6 ;
2017-09-04;14:18:23.137;0.491;2.15;0.229;0.667;571;755;0.244;0.546;0.00346;0.00458;40.5;46.9;1.65e+05;7.68e+04;2.1e+03;4.3;107;0.983;24.6;7.17e+04;34.3;54.8;0;10.9;0;3.98;0;0;0;354;99.7;0.658;2.15;0.306;0.667;186;248;0.248;0.542;0.00337;0.00449; 52400;3625;11718;8.88;9.66;36;0.646;2.13;0.304;0.667;183;243;0.246;0.556;0.00338;0.00448; 53280;3678;13011;8.75;9.6;37;0.661;2.17;0.304;0.667;202;262;0.231;0.543;0.00363;0.00473; 54960;7244;11601;14.1;16.2;36;0.00118;1.19;0.000994;0.667;0.12;2.27;0.947;0.0465;0.00122;0.0229; 27200;0;2;8.77;11.5;47;6.68e+03;8.65e+03;3.28e+03; 34%; 45%; 17%;8.76e+03;3.23e+03;6.71e+03; 45%; 16%; 35%;9.04e+03;8.96e+03;3.43e+03; 47%; 46%; 17%;4.44e+03;4.2e+03;4.28e+03; 23%; 21%; 22%;45.9;46;0;8.12;0;0;0;0;0;45.6;46;0;8.41;0;7.99;0;0;0;45.6;46.1;0;8.26;0;7.95;0;0;0;0.149;81;0;18.9;0;0;0;0;0;95.2;95;104;59.5;23 ;23.3 ;30.4 ;23 ;
2017-09-04;14:18:24.149;0.543;2.17;0.251;0.667;641;838;0.236;0.495;0.00347;0.00454;45;52;1.85e+05;8.52e+04;2.13e+03;4.33;108;1.09;27.2;7.94e+04;37.6;57.3;0;5.1;0;0;0;0;0;383;108;0.727;2.18;0.334;0.667;207;274;0.244;0.499;0.00336;0.00444; 52400;4036;12840;9.85;10.7;37;0.723;2.17;0.333;0.667;203;268;0.242;0.507;0.00331;0.00437; 50960;4158;14574;9.72;10.7;37;0.721;2.16;0.333;0.667;230;293;0.217;0.483;0.00374;0.00478; 52720;8564;13331;15.7;17.9;36;0.00155;1.27;0.00123;0.667;0.132;2.64;0.95;0.0545;0.000997;0.02; 27040;0;6;9.75;12.7;47;7.35e+03;9.63e+03;3.62e+03; 37%; 49%; 18%;9.69e+03;3.55e+03;7.37e+03; 49%; 18%; 37%;9.98e+03;9.95e+03;3.88e+03; 51%; 51%; 19%;4.99e+03;4.64e+03;4.73e+03; 25%; 23%; 24%;50.1;49.9;0;0;0;0;0;0;0;50;50;0;0;0;0;0;0;0;50;50;0;0;0;0;0;0;0;0.184;79.4;0;20.4;0;0;0;0;0;103;104;113;62.6;24.8 ;25.2 ;33 ;24.9 ;
2017-09-04;14:18:25.160;0.545;2.18;0.25;0.667;637;835;0.238;0.497;0.00344;0.00451;44.6;51.5;1.85e+05;8.51e+04;2.13e+03;4.35;109;1.09;27.2;7.89e+04;37.5;56.9;0;5.59;0;0;0;0;0;382;107;0.723;2.16;0.334;0.667;209;276;0.241;0.496;0.00341;0.00449; 52240;4067;13068;9.8;10.6;36;0.728;2.18;0.333;0.667;202;268;0.246;0.509;0.00326;0.00433; 53040;4126;14410;9.67;10.6;37;0.728;2.19;0.333;0.667;225;289;0.221;0.488;0.00364;0.00468; 53760;8148;12909;15.5;17.7;36;0.00123;1.15;0.00107;0.667;0.124;2.43;0.949;0.0465;0.00119;0.0233; 26800;0;8;9.7;12.6;47;7.35e+03;9.6e+03;3.65e+03; 37%; 49%; 18%;9.52e+03;3.52e+03;7.38e+03; 48%; 18%; 38%;9.81e+03;9.94e+03;3.8e+03; 50%; 51%; 19%;4.91e+03;4.61e+03;4.76e+03; 25%; 23%; 24%;50.1;49.9;0;0;0;0;0;0;0;50;50;0;0;0;0;0;0;0;49.9;50;0;0.0827;0;0;0;0;0;0.16;77.6;0;22.3;0;0;0;0;0;103;104;113;62.4;24.6 ;25.2 ;32.6 ;24.8 ;
2017-09-04;14:18:26.183;0.153;0.72;0.213;0.667;395;431;0.0849;0.241;0.00753;0.00823;41.8;57.4;5.24e+04;7.28e+04;2.12e+03;1.44;36;0.307;7.67;7.92e+04;32;53.7;0.00838;14.4;0;0;0;0;0;323;106;0.211;0.729;0.289;0.667;127;141;0.0961;0.266;0.00711;0.00786; 51680;5161;15510;10.4;13.7;37;0.209;0.735;0.285;0.667;135;146;0.0813;0.247;0.00753;0.00819; 53520;5487;16611;10.4;13.5;39;0.193;0.694;0.278;0.667;132;142;0.0654;0.208;0.00803;0.00859; 51680;5731;16650;10.6;13.8;38;0.000992;0.751;0.00132;0.667;0.104;1.97;0.947;0.0468;0.00122;0.0232; 26880;0;5;10.4;16.3;46;8.5e+03;8.62e+03;4.03e+03; 43%; 44%; 20%;8.84e+03;4.27e+03;8.43e+03; 45%; 21%; 43%;8.84e+03;8.58e+03;4.3e+03; 45%; 43%; 22%;5.05e+03;5.02e+03;4.74e+03; 25%; 25%; 24%;43.3;43.9;0.0325;12.8;0;0;0;0;0;42.7;46.7;0;10.6;0;0;0;0;0;41.7;48.7;0;9.59;0;0;0;0;0;0.198;75.2;0.00107;24.6;0;0;0;0;0;86.9;83.9;91.5;61.1;26 ;26.3 ;27.3 ;26.3 ;
2017-09-04;14:18:27.194;0.111;0.481;0.23;0.667;445;449;0.00876;0.00835;0.0118;0.0119;47.9;66.8;3.78e+04;7.87e+04;2.15e+03;0.961;24;0.221;5.54;9.13e+04;34.5;58.4;0;7.06;0;0;0;0;0;340;117;0.154;0.472;0.327;0.667;160;161;0.0055;0.0086;0.0121;0.0121; 51920;6854;20532;12;15.8;39;0.146;0.485;0.301;0.667;146;147;0.00423;0.00806;0.0117;0.0118; 51200;6447;19344;12;15.9;39;0.141;0.486;0.291;0.667;139;140;0.00329;0.00778;0.0115;0.0116; 51040;6226;18727;12;16;40;0.00106;0.711;0.00149;0.667;0.118;2.09;0.943;0.0466;0.00131;0.0231; 26640;0;2;12;19.1;47;1.01e+04;9.97e+03;5.1e+03; 51%; 51%; 26%;9.67e+03;4.82e+03;1.02e+04; 49%; 24%; 52%;9.69e+03;1e+04;4.7e+03; 49%; 51%; 24%;5.47e+03;5.61e+03;5.95e+03; 27%; 28%; 30%;49.1;48.3;0;2.62;0;0;0;0;0;45.1;51.5;0;3.43;0;0;0;0;0;43.7;53.2;0;3.12;0;0;0;0;0;0.224;80.7;0;19.1;0;0;0;0;0;92.1;86.9;95.9;64.7;28.6 ;28.8 ;29.9 ;29.6 ;
2017-09-04;14:18:28.206;0.617;2.51;0.246;0.667;547;650;0.159;0.431;0.00261;0.0031;42.2;30.7;2.1e+05;8.36e+04;2.12e+03;5.02;125;1.23;30.9;6.79e+04;36.9;54;0;9.11;0;0;0;0;0;385;95.6;0.803;2.45;0.328;0.667;182;216;0.156;0.445;0.00267;0.00316; 50880;3681;11076;10.6;7.35;37;0.813;2.48;0.327;0.667;177;210;0.156;0.424;0.00257;0.00304; 51520;3888;11170;10.5;7.33;37;0.853;2.6;0.328;0.667;188;222;0.155;0.425;0.00259;0.00307; 56800;3960;11701;10.5;7.26;37;0.00124;1.18;0.00105;0.667;0.124;2.48;0.95;0.0456;0.00117;0.0234; 27120;0;4;10.5;8.8;47;6.95e+03;7.13e+03;3.25e+03; 35%; 36%; 16%;7.12e+03;3.23e+03;7.02e+03; 36%; 16%; 36%;6.97e+03;7.05e+03;3.28e+03; 35%; 36%; 16%;5.44e+03;5.19e+03;5.3e+03; 27%; 26%; 27%;49.2;49.3;0;1.44;0;0;0;0;0;49.1;50.1;0;0.838;0;0;0;0;0;49.2;50.2;0;0.662;0;0;0;0;0;0.158;66.4;0;33.5;0;0;0;0;0;105;105;114;60.8;23.5 ;24.1 ;24.7 ;23.3 ;
2017-09-04;14:18:29.217;0.634;2.53;0.251;0.667;562;659;0.146;0.324;0.00261;0.00306;43.1;31.1;2.15e+05;8.51e+04;2.12e+03;5.06;127;1.27;31.7;6.92e+04;37.6;58.1;0;4.34;0;0;0;0;0;392;96.1;0.83;2.48;0.334;0.667;179;210;0.147;0.326;0.00254;0.00298; 54560;3704;11067;10.8;7.43;36;0.828;2.48;0.333;0.667;191;222;0.139;0.321;0.00272;0.00316; 49200;4162;12270;10.8;7.38;36;0.878;2.63;0.333;0.667;192;224;0.144;0.329;0.00257;0.003; 52720;3879;11694;10.8;7.35;37;0.00126;1.2;0.00105;0.667;0.122;2.52;0.952;0.0458;0.00113;0.0235; 27200;2;0;10.7;8.89;47;7.24e+03;7.25e+03;3.31e+03; 37%; 37%; 17%;7.23e+03;3.29e+03;6.99e+03; 37%; 16%; 36%;7.27e+03;7.04e+03;3.34e+03; 37%; 36%; 17%;5.52e+03;5.49e+03;5.28e+03; 28%; 28%; 27%;50.1;49.9;0;0;0;0;0;0;0;50;50;0;0;0;0;0;0;0;50;50;0;0;0;0;0;0;0;0.158;82.5;0;17.4;0;0;0;0;0;106;107;116;62.9;23.6 ;24.1 ;25.1 ;23.4 ;
2017-09-04;14:18:30.232;0.146;2.04;0.0719;0.667;89;113;0.212;0.361;0.00179;0.00227;6.55;6.38;4.98e+04;2.45e+04;2.12e+03;4.07;102;0.293;7.32;1.11e+04;10.8;48.3;0.013;40.9;0;0;0;0;0;181;47.1;0.226;1.95;0.116;0.667;34.5;45.7;0.246;0.328;0.0018;0.00238; 51200;856;2558;1.65;1.47;42;0.225;2.1;0.107;0.667;32.9;40.6;0.19;0.39;0.00172;0.00212; 50880;855;2463;1.64;1.47;41;0.135;2.1;0.0642;0.667;21.6;26.3;0.182;0.369;0.00188;0.0023; 47920;463;1395;1.63;1.61;44;0.000157;0.661;0.000237;0.667;0.0253;0.255;0.901;0.0749;0.0019;0.0191; 26480;1;0;1.63;1.82;48;1.33e+03;1.06e+03;623;  6%;  5%;  3%;1.05e+03;618;1.34e+03;  5%;  3%;  6%;1.13e+03;1.16e+03;434;  5%;  5%;  2%;614;872;905;  3%;  4%;  4%;17.4;19.8;0.0521;62.8;0;0;0;0;0;16.1;47.7;0;36.2;0;0;0;0;0;9.64;48.9;0;41.4;0;0;0;0;0;0.0356;76.8;0;23.1;0;0;0;0;0;47;47.6;46;40.2;11.6 ;11.9 ;12.3 ;11.3 ;
2017-09-04;14:18:31.247;0.0425;1.54;0.0275;0.667;15.5;25.1;0.384;0.391;0.00107;0.00173;1.37;1.98;1.45e+04;9.39e+03;2.13e+03;3.09;77.2;0.085;2.13;2.53e+03;4.13;41.4;0.0125;54.5;0;0;0;0;0;142;35.1;0.0734;1.46;0.0501;0.667;6.66;12.9;0.484;0.311;0.00107;0.00206; 52240;207;606;0.34;0.447;43;0.0512;1.67;0.0306;0.667;4.67;6.43;0.274;0.461;0.00107;0.00147; 52400;134;440;0.333;0.479;43;0.0454;1.55;0.0292;0.667;4.12;5.68;0.274;0.458;0.00107;0.00147; 50720;135;400;0.342;0.488;45;6.88e-05;0.398;0.000173;0.667;0.0144;0.0778;0.815;0.124;0.00245;0.0133; 26800;0;1;0.35;0.569;49;293;283;169;  1%;  1%;  0%;238;124;299;  1%;  0%;  1%;242;296;115;  1%;  1%;  0%;131;140;197;  0%;  0%;  1%;7.51;8.53;0.0499;83.9;0;0;0;0;0;4.6;46.2;0;49.2;0;0;0;0;0;4.38;54.9;0;40.7;0;0;0;0;0;0.0259;55.8;0;44.1;0;0;0;0;0;35.1;35.6;37.3;34.3;8.8 ;8.85 ;9.12 ;8.32 ;
2017-09-04;14:18:32.318;0.708;2.86;0.248;0.667;545;664;0.178;0.415;0.00214;0.00261;41.9;33.9;2.55e+05;8.9e+04;2.13e+03;5.72;143;1.42;35.4;6.87e+04;37.1;55.2;0;7.71;0;0;0;0;0;418;100;0.919;2.81;0.327;0.667;189;229;0.174;0.429;0.00231;0.00279; 51360;3706;11151;10.5;8.07;37;0.956;2.89;0.331;0.667;178;217;0.178;0.423;0.00207;0.00251; 50000;3924;11629;10.5;8.07;38;0.958;2.89;0.331;0.667;178;216;0.174;0.393;0.00206;0.0025; 53520;3735;11183;10.5;8.09;38;0.00127;1.13;0.00112;0.667;0.139;2.7;0.949;0.0449;0.00121;0.0236; 27120;0;2;10.4;9.63;47;7.08e+03;7.06e+03;3.37e+03; 34%; 34%; 16%;7.05e+03;3.34e+03;7.39e+03; 34%; 16%; 35%;7.05e+03;7.41e+03;3.33e+03; 34%; 36%; 16%;5.08e+03;5.09e+03;5.47e+03; 24%; 24%; 26%;49.1;50.3;0;0.578;0;0;0;0;0;49.6;50.2;0;0.158;0;0;0;0;0;49.7;50.2;0;0.0887;0;0;0;0;0;0.169;69.9;0;29.9;0;0;0;0;0;114;115;124;64.4;24.5 ;25.2 ;26.2 ;24.4 ;
2017-09-04;14:18:33.331;0.685;2.9;0.236;0.667;487;589;0.173;0.364;0.00208;0.00252;36.2;29.7;2.34e+05;8.06e+04;2.25e+03;5.8;145;1.37;34.2;5.95e+04;35.4;56.8;0;7.75;0;0;0;0;0;387;90.4;0.942;2.88;0.327;0.667;175;210;0.169;0.349;0.00216;0.0026; 51920;3604;10817;9.09;7.04;40;0.899;2.91;0.309;0.667;157;190;0.171;0.372;0.00206;0.00248; 51440;3406;10228;9.03;7.1;39;0.894;2.91;0.307;0.667;154;186;0.171;0.374;0.00203;0.00245; 52880;3235;9650;9.05;7.12;41;0.00116;1.16;0.000993;0.667;0.12;2.31;0.948;0.0455;0.00122;0.0235; 26640;0;1;8.99;8.45;48;6.22e+03;6.13e+03;2.97e+03; 31%; 31%; 15%;6.05e+03;2.88e+03;6.39e+03; 31%; 14%; 32%;6.1e+03;6.39e+03;2.86e+03; 31%; 32%; 14%;4.35e+03;4.43e+03;4.72e+03; 22%; 22%; 24%;49;47.6;0;3.37;0;0;0;0;0;46.4;49.9;0;3.76;0;0;0;0;0;46.1;49.9;0;4;0;0;0;0;0;0.149;79.9;0;19.9;0;0;0;0;0;107;106;113;61.5;22.2 ;22.6 ;23.6 ;22 ;
2017-09-04;14:18:34.344;0.492;2.15;0.229;0.667;580;777;0.253;0.599;0.00347;0.00464;41.1;47.5;1.67e+05;7.78e+04;2.13e+03;4.3;108;0.983;24.6;7.24e+04;34.3;55.2;0.0064;10.4;0;0;0;0;0;359;101;0.657;2.14;0.307;0.667;187;255;0.266;0.627;0.00335;0.00456; 52240;3556;11725;9;9.83;37;0.655;2.16;0.304;0.667;183;248;0.259;0.604;0.00329;0.00445; 50640;3691;12962;8.87;9.78;37;0.654;2.15;0.303;0.667;210;272;0.228;0.565;0.00378;0.00489; 53040;7727;12070;14.3;16.3;37;0.00146;1.22;0.00119;0.667;0.123;2.43;0.949;0.0545;0.000992;0.0195; 27040;0;5;8.88;11.6;47;6.7e+03;8.81e+03;3.29e+03; 34%; 45%; 16%;8.82e+03;3.23e+03;6.71e+03; 45%; 16%; 34%;9.1e+03;9.1e+03;3.55e+03; 46%; 46%; 18%;4.57e+03;4.22e+03;4.29e+03; 23%; 21%; 22%;46;46.4;0.0246;7.57;0;0;0;0;0;45.5;49.4;0;5.06;0;0;0;0;0;45.5;50.1;0;4.41;0;0;0;0;0;0.179;75.1;0.000998;24.7;0;0;0;0;0;96.5;97;106;59.9;23.4 ;23.9 ;30.7 ;23.4 ;
2017-09-04;14:18:35.356;0.547;2.18;0.251;0.667;645;844;0.236;0.496;0.00346;0.00453;45.2;52.1;1.86e+05;8.53e+04;2.13e+03;4.37;109;1.09;27.4;7.97e+04;37.6;57.5;0;4.89;0;0;0;0;0;383;108;0.736;2.2;0.334;0.667;207;275;0.248;0.503;0.0033;0.00438; 50400;4064;13018;9.89;10.8;37;0.72;2.16;0.334;0.667;207;271;0.237;0.503;0.00338;0.00443; 53200;4222;14648;9.77;10.7;37;0.731;2.19;0.334;0.667;231;295;0.217;0.485;0.00372;0.00474; 54480;8542;13240;15.7;17.9;37;0.00129;1.16;0.00111;0.667;0.135;2.56;0.947;0.0454;0.00123;0.0234; 27280;0;4;9.79;12.7;47;7.38e+03;9.55e+03;3.6e+03; 37%; 49%; 18%;9.84e+03;3.6e+03;7.42e+03; 50%; 18%; 38%;1.02e+04;9.86e+03;3.89e+03; 52%; 50%; 19%;5.01e+03;4.69e+03;4.72e+03; 25%; 24%; 24%;50.1;49.9;0;0;0;0;0;0;0;50;50;0;0;0;0;0;0;0;50;50;0;0;0;0;0;0;0;0.167;80.3;0;19.6;0;0;0;0;0;103;104;114;62.7;24.8 ;25.4 ;32.7 ;24.8 ;
2017-09-04;14:18:36.367;0.544;2.18;0.25;0.667;645;842;0.234;0.495;0.00349;0.00455;45.1;52.2;1.85e+05;8.51e+04;2.13e+03;4.35;109;1.09;27.2;7.96e+04;37.5;59.4;0.00135;3.06;0;0;0;0;0;383;108;0.734;2.2;0.334;0.667;204;272;0.249;0.504;0.00327;0.00436; 52880;3999;12866;9.88;10.8;37;0.718;2.15;0.333;0.667;208;272;0.236;0.502;0.0034;0.00445; 53440;4163;14676;9.74;10.7;37;0.723;2.17;0.333;0.667;233;296;0.213;0.482;0.00379;0.00481; 52320;8712;13496;15.7;18;37;0.00126;1.15;0.00109;0.667;0.131;2.48;0.947;0.0464;0.00122;0.0233; 26720;0;6;9.77;12.8;47;7.37e+03;9.49e+03;3.56e+03; 37%; 48%; 18%;9.88e+03;3.61e+03;7.39e+03; 50%; 18%; 38%;1.02e+04;9.79e+03;3.9e+03; 52%; 50%; 20%;5.01e+03;4.7e+03;4.68e+03; 25%; 24%; 24%;50;49.8;0.0054;0.12;0;0;0;0;0;50;50;0;0;0;0;0;0;0;49.9;49.9;0;0.144;0;0;0;0;0;0.164;87.9;0;12;0;0;0;0;0;103;103;113;63.4;24.8 ;25.2 ;33 ;24.9 ;
2017-09-04;14:18:37.389;0.145;0.682;0.212;0.667;391;421;0.0707;0.208;0.00791;0.00851;41.5;57.3;4.94e+04;7.24e+04;2.12e+03;1.36;34.1;0.289;7.23;7.89e+04;31.8;55.3;0;12.9;0;0;0;0;0;323;106;0.185;0.66;0.281;0.667;119;129;0.0779;0.221;0.00754;0.00817; 52400;4979;15015;10.3;13.7;37;0.206;0.715;0.288;0.667;140;149;0.066;0.217;0.00794;0.0085; 52160;5618;17004;10.3;13.4;39;0.186;0.672;0.277;0.667;132;140;0.0568;0.187;0.00828;0.00878; 51200;5680;16636;10.5;13.8;38;0.00098;0.72;0.00136;0.667;0.109;1.94;0.944;0.0469;0.0013;0.0231; 27440;0;7;10.3;16.3;47;8.45e+03;8.44e+03;3.92e+03; 43%; 43%; 20%;9e+03;4.34e+03;8.34e+03; 46%; 22%; 42%;9.03e+03;8.34e+03;4.28e+03; 46%; 42%; 21%;5.02e+03;5.09e+03;4.58e+03; 25%; 26%; 23%;42.2;42.1;0;15.8;0;0;0;0;0;43.2;47.9;0;8.87;0;0;0;0;0;41.6;47.9;0;10.5;0;0;0;0;0;0.204;83.4;0;16.4;0;0;0;0;0;85.2;84.2;91.5;62;26.1 ;26.2 ;27.1 ;26.5 ;
2017-09-04;14:18:38.402;0.119;0.509;0.233;0.667;456;462;0.0127;0.0517;0.0113;0.0114;48.9;67.5;4.05e+04;7.95e+04;2.15e+03;1.02;25.5;0.237;5.93;9.28e+04;34.9;52.9;0.00156;12.1;0;1.25;0;0;0;341;118;0.165;0.499;0.33;0.667;165;166;0.00828;0.0484;0.0117;0.0118; 52240;6924;20735;12.3;15.9;38;0.156;0.511;0.305;0.667;148;150;0.00829;0.0476;0.0111;0.0112; 52800;6448;19364;12.2;16.1;39;0.153;0.519;0.294;0.667;144;145;0.00867;0.0598;0.011;0.0111; 54320;6319;18980;12.2;16.2;39;0.00106;0.747;0.00143;0.667;0.111;2.12;0.948;0.0465;0.00122;0.0233; 27040;0;1;12.2;19.3;47;1.03e+04;1.01e+04;5.2e+03; 52%; 51%; 26%;9.8e+03;4.86e+03;1.03e+04; 50%; 24%; 52%;9.81e+03;1.02e+04;4.77e+03; 50%; 52%; 24%;5.59e+03;5.71e+03;6.11e+03; 28%; 29%; 31%;49.5;49.1;0.00623;1.45;0;0;0;0;0;45.7;47.6;0;6.7;0;0;0;0;0;44.2;44.5;0;11.3;0;5.01;0;0;0;0.214;70.7;0;29.1;0;0;0;0;0;93.3;87.5;96.1;63.9;29 ;29.5 ;30.2 ;29.8 ;
2017-09-04;14:18:39.413;0.572;2.28;0.251;0.667;514;601;0.145;0.326;0.00264;0.00309;39.2;28.7;1.95e+05;8.52e+04;2.13e+03;4.57;114;1.14;28.6;6.32e+04;37.6;54;0;8.39;0;0;0;0;0;376;91.9;0.741;2.22;0.334;0.667;167;195;0.143;0.323;0.00265;0.0031; 51200;3590;10454;9.86;6.86;37;0.75;2.25;0.334;0.667;163;191;0.144;0.331;0.00256;0.00299; 49520;3639;10359;9.8;6.84;38;0.795;2.38;0.334;0.667;183;213;0.138;0.325;0.00271;0.00314; 52800;3774;11224;9.79;6.75;38;0.00127;1.15;0.0011;0.667;0.131;2.52;0.948;0.0456;0.00121;0.0233; 27440;1;6;9.78;8.2;47;6.39e+03;6.77e+03;3.01e+03; 32%; 34%; 15%;6.76e+03;3e+03;6.44e+03; 34%; 15%; 33%;6.43e+03;6.52e+03;3.08e+03; 33%; 33%; 15%;5.2e+03;4.76e+03;4.87e+03; 26%; 24%; 25%;50.1;49.9;0;0;0;0;0;0;0;50;50;0;0;0;0;0;0;0;50;50;0;0;0;0;0;0;0;0.166;66.3;0;33.6;0;0;0;0;0;101;102;112;60.6;22.6 ;23 ;23.9 ;22.4 ;
2017-09-04;14:18:40.424;0.571;2.28;0.25;0.667;491;578;0.15;0.326;0.00254;0.00298;37.4;28.2;1.94e+05;8.5e+04;2.12e+03;4.56;114;1.14;28.5;6.06e+04;37.5;57;0;5.42;0;0;0;0;0;373;91.1;0.737;2.21;0.334;0.667;153;180;0.15;0.329;0.00245;0.00288; 55120;3143;9450;9.4;6.76;38;0.748;2.25;0.333;0.667;159;187;0.147;0.327;0.00251;0.00294; 53040;3613;10461;9.33;6.71;38;0.796;2.39;0.333;0.667;179;209;0.144;0.324;0.00264;0.00309; 50560;3617;10891;9.34;6.64;39;0.00126;1.18;0.00107;0.667;0.126;2.51;0.95;0.0458;0.00117;0.0234; 26800;0;4;9.32;8.06;47;6.19e+03;6.57e+03;2.89e+03; 31%; 33%; 14%;6.57e+03;2.9e+03;6.06e+03; 33%; 14%; 31%;6.25e+03;6.12e+03;2.96e+03; 32%; 31%; 15%;5.01e+03;4.59e+03;4.5e+03; 25%; 23%; 23%;50;49.9;0;0.0576;0;0;0;0;0;50;50;0;0.00655;0;0;0;0;0;50;50;0;0;0;0;0;0;0;0.161;78.2;0;21.6;0;0;0;0;0;100;101;111;61.4;22.2 ;22.8 ;23.9 ;22.2 ;
2017-09-04;14:18:41.437;0.194;1.8;0.108;0.667;97.6;127;0.233;0.38;0.00148;0.00193;7.35;8.41;6.59e+04;3.67e+04;2.12e+03;3.59;89.8;0.388;9.7;1.31e+04;16.2;51.7;0.00634;32.1;0;0;0;0;0;191;52.3;0.284;1.75;0.163;0.667;37.3;50.1;0.255;0.349;0.00154;0.00207; 53760;1040;2859;1.86;1.96;42;0.25;1.7;0.148;0.667;28.5;36.9;0.228;0.42;0.00134;0.00174; 50080;824;2410;1.84;2.02;41;0.241;1.99;0.122;0.667;31.8;40.2;0.208;0.378;0.00155;0.00196; 49040;799;2376;1.83;2.03;44;6.87e-05;0.331;0.000208;0.667;0.0142;0.0817;0.827;0.135;0.00242;0.014; 26960;2;1;1.83;2.4;48;1.39e+03;1.42e+03;728;  7%;  7%;  3%;1.35e+03;656;1.49e+03;  6%;  3%;  7%;1.28e+03;1.47e+03;630;  6%;  7%;  3%;848;803;989;  4%;  4%;  5%;24.4;25.1;0.0254;50.5;0;0;0;0;0;22.1;55.8;0;22;0;0;0;0;0;18.2;51.2;0;30.6;0;0;0;0;0;0.0312;74.8;0;25.2;0;0;0;0;0;50.3;49.9;50.6;40.2;12.8 ;13.2 ;13.8 ;12.4 ;
2017-09-04;14:18:42.449;0.127;1.68;0.0756;0.667;58.4;82.9;0.295;0.562;0.00135;0.00192;4.72;5.8;4.33e+04;2.57e+04;2.13e+03;3.36;84.1;0.254;6.36;8.51e+03;11.3;48.4;0.0189;40.2;0;0;0;0;0;168;45.5;0.194;1.63;0.119;0.667;21.9;34;0.355;0.586;0.00133;0.00205; 51200;613;1672;1.19;1.35;41;0.187;1.63;0.115;0.667;19.1;26.2;0.27;0.549;0.0012;0.00164; 51520;534;1601;1.18;1.36;42;0.127;1.85;0.0687;0.667;17.4;22.7;0.233;0.54;0.00161;0.0021; 52720;502;1456;1.18;1.43;42;7.51e-05;0.355;0.000211;0.667;0.0148;0.0862;0.828;0.13;0.00232;0.0135; 26720;1;0;1.17;1.65;48;965;914;487;  4%;  4%;  2%;893;473;1e+03;  4%;  2%;  5%;836;898;368;  4%;  4%;  1%;507;551;613;  2%;  2%;  3%;17.8;19.1;0.0431;63;0;0;0;0;0;17.2;57.5;0;25.3;0;0;0;0;0;10.3;56;0;33.7;0;0;0;0;0;0.0317;61;0.0324;38.9;0;0;0;0;0;43.4;44.6;43.4;36.3;11.2 ;11.5 ;12 ;10.8 ;
2017-09-04;14:18:43.461;0.651;2.97;0.219;0.667;425;517;0.179;0.404;0.00192;0.00233;31.9;29.5;2.22e+05;7.45e+04;2.13e+03;5.95;149;1.3;32.6;5.38e+04;32.9;49.5;0.00167;17.6;0;0;0;0;0;376;88.6;0.772;3.02;0.256;0.667;112;139;0.195;0.385;0.0017;0.00211; 53440;2655;7931;7.99;7.24;38;0.869;3.03;0.287;0.667;126;156;0.19;0.479;0.00171;0.00211; 51040;3044;9059;7.94;7.08;38;0.965;2.89;0.333;0.667;187;222;0.161;0.35;0.00227;0.00271; 49120;3797;11427;8.01;6.75;39;7.01e-05;0.524;0.000134;0.667;0.0162;0.0881;0.817;0.109;0.00271;0.0148; 26800;0;2;7.94;8.39;47;5.14e+03;6.35e+03;2.44e+03; 26%; 32%; 12%;6.52e+03;2.61e+03;4.99e+03; 33%; 13%; 25%;5.65e+03;5.36e+03;2.97e+03; 29%; 27%; 15%;4.82e+03;3.6e+03;3.36e+03; 24%; 18%; 17%;38.4;38.7;0.00669;23;0;0;0;0;0;43.1;48.4;0;8.51;0;0;0;0;0;50;50;0;0;0;0;0;0;0;0.02;60.9;0;39.1;0;0;0;0;0;96.9;103;117;59.3;21.9 ;22.3 ;22.9 ;21.5 ;
2017-09-04;14:18:44.473;0.68;2.91;0.234;0.667;476;573;0.17;0.363;0.00206;0.00248;35.7;30;2.31e+05;7.94e+04;2.12e+03;5.82;145;1.36;34;5.9e+04;35;54.7;0.00274;10.2;0;0;0;0;0;387;91.2;0.895;2.9;0.309;0.667;158;190;0.17;0.35;0.00208;0.0025; 51440;3234;9547;9;7.17;39;0.856;2.94;0.292;0.667;141;171;0.175;0.382;0.00194;0.00235; 50880;3239;9884;8.92;7.24;39;0.967;2.9;0.333;0.667;176;211;0.166;0.358;0.00214;0.00257; 50400;3760;11256;8.92;7.01;39;0.000379;1.1;0.000345;0.667;0.0538;0.274;0.804;0.132;0.00167;0.00849; 26480;1;2;8.89;8.54;48;5.81e+03;6.54e+03;2.86e+03; 29%; 33%; 14%;6.43e+03;2.78e+03;6.04e+03; 33%; 14%; 31%;5.91e+03;6.29e+03;3.03e+03; 30%; 32%; 15%;4.8e+03;4.09e+03;4.42e+03; 24%; 21%; 22%;46.4;46.9;0.011;6.78;0;0;0;0;0;43.8;49;0;7.26;0;0;0;0;0;50;50;0;0;0;0;0;0;0;0.0518;73.1;0;26.9;0;0;0;0;0;105;103;118;61.1;22.4 ;22.9 ;23.8 ;22.1 ;
2017-09-04;14:18:45.485;0.444;2.26;0.197;0.667;471;619;0.238;0.512;0.00312;0.0041;33.6;38.5;1.51e+05;6.68e+04;2.12e+03;4.52;113;0.888;22.2;5.96e+04;29.5;51.7;0;18.8;0;0.526;0;0;0;339;91.2;0.527;2.16;0.244;0.667;147;194;0.241;0.515;0.00329;0.00433; 55440;3014;10405;7.44;8.06;38;0.517;2.19;0.236;0.667;139;185;0.249;0.531;0.00317;0.00422; 49600;3217;10481;7.34;8.08;38;0.731;2.39;0.305;0.667;185;238;0.222;0.495;0.00298;0.00383; 51600;3816;9314;11.5;12.9;37;0.000896;1.14;0.000787;0.667;0.0994;1.76;0.943;0.0476;0.00131;0.0231; 27360;0;1;7.34;9.48;47;5.31e+03;7.65e+03;2.63e+03; 27%; 39%; 13%;7.3e+03;2.49e+03;5.32e+03; 37%; 12%; 27%;7.27e+03;7.62e+03;3.14e+03; 37%; 39%; 16%;4.21e+03;3.23e+03;3.38e+03; 21%; 16%; 17%;36.6;36.8;0;26.6;0;2.1;0;0;0;35.4;44.9;0;19.7;0;0;0;0;0;45.8;49.3;0;4.87;0;0;0;0;0;0.118;75.7;0;24.2;0;0;0;0;0;86.8;86.9;106;59;21.2 ;21.9 ;27 ;21.1 ;
2017-09-04;14:18:46.497;0.543;2.17;0.251;0.667;625;824;0.242;0.5;0.00338;0.00446;44;50.6;1.85e+05;8.52e+04;2.13e+03;4.34;108;1.09;27.2;7.81e+04;37.6;58.6;0;3.78;0;0;0;0;0;382;106;0.711;2.13;0.334;0.667;209;274;0.236;0.495;0.00346;0.00453; 54160;4239;14693;9.64;10.3;37;0.726;2.18;0.334;0.667;200;266;0.247;0.508;0.00325;0.00431; 51440;4597;15180;9.49;10.3;38;0.735;2.2;0.333;0.667;215;281;0.235;0.498;0.00344;0.0045; 52080;4378;10097;15.3;17.6;37;0.0013;1.18;0.00109;0.667;0.124;2.58;0.952;0.047;0.00113;0.0234; 27200;0;0;9.53;12.3;47;7.36e+03;9.66e+03;3.55e+03; 37%; 49%; 18%;9.28e+03;3.44e+03;7.36e+03; 47%; 17%; 37%;9.64e+03;1e+04;3.78e+03; 49%; 51%; 19%;4.9e+03;4.52e+03;4.64e+03; 25%; 23%; 23%;50.1;49.9;0;0;0;0;0;0;0;50;50;0;0;0;0;0;0;0;50;50;0;0;0;0;0;0;0;0.164;84.7;0;15.1;0;0;0;0;0;102;103;114;63;24.5 ;24.9 ;32.5 ;24.4 ;
2017-09-04;14:18:47.509;0.543;2.17;0.25;0.667;633;831;0.238;0.497;0.00343;0.0045;44.5;51.4;1.85e+05;8.51e+04;2.12e+03;4.34;108;1.09;27.1;7.9e+04;37.6;59.4;0;3.07;0;0;0;0;0;383;107;0.714;2.14;0.334;0.667;207;273;0.239;0.497;0.00342;0.00449; 54720;4239;14626;9.75;10.5;37;0.721;2.16;0.333;0.667;205;270;0.241;0.504;0.00334;0.0044; 51680;4723;15501;9.61;10.5;37;0.735;2.21;0.333;0.667;221;286;0.229;0.493;0.00354;0.00458; 51280;4467;10291;15.5;17.9;37;0.00128;1.2;0.00106;0.667;0.13;2.53;0.949;0.0472;0.0012;0.0233; 27360;0;1;9.62;12.5;47;7.39e+03;9.66e+03;3.54e+03; 38%; 49%; 18%;9.55e+03;3.49e+03;7.41e+03; 49%; 17%; 38%;9.92e+03;9.98e+03;3.87e+03; 51%; 51%; 19%;5.01e+03;4.56e+03;4.62e+03; 25%; 23%; 23%;50.1;49.9;0;0;0;0;0;0;0;50;50;0;0;0;0;0;0;0;50;50;0;0;0;0;0;0;0;0.159;87.5;0;12.3;0;0;0;0;0;103;103;113;63.4;24.7 ;25 ;32.8 ;24.8 ;
2017-09-04;14:18:48.530;0.241;1.23;0.195;0.667;392;468;0.162;0.395;0.00477;0.00569;36.5;48.8;8.22e+04;6.66e+04;2.13e+03;2.47;61.7;0.481;12;6.86e+04;29.2;57;0.00386;13.7;0;0;0;0;0;322;97;0.362;1.3;0.279;0.667;142;172;0.173;0.412;0.00461;0.00557; 51680;4632;14301;8.88;11.2;38;0.318;1.23;0.259;0.667;132;156;0.156;0.391;0.00485;0.00574; 52960;4606;14072;8.85;11.4;39;0.282;1.17;0.241;0.667;118;138;0.148;0.378;0.00489;0.00574; 52000;4233;12498;9.89;13;38;0.000737;0.744;0.00099;0.667;0.081;1.45;0.944;0.0491;0.00128;0.0229; 27040;0;3;8.84;13.3;47;7.32e+03;7.66e+03;3.55e+03; 37%; 39%; 18%;7.51e+03;3.54e+03;7.35e+03; 38%; 18%; 37%;7.64e+03;7.86e+03;3.43e+03; 39%; 40%; 17%;4.09e+03;4.27e+03;4.34e+03; 20%; 21%; 22%;41.9;42;0.0155;16;0;0;0;0;0;38.8;48.6;0;12.6;0;0;0;0;0;36.1;50.5;0;13.4;0;0;0;0;0;0.149;87;0;12.9;0;0;0;0;0;87.5;83.8;90;60.7;23.5 ;23.7 ;26.1 ;23.7 ;
2017-09-04;14:18:49.550;0.115;0.458;0.251;0.667;458;462;0.00916;0.00832;0.0116;0.0117;50.9;72.6;3.94e+04;8.6e+04;2.14e+03;0.916;22.9;0.23;5.75;9.73e+04;37.6;57.9;0;4.47;0;0;0;0;0;353;123;0.144;0.43;0.335;0.667;144;145;0.00545;0.00866;0.0117;0.0117; 51520;6418;19235;12.8;17.5;37;0.156;0.468;0.333;0.667;156;156;0.00324;0.00788;0.0116;0.0117; 52720;6946;20836;12.7;17.4;39;0.158;0.475;0.333;0.667;158;158;0.00318;0.00779;0.0116;0.0117; 52960;7024;21103;12.7;17.4;38;0.00127;0.743;0.00172;0.667;0.13;2.56;0.949;0.0459;0.00119;0.0234; 27280;0;3;12.7;20.3;46;1.05e+04;1.05e+04;4.92e+03; 53%; 53%; 25%;1.09e+04;5.28e+03;1.04e+04; 55%; 26%; 52%;1.09e+04;1.05e+04;5.35e+03; 55%; 53%; 27%;6.22e+03;6.16e+03;5.72e+03; 31%; 31%; 29%;50.3;49.7;0;0;0;0;0;0;0;50;50;0;0;0;0;0;0;0;50;50;0;0;0;0;0;0;0;0.257;81.9;0;17.9;0;0;0;0;0;94.3;90.6;102;65.9;30.4 ;30.5 ;31.3 ;30.8 ;
2017-09-04;14:18:50.562;0.4;1.7;0.235;0.667;447;509;0.122;0.335;0.00327;0.00373;36.4;34.1;1.37e+05;8.04e+04;2.14e+03;3.4;85;0.8;20;6.19e+04;35.3;52.3;0;12.4;0;0;0;0;0;332;93;0.531;1.6;0.332;0.667;172;191;0.101;0.289;0.00378;0.0042; 51520;4650;13866;9.13;7.81;39;0.534;1.74;0.308;0.667;141;161;0.129;0.374;0.00308;0.00353; 52720;3752;10806;9.11;8.25;39;0.533;1.77;0.3;0.667;135;155;0.13;0.347;0.00297;0.00341; 39840;3269;9880;9.11;8.37;40;0.00113;1.02;0.0011;0.667;0.122;2.26;0.946;0.046;0.00127;0.0235; 27200;0;2;9.08;9.66;47;6.76e+03;6.56e+03;3.5e+03; 34%; 33%; 17%;6e+03;2.91e+03;6.99e+03; 30%; 14%; 35%;6.02e+03;6.85e+03;2.8e+03; 30%; 35%; 14%;4.12e+03;4.26e+03;5.12e+03; 21%; 21%; 26%;49.8;49.5;0;0.664;0;0;0;0;0;46.2;48.6;0;5.18;0;0;0;0;0;45;50.5;0;4.51;0;0;0;0;0;0.166;60.6;0;39.2;0;0;0;0;0;91.1;89.3;94.5;56.9;22.5 ;23.3 ;24.4 ;22.9 ;
2017-09-04;14:18:51.573;0.483;1.93;0.25;0.667;402;477;0.156;0.329;0.00245;0.0029;30.6;24.3;1.64e+05;8.5e+04;2.12e+03;3.86;96.5;0.967;24.2;5.01e+04;37.5;55.9;0.00028;6.52;0;0;0;0;0;323;84.2;0.633;1.9;0.334;0.667;127;151;0.156;0.325;0.00237;0.00281; 53680;2641;8001;7.69;5.82;40;0.645;1.93;0.333;0.667;135;160;0.151;0.34;0.00247;0.00291; 51920;3026;8873;7.63;5.77;40;0.655;1.97;0.333;0.667;139;164;0.149;0.324;0.0025;0.00294; 49200;2909;8715;7.64;5.75;40;0.00129;1.08;0.0012;0.667;0.131;2.58;0.949;0.0454;0.0012;0.0235; 27440;0;3;7.61;6.95;48;5.26e+03;5.32e+03;2.41e+03; 27%; 27%; 12%;5.32e+03;2.42e+03;5.07e+03; 27%; 12%; 26%;5.27e+03;5.11e+03;2.45e+03; 27%; 26%; 12%;3.93e+03;3.85e+03;3.69e+03; 20%; 19%; 18%;50;50;0;0;0;0;0;0;0;50;50;0;0;0;0;0;0;0;50;50;0;0;0;0;0;0;0;0.179;73.7;0.00112;26.1;0;0;0;0;0;87.2;87.4;93.5;55;20.7 ;21.2 ;22.1 ;20.2 ;
2017-09-04;14:18:52.585;0.37;1.85;0.199;0.667;259;315;0.178;0.347;0.00206;0.00251;19.6;17.6;1.26e+05;6.78e+04;2.12e+03;3.71;92.7;0.74;18.5;3.28e+04;29.9;54.7;0.0027;15.4;0;0;0;0;0;260;71.2;0.479;1.79;0.268;0.667;82.6;101;0.185;0.336;0.00203;0.00249; 52720;1858;5518;4.92;4.2;42;0.488;1.86;0.262;0.667;86.4;104;0.17;0.357;0.00209;0.00251; 43840;2116;6177;4.88;4.18;41;0.512;1.91;0.268;0.667;90.2;109;0.171;0.349;0.00207;0.0025; 51280;1982;6010;4.89;4.14;43;0.000456;0.843;0.000541;0.667;0.0556;0.869;0.936;0.0527;0.00143;0.0224; 26720;0;1;4.88;5.02;48;3.45e+03;3.52e+03;1.61e+03; 17%; 18%;  8%;3.5e+03;1.6e+03;3.35e+03; 18%;  8%; 17%;3.48e+03;3.42e+03;1.66e+03; 17%; 17%;  8%;2.5e+03;2.4e+03;2.35e+03; 12%; 12%; 12%;40.2;41.5;0.0108;18.3;0;0;0;0;0;39.2;43.6;0;17.2;0;0;0;0;0;40.2;47.6;0;12.3;0;0;0;0;0;0.0812;86.2;0;13.7;0;0;0;0;0;69.8;68.3;73.5;48.4;17.4 ;17.8 ;18.9 ;17.1 ;
2017-09-04;14:18:53.598;0.202;1.53;0.132;0.667;97.9;129;0.239;0.381;0.00143;0.00188;7.51;8.83;6.86e+04;4.49e+04;2.13e+03;3.06;76.4;0.403;10.1;1.34e+04;19.8;57;0.00749;23.2;0;0;0;0;0;187;53.6;0.315;1.5;0.21;0.667;42.1;56.2;0.251;0.343;0.00157;0.00209; 50640;1045;3056;1.89;2.02;42;0.263;1.51;0.175;0.667;30.7;39.6;0.226;0.412;0.00137;0.00177; 55840;807;2455;1.87;2.11;43;0.228;1.6;0.143;0.667;25.1;32.9;0.235;0.403;0.00129;0.00169; 51040;704;2065;1.87;2.17;45;9.33e-05;0.343;0.000272;0.667;0.0266;0.101;0.738;0.181;0.00335;0.0128; 27280;3;0;1.87;2.53;49;1.51e+03;1.39e+03;803;  7%;  7%;  4%;1.26e+03;674;1.62e+03;  6%;  3%;  8%;1.3e+03;1.56e+03;604;  6%;  8%;  3%;741;845;1.1e+03;  3%;  4%;  5%;31.5;36.1;0.03;32.4;0;0;0;0;0;26.2;53.3;0;20.5;0;0;0;0;0;21.4;58;0;20.6;0;0;0;0;0;0.0408;80.6;0;19.4;0;0;0;0;0;51.5;48.4;48.5;39;13 ;13.6 ;14.2 ;12.8 ;
2017-09-04;14:18:54.609;0.604;2.7;0.224;0.667;462;565;0.181;0.442;0.00225;0.00275;35.7;28;2.05e+05;7.6e+04;2.13e+03;5.4;135;1.21;30.2;5.82e+04;33.5;56.2;0.16;10.1;0;0;0;0;0;362;88;0.824;2.74;0.301;0.667;142;176;0.194;0.478;0.00203;0.00252; 52240;3001;8928;8.99;6.71;38;0.796;2.68;0.297;0.667;164;197;0.17;0.423;0.00242;0.00292; 48000;3403;10158;8.92;6.65;38;0.794;2.7;0.295;0.667;157;189;0.172;0.426;0.00232;0.0028; 51680;3212;9565;8.91;6.66;39;0.0014;1.23;0.00114;0.667;0.126;2.32;0.946;0.0557;0.00105;0.0195; 27520;1;6;8.88;7.98;48;6.3e+03;6.12e+03;2.83e+03; 32%; 31%; 14%;6.1e+03;2.81e+03;5.82e+03; 31%; 14%; 29%;6.22e+03;5.81e+03;2.82e+03; 31%; 29%; 14%;4.5e+03;4.67e+03;4.22e+03; 23%; 24%; 21%;45.2;45.2;0;9.61;0;0;0;0;0;44.6;51.3;0;4.13;0;0;0;0;0;44.2;50.7;0;5.09;0;0;0;0;0;0.171;77.4;0.638;21.8;0;0;0;0;0;98.8;98.8;106;58.5;21.5 ;22 ;23.1 ;21.4 ;
2017-09-04;14:18:55.620;0.696;2.78;0.251;0.667;508;612;0.17;0.356;0.00215;0.00258;38.5;31.1;2.37e+05;8.51e+04;2.12e+03;5.56;139;1.39;34.8;6.31e+04;37.6;58.8;0;3.63;0;0;0;0;0;396;93.2;0.936;2.8;0.334;0.667;160;194;0.171;0.362;0.00202;0.00243; 55520;3433;10178;9.69;7.45;38;0.922;2.76;0.333;0.667;176;210;0.163;0.358;0.00224;0.00268; 52080;4013;11888;9.62;7.39;37;0.926;2.78;0.333;0.667;172;205;0.165;0.351;0.00218;0.00261; 49840;3601;10741;9.64;7.4;38;0.00128;1.25;0.00103;0.667;0.129;2.51;0.949;0.0467;0.00118;0.023; 27920;0;3;9.56;8.85;47;6.75e+03;6.64e+03;3.07e+03; 34%; 34%; 15%;6.63e+03;3.07e+03;6.4e+03; 34%; 15%; 32%;6.71e+03;6.4e+03;3.08e+03; 34%; 32%; 15%;4.85e+03;4.94e+03;4.61e+03; 24%; 25%; 23%;50.1;49.9;0;0;0;0;0;0;0;50;50;0;0;0;0;0;0;0;50;50;0;0;0;0;0;0;0;0.154;85.3;0;14.5;0;0;0;0;0;108;109;117;62.6;22.9 ;23.2 ;24.3 ;22.8 ;
2017-09-04;14:18:56.632;0.489;2.3;0.213;0.667;490;650;0.247;0.593;0.00295;0.00391;34.9;38.4;1.66e+05;7.22e+04;2.12e+03;4.6;115;0.978;24.5;6.13e+04;31.9;57.3;0.0103;10.9;0;1.75;0;0;0;344;91.1;0.626;2.28;0.274;0.667;159;213;0.252;0.623;0.003;0.00401; 53200;3197;10924;7.89;8.11;38;0.667;2.36;0.283;0.667;161;214;0.249;0.594;0.00284;0.00378; 50480;3748;11921;7.79;8.03;38;0.659;2.37;0.278;0.667;170;221;0.233;0.559;0.00303;0.00395; 51520;3408;8457;11.5;12.7;37;0.00494;0.309;0.016;0.667;0.0985;1.99;0.95;0.0473;0.000235;0.00474; 27680;0;3;7.79;9.62;47;5.92e+03;7.34e+03;2.79e+03; 30%; 37%; 14%;7.18e+03;2.79e+03;5.85e+03; 36%; 14%; 30%;7.42e+03;7.51e+03;3e+03; 38%; 38%; 15%;4.02e+03;3.79e+03;3.71e+03; 20%; 19%; 19%;41.1;41.4;0.0412;17.5;0;7.02;0;0;0;42.4;48.4;0;9.22;0;0;0;0;0;41.7;51.2;0;7.18;0;0;0;0;0;2.4;88.1;0;9.53;0;0;0;0;0;90.4;92.9;101;59.8;21.3 ;21.7 ;26.7 ;21.3 ;
2017-09-04;14:18:57.644;0.546;2.18;0.251;0.667;633;833;0.24;0.499;0.00341;0.00448;44.5;51.3;1.86e+05;8.52e+04;2.13e+03;4.36;109;1.09;27.3;7.9e+04;37.6;59.5;0;2.88;0;0;0;0;0;383;107;0.716;2.14;0.334;0.667;209;274;0.238;0.496;0.00343;0.0045; 52960;4268;14748;9.75;10.5;38;0.728;2.18;0.333;0.667;204;270;0.245;0.506;0.0033;0.00437; 51360;4730;15457;9.59;10.4;37;0.74;2.22;0.333;0.667;220;286;0.23;0.495;0.0035;0.00455; 51040;4489;10191;15.5;17.8;37;0.0013;1.17;0.00111;0.667;0.13;2.56;0.949;0.0458;0.00118;0.0232; 28000;0;5;9.62;12.5;47;7.4e+03;9.69e+03;3.55e+03; 38%; 49%; 18%;9.5e+03;3.49e+03;7.4e+03; 48%; 17%; 38%;9.86e+03;1e+04;3.85e+03; 50%; 51%; 19%;4.99e+03;4.57e+03;4.64e+03; 25%; 23%; 23%;50.1;49.9;0;0;0;0;0;0;0;50;50;0;0;0;0;0;0;0;50;50;0;0;0;0;0;0;0;0.166;88.3;0;11.5;0;0;0;0;0;103;103;114;63.4;24.7 ;24.9 ;32.9 ;24.7 ;
2017-09-04;14:18:58.656;0.55;2.19;0.251;0.667;635;836;0.24;0.499;0.0034;0.00447;44.6;51.4;1.87e+05;8.52e+04;2.13e+03;4.39;110;1.1;27.5;7.92e+04;37.6;59.5;0;2.97;0;0;0;0;0;384;107;0.723;2.17;0.334;0.667;208;274;0.241;0.5;0.00338;0.00445; 55440;4222;14665;9.8;10.6;37;0.728;2.18;0.333;0.667;206;272;0.242;0.504;0.00333;0.00439; 51200;4731;15596;9.64;10.5;38;0.746;2.24;0.333;0.667;222;288;0.23;0.496;0.0035;0.00455; 52720;4497;10277;15.5;17.8;37;0.00131;1.16;0.00113;0.667;0.132;2.57;0.949;0.0466;0.00119;0.0232; 28000;0;6;9.67;12.5;47;7.42e+03;9.66e+03;3.54e+03; 38%; 49%; 18%;9.55e+03;3.51e+03;7.43e+03; 49%; 18%; 38%;9.92e+03;9.98e+03;3.88e+03; 51%; 51%; 19%;5.03e+03;4.59e+03;4.64e+03; 25%; 23%; 23%;50.1;49.9;0;0;0;0;0;0;0;50;50;0;0;0;0;0;0;0;50;50;0;0;0;0;0;0;0;0.169;88;0;11.9;0;0;0;0;0;103;104;114;63.4;24.9 ;25.2 ;32.7 ;24.6 ;
2017-09-04;14:18:59.675;0.259;1.26;0.206;0.667;427;507;0.159;0.391;0.00482;0.00573;38.3;50.2;8.85e+04;7.01e+04;2.12e+03;2.52;63.1;0.519;13;7.18e+04;30.8;57.7;0;11.5;0;0;0;0;0;328;100;0.386;1.31;0.294;0.667;152;183;0.168;0.407;0.00463;0.00557; 50640;4790;14767;9.26;11.5;38;0.347;1.26;0.274;0.667;146;172;0.152;0.389;0.00494;0.00583; 51520;4893;14944;9.23;11.5;40;0.304;1.2;0.253;0.667;128;150;0.146;0.374;0.00494;0.00579; 53200;4401;12838;10.6;13.5;39;0.000769;0.785;0.000979;0.667;0.0844;1.5;0.944;0.0487;0.00128;0.0229; 27920;1;5;9.22;13.7;47;7.65e+03;8.03e+03;3.69e+03; 39%; 41%; 18%;7.89e+03;3.71e+03;7.66e+03; 40%; 19%; 39%;8.07e+03;8.25e+03;3.55e+03; 41%; 42%; 18%;4.26e+03;4.5e+03;4.51e+03; 21%; 23%; 23%;44.2;44.1;0;11.7;0;0;0;0;0;41.2;45.4;0;13.4;0;0;0;0;0;37.9;51.5;0;10.5;0;0;0;0;0;0.147;89.5;0;10.3;0;0;0;0;0;89.2;85.5;91.7;61.5;24 ;24.4 ;27.1 ;24.4 ;
2017-09-04;14:19:00.693;0.114;0.453;0.251;0.667;474;478;0.00865;0.00824;0.0122;0.0123;50.2;70;3.89e+04;8.59e+04;2.14e+03;0.906;22.6;0.227;5.68;9.55e+04;37.6;58.2;0;4.17;0;0;0;0;0;347;121;0.14;0.419;0.335;0.667;146;147;0.00508;0.00854;0.0122;0.0122; 52080;6240;18706;12.6;16.9;37;0.155;0.464;0.334;0.667;162;163;0.00289;0.00781;0.0122;0.0123; 53120;6872;20663;12.5;16.6;39;0.158;0.473;0.334;0.667;165;165;0.00288;0.00779;0.0122;0.0122; 50080;7017;21031;12.5;16.5;38;0.00129;0.799;0.00162;0.667;0.133;2.57;0.948;0.0459;0.0012;0.0232; 27680;0;4;12.5;20;46;1.02e+04;1.03e+04;4.79e+03; 52%; 52%; 24%;1.07e+04;5.22e+03;1.01e+04; 54%; 26%; 51%;1.07e+04;1.02e+04;5.31e+03; 54%; 52%; 27%;6.18e+03;6.08e+03;5.56e+03; 31%; 31%; 28%;50.2;49.8;0;0;0;0;0;0;0;50;50;0;0;0;0;0;0;0;50;50;0;0;0;0;0;0;0;0.243;83.1;0;16.7;0;0;0;0;0;92.9;89.3;98.8;65.6;29.8 ;29.8 ;30.7 ;30.4 ;
2017-09-04;14:19:01.705;0.312;1.36;0.23;0.667;380;440;0.138;0.484;0.00357;0.00414;31.2;30.3;1.06e+05;7.84e+04;2.14e+03;2.71;67.8;0.624;15.6;5.35e+04;34.5;55.5;0;9.95;0;0;0;0;0;308;84.6;0.43;1.3;0.33;0.667;148;169;0.124;0.493;0.00403;0.0046; 50880;4144;12382;7.83;6.83;39;0.41;1.37;0.299;0.667;118;139;0.148;0.525;0.00338;0.00397; 49120;3184;9279;7.78;7.33;39;0.408;1.41;0.289;0.667;113;131;0.134;0.424;0.00327;0.00377; 50560;2802;8468;7.78;7.45;40;0.00106;0.992;0.00107;0.667;0.105;2.1;0.95;0.0469;0.00116;0.0232; 27760;0;5;7.76;8.65;47;5.98e+03;5.83e+03;3.22e+03; 30%; 29%; 16%;5.12e+03;2.49e+03;6.05e+03; 26%; 12%; 31%;5.08e+03;5.87e+03;2.33e+03; 26%; 30%; 11%;3.48e+03;3.6e+03;4.42e+03; 17%; 18%; 22%;49.5;49.3;0;1.18;0;0;0;0;0;44.9;47.8;0;7.31;0;0;0;0;0;43.4;51.6;0;5;0;0;0;0;0;0.161;73.5;0;26.3;0;0;0;0;0;84.9;80.7;86.6;55.7;20.7 ;21.5 ;21.8 ;20.6 ;
2017-09-04;14:19:02.716;0.374;1.5;0.25;0.667;310;369;0.161;0.324;0.00243;0.0029;23.8;19;1.27e+05;8.5e+04;2.12e+03;2.99;74.9;0.749;18.7;3.9e+04;37.5;55.8;0;6.63;0;0;0;0;0;285;74.8;0.509;1.53;0.333;0.667;108;128;0.152;0.311;0.00251;0.00296; 55200;2315;7001;5.97;4.49;41;0.498;1.5;0.333;0.667;101;119;0.157;0.339;0.00238;0.00282; 50080;2329;6930;5.93;4.51;41;0.49;1.47;0.333;0.667;101;119;0.157;0.326;0.00242;0.00287; 50480;2071;6256;5.94;4.54;42;0.0013;1.03;0.00127;0.667;0.13;2.57;0.95;0.0456;0.00117;0.0233; 27840;1;2;5.92;5.42;48;4.06e+03;4.06e+03;1.93e+03; 20%; 20%;  9%;4e+03;1.88e+03;4.15e+03; 20%;  9%; 21%;3.96e+03;4.14e+03;1.86e+03; 20%; 21%;  9%;2.93e+03;2.91e+03;3.07e+03; 15%; 14%; 15%;50;50;0;0;0;0;0;0;0;49.9;50.1;0;0;0;0;0;0;0;49.9;50.1;0;0;0;0;0;0;0;0.19;73.3;0;26.5;0;0;0;0;0;78;76.2;80.7;50.5;18.2 ;18.7 ;19.7 ;18.2 ;
2017-09-04;14:19:03.727;0.407;1.63;0.25;0.667;331;395;0.161;0.327;0.00239;0.00285;25.2;20.5;1.38e+05;8.5e+04;2.12e+03;3.25;81.3;0.814;20.3;4.14e+04;37.5;57.8;0;4.64;0;0;0;0;0;292;77.4;0.546;1.64;0.334;0.667;111;132;0.156;0.318;0.00239;0.00283; 53840;2496;7464;6.33;4.86;40;0.543;1.63;0.333;0.667;108;128;0.158;0.344;0.00234;0.00278; 48960;2559;7572;6.28;4.87;41;0.537;1.61;0.333;0.667;112;132;0.154;0.323;0.00246;0.0029; 54480;2319;6740;6.29;4.89;41;0.00129;1.01;0.00128;0.667;0.13;2.57;0.949;0.0454;0.00119;0.0234; 28000;0;4;6.26;5.85;48;4.33e+03;4.39e+03;2.06e+03; 22%; 22%; 10%;4.33e+03;2.01e+03;4.34e+03; 22%; 10%; 22%;4.23e+03;4.31e+03;1.98e+03; 21%; 22%; 10%;3.16e+03;3.08e+03;3.17e+03; 16%; 15%; 16%;50;50;0;0;0;0;0;0;0;50;50;0;0;0;0;0;0;0;50;50;0;0;0;0;0;0;0;0.192;81.2;0;18.6;0;0;0;0;0;79.4;78.1;83;51.9;18.9 ;19.5 ;20.5 ;18.6 ;
2017-09-04;14:19:04.739;0.362;1.55;0.233;0.667;269;325;0.171;0.336;0.00219;0.00264;20.3;17.9;1.23e+05;7.92e+04;2.12e+03;3.11;77.6;0.723;18.1;3.4e+04;34.9;58.2;0.00226;6.91;0;0;0;0;0;266;73;0.474;1.56;0.304;0.667;85.6;104;0.176;0.326;0.00213;0.00258; 52480;1968;5677;5.11;4.3;42;0.48;1.56;0.307;0.667;84.8;102;0.169;0.356;0.00208;0.0025; 50000;1956;6013;5.07;4.27;42;0.492;1.54;0.32;0.667;98.8;117;0.159;0.33;0.00236;0.00281; 51600;2055;6068;5.07;4.24;43;0.00105;1.06;0.00099;0.667;0.0886;1.6;0.945;0.0612;0.000992;0.0179; 27280;3;4;5.05;5.13;49;3.47e+03;3.75e+03;1.66e+03; 17%; 19%;  8%;3.76e+03;1.68e+03;3.48e+03; 19%;  8%; 17%;3.47e+03;3.49e+03;1.69e+03; 17%; 17%;  8%;2.7e+03;2.4e+03;2.43e+03; 13%; 12%; 12%;45.5;45.6;0.00801;8.89;0;0;0;0;0;46.1;50.1;0;3.86;0;0;0;0;0;48;50.5;0;1.58;0;0;0;0;0;0.148;86.6;0.00103;13.3;0;0;0;0;0;71.3;70.3;75.3;49.1;17.9 ;18.2 ;19.3 ;17.7 ;
2017-09-04;14:19:05.750;0.392;1.75;0.224;0.667;300;367;0.183;0.42;0.00225;0.00276;23.1;18.3;1.33e+05;7.6e+04;2.13e+03;3.5;87.5;0.783;19.6;3.77e+04;33.6;57.9;0.00634;8.55;0;0;0;0;0;295;69.8;0.529;1.75;0.302;0.667;94.3;114;0.174;0.347;0.0021;0.00254; 52880;1929;5728;5.8;4.38;41;0.521;1.76;0.297;0.667;101;127;0.199;0.531;0.00229;0.00286; 50480;2052;6090;5.75;4.34;41;0.514;1.74;0.295;0.667;104;124;0.16;0.329;0.00238;0.00283; 49600;2113;6361;5.77;4.35;42;0.00112;1.02;0.0011;0.667;0.107;2.21;0.952;0.0464;0.00113;0.0232; 28320;1;4;5.74;5.2;48;3.97e+03;4e+03;1.83e+03; 20%; 20%;  9%;4.01e+03;1.83e+03;3.81e+03; 20%;  9%; 19%;3.95e+03;3.81e+03;1.83e+03; 20%; 19%;  9%;2.96e+03;2.92e+03;2.76e+03; 15%; 15%; 14%;45.3;45.8;0.0254;8.84;0;0;0;0;0;44.5;48.9;0;6.57;0;0;0;0;0;44.2;50.2;0;5.64;0;0;0;0;0;0.164;86.7;0;13.2;0;0;0;0;0;79.7;78.9;83.4;53.2;17 ;17.6 ;18.3 ;16.9 ;
2017-09-04;14:19:06.762;0.45;1.8;0.25;0.667;321;388;0.173;0.349;0.0021;0.00254;24.7;21.2;1.53e+05;8.5e+04;2.12e+03;3.6;90;0.901;22.5;4.11e+04;37.5;59.3;0;3.12;0;0;0;0;0;309;76.2;0.604;1.81;0.334;0.667;105;127;0.172;0.349;0.00205;0.00247; 51360;2225;6611;6.22;5.08;40;0.597;1.79;0.333;0.667;109;130;0.165;0.356;0.00214;0.00257; 48800;2829;8235;6.19;5.03;40;0.599;1.8;0.333;0.667;107;128;0.165;0.344;0.00211;0.00252; 46560;2083;6211;6.2;5.03;42;0.0013;1.02;0.00128;0.667;0.133;2.56;0.948;0.0471;0.00121;0.0233; 27760;0;6;6.14;6.02;48;4.32e+03;4.29e+03;1.99e+03; 22%; 22%; 10%;4.32e+03;2.02e+03;4.27e+03; 22%; 10%; 22%;4.36e+03;4.3e+03;2.04e+03; 22%; 22%; 10%;3.07e+03;3.11e+03;3.03e+03; 15%; 16%; 15%;50;50;0;0;0;0;0;0;0;49.9;50.1;0;0;0;0;0;0;0;49.9;50.1;0;0;0;0;0;0;0;0.191;87.3;0;12.5;0;0;0;0;0;84.9;82.6;87;54.1;18.9 ;19.2 ;19.8 ;18.3 ;
2017-09-04;14:19:07.772;0.469;1.87;0.25;0.667;310;375;0.175;0.357;0.00195;0.00236;23;21.6;1.59e+05;8.5e+04;2.12e+03;3.74;93.6;0.937;23.4;3.9e+04;37.5;60.5;0;1.99;0;0;0;0;0;305;76.2;0.626;1.88;0.333;0.667;104;126;0.175;0.356;0.00195;0.00237; 52560;2291;6725;5.82;5.21;40;0.623;1.87;0.333;0.667;104;125;0.167;0.364;0.00197;0.00237; 50560;2607;7578;5.76;5.13;40;0.623;1.87;0.333;0.667;101;121;0.166;0.355;0.00191;0.00229; 50720;2410;7296;5.76;5.14;41;0.00129;1.01;0.00127;0.667;0.128;2.56;0.95;0.0468;0.00117;0.0234; 28160;1;2;5.71;6.15;48;4.1e+03;4.04e+03;1.88e+03; 21%; 20%;  9%;4.11e+03;1.97e+03;4.14e+03; 21%; 10%; 21%;4.18e+03;4.15e+03;1.98e+03; 21%; 21%; 10%;2.8e+03;2.86e+03;2.82e+03; 14%; 14%; 14%;50;50;0;0;0;0;0;0;0;50;50;0;0;0;0;0;0;0;50;50;0;0;0;0;0;0;0;0.191;91.9;0;7.95;0;0;0;0;0;84.3;80.8;85.9;54.1;18.8 ;19.2 ;19.9 ;18.3 ;
2017-09-04;14:19:08.784;0.383;1.97;0.194;0.667;366;474;0.228;0.486;0.00281;0.00364;26.4;29.8;1.3e+05;6.6e+04;2.12e+03;3.94;98.6;0.766;19.2;4.65e+04;29.1;58;0;12.8;0;0;0;0;0;298;79;0.51;1.89;0.269;0.667;121;157;0.229;0.481;0.0028;0.00364; 51520;2415;8232;5.98;6.33;39;0.51;2;0.256;0.667;119;154;0.23;0.495;0.00273;0.00355; 50720;2686;8739;5.89;6.28;39;0.511;2.03;0.252;0.667;126;161;0.217;0.484;0.00291;0.00371; 53520;2811;6802;8.62;9.67;38;0.0009;1.07;0.00084;0.667;0.104;1.72;0.939;0.0493;0.00136;0.0225; 28000;0;2;5.9;7.51;48;4.48e+03;5.53e+03;2.15e+03; 23%; 28%; 11%;5.4e+03;2.12e+03;4.51e+03; 27%; 10%; 23%;5.6e+03;5.74e+03;2.31e+03; 28%; 29%; 11%;3.01e+03;2.81e+03;2.87e+03; 15%; 14%; 14%;40.4;40.3;0;19.3;0;0;0;0;0;38.3;50;0;11.7;0;0;0;0;0;37.8;49.8;0;12.4;0;0;0;0;0;0.126;92.1;0;7.78;0;0;0;0;0;79.7;78.9;85;54.7;18.6 ;19.2 ;22.7 ;18.4 ;
2017-09-04;14:19:09.796;0.548;2.19;0.251;0.667;630;831;0.242;0.5;0.00338;0.00446;44.3;51;1.86e+05;8.52e+04;2.13e+03;4.38;109;1.1;27.4;7.86e+04;37.6;60.6;0;1.86;0;0;0;0;0;383;107;0.717;2.15;0.334;0.667;210;275;0.237;0.496;0.00344;0.00451; 52320;4186;14698;9.73;10.5;38;0.735;2.21;0.333;0.667;201;268;0.249;0.51;0.00322;0.00429; 50880;4640;15082;9.59;10.4;38;0.739;2.22;0.333;0.667;219;285;0.232;0.496;0.00349;0.00454; 50960;4489;10171;15.4;17.7;38;0.0013;1.16;0.00111;0.667;0.132;2.56;0.949;0.0465;0.00119;0.0232; 28000;0;7;9.6;12.4;47;7.4e+03;9.72e+03;3.56e+03; 38%; 50%; 18%;9.34e+03;3.45e+03;7.4e+03; 48%; 17%; 38%;9.68e+03;1.01e+04;3.84e+03; 49%; 51%; 19%;4.98e+03;4.55e+03;4.65e+03; 25%; 23%; 23%;50.1;49.9;0;0;0;0;0;0;0;50;50;0;0;0;0;0;0;0;50;50;0;0;0;0;0;0;0;0.167;92.4;0;7.43;0;0;0;0;0;102;103;113;63.7;24.7 ;25.1 ;32.5 ;24.5 ;
2017-09-04;14:19:10.807;0.548;2.19;0.251;0.667;631;831;0.241;0.5;0.00339;0.00446;44.4;51;1.86e+05;8.51e+04;2.12e+03;4.38;109;1.1;27.4;7.86e+04;37.6;59.5;0;2.9;0;0;0;0;0;383;107;0.717;2.15;0.334;0.667;208;274;0.239;0.497;0.00342;0.00449; 51920;4094;14291;9.76;10.5;38;0.738;2.21;0.333;0.667;200;267;0.25;0.511;0.0032;0.00427; 51680;4630;15069;9.59;10.4;38;0.737;2.21;0.333;0.667;222;288;0.228;0.493;0.00355;0.0046; 50560;4492;10340;15.4;17.6;38;0.00129;1.16;0.00111;0.667;0.132;2.56;0.948;0.0472;0.0012;0.0233; 27840;0;3;9.64;12.5;47;7.36e+03;9.72e+03;3.56e+03; 37%; 50%; 18%;9.32e+03;3.44e+03;7.36e+03; 48%; 17%; 37%;9.67e+03;1e+04;3.89e+03; 49%; 51%; 20%;5.03e+03;4.53e+03;4.65e+03; 25%; 23%; 23%;50.1;49.9;0;0;0;0;0;0;0;50;50;0;0;0;0;0;0;0;50;50;0;0;0;0;0;0;0;0.167;88.2;0;11.6;0;0;0;0;0;103;103;114;63.4;24.7 ;25.2 ;32.4 ;24.6 ;
2017-09-04;14:19:11.828;0.336;1.64;0.205;0.667;448;565;0.207;0.458;0.00391;0.00493;36.7;45.9;1.15e+05;6.98e+04;2.12e+03;3.28;82.1;0.672;16.8;6.76e+04;30.7;57.7;0.00199;11.6;0;0;0;0;0;333;97.4;0.488;1.68;0.291;0.667;160;203;0.213;0.465;0.00385;0.00489; 51040;4271;13785;8.64;10.2;38;0.436;1.61;0.271;0.667;148;185;0.201;0.455;0.00398;0.00498; 54480;4347;13564;8.58;10.2;40;0.419;1.64;0.256;0.667;140;175;0.201;0.456;0.0039;0.00489; 55200;3881;10911;10.9;13.4;39;0.000778;0.896;0.000869;0.667;0.0859;1.53;0.944;0.0494;0.00129;0.0229; 27760;1;5;8.58;12.2;47;6.95e+03;7.78e+03;3.39e+03; 35%; 39%; 17%;7.58e+03;3.34e+03;7.02e+03; 38%; 17%; 35%;7.75e+03;8.04e+03;3.29e+03; 39%; 41%; 16%;4.05e+03;4.14e+03;4.26e+03; 20%; 21%; 21%;43.6;44;0.00797;12.4;0;0;0;0;0;40.6;47.6;0;11.8;0;0;0;0;0;38.4;49.3;0;12.3;0;0;0;0;0;0.13;90;0;9.83;0;0;0;0;0;90.4;87.2;94.2;60.8;23 ;23.7 ;27.2 ;23.5 ;
2017-09-04;14:19:12.847;0.115;0.458;0.251;0.667;481;485;0.0087;0.00952;0.0122;0.0123;50.8;70.9;3.94e+04;8.6e+04;2.14e+03;0.916;22.9;0.23;5.75;9.68e+04;37.6;60.3;0;2.05;0;0;0;0;0;348;122;0.143;0.428;0.335;0.667;149;150;0.00527;0.0102;0.0122;0.0122; 53040;6379;19113;12.7;17.1;38;0.157;0.47;0.334;0.667;165;165;0.00316;0.00904;0.0123;0.0123; 53200;6972;20898;12.7;16.8;40;0.159;0.476;0.333;0.667;166;167;0.00303;0.00875;0.0122;0.0123; 53040;7051;21129;12.7;16.8;39;0.00129;0.801;0.00161;0.667;0.135;2.53;0.947;0.0471;0.00122;0.0229; 27760;0;4;12.7;20.2;47;1.04e+04;1.05e+04;4.88e+03; 53%; 53%; 24%;1.08e+04;5.28e+03;1.03e+04; 55%; 26%; 52%;1.08e+04;1.04e+04;5.34e+03; 55%; 52%; 27%;6.23e+03;6.16e+03;5.68e+03; 31%; 31%; 29%;50.2;49.8;0;0;0;0;0;0;0;50;50;0;0;0;0;0;0;0;50;50;0;0;0;0;0;0;0;0.242;91.6;0;8.19;0;0;0;0;0;93.3;89.6;99;66.3;29.8 ;30.1 ;31.1 ;30.7 ;
2017-09-04;14:19:13.838;0.258;1.13;0.227;0.667;401;438;0.0862;0.282;0.00465;0.00509;35.1;38.1;8.62e+04;7.59e+04;2.1e+03;2.27;56.7;0.515;12.9;6.2e+04;34.1;58.4;0;7.54;0;0;0;0;0;310;90.3;0.356;1.1;0.324;0.667;156;168;0.0727;0.262;0.00523;0.00564; 54880;4779;14299;8.81;8.77;40;0.338;1.15;0.295;0.667;123;136;0.0899;0.319;0.00437;0.0048; 51120;3900;11462;8.76;9.18;41;0.335;1.16;0.289;0.667;121;132;0.086;0.27;0.00433;0.00473; 50480;3635;10948;8.75;9.24;41;0.00108;0.845;0.00128;0.667;0.118;2.1;0.944;0.0474;0.00131;0.0233; 27840;1;5;8.74;10.9;47;6.83e+03;6.73e+03;3.61e+03; 35%; 35%; 18%;6.12e+03;2.99e+03;7.01e+03; 32%; 15%; 36%;6.08e+03;6.88e+03;2.89e+03; 31%; 36%; 15%;3.96e+03;4.01e+03;4.84e+03; 20%; 21%; 25%;48.5;48.1;0;3.37;0;0;0;0;0;44.2;47.9;0;7.94;0;0;0;0;0;43.3;52.1;0;4.56;0;0;0;0;0;0.192;85.5;0;14.3;0;0;0;0;0;84.5;80.3;86.7;58;22.2 ;22.7 ;23.1 ;22.3 ;
2017-09-04;14:19:14.849;0.368;1.47;0.25;0.667;331;391;0.152;0.313;0.00265;0.00312;26.1;19.1;1.25e+05;8.5e+04;2.12e+03;2.95;73.6;0.737;18.4;4.21e+04;37.5;59;0.000174;3.43;0;0;0;0;0;292;75.2;0.487;1.46;0.333;0.667;110;129;0.145;0.302;0.00267;0.00313; 52160;2480;7105;6.55;4.55;41;0.494;1.48;0.333;0.667;108;127;0.15;0.332;0.00256;0.00302; 53040;2337;6894;6.52;4.56;41;0.491;1.48;0.333;0.667;113;132;0.143;0.309;0.00272;0.00317; 48880;2428;7370;6.52;4.55;42;0.00157;1.09;0.00144;0.667;0.134;2.66;0.95;0.0544;0.00101;0.02; 27680;0;4;6.51;5.47;48;4.34e+03;4.45e+03;2.05e+03; 22%; 22%; 10%;4.41e+03;2.01e+03;4.35e+03; 22%; 10%; 22%;4.28e+03;4.36e+03;2.01e+03; 22%; 22%; 10%;3.36e+03;3.22e+03;3.29e+03; 17%; 16%; 16%;50;50;0;0;0;0;0;0;0;49.9;50.1;0;0;0;0;0;0;0;49.9;50.1;0;0;0;0;0;0;0;0.215;86.1;0.000695;13.7;0;0;0;0;0;78.9;78;82.7;52.7;18.4 ;18.8 ;19.7 ;18.3 ;
2017-09-04;14:19:15.860;0.397;1.59;0.25;0.667;324;386;0.16;0.328;0.00241;0.00287;24.5;19.7;1.35e+05;8.5e+04;2.12e+03;3.17;79.3;0.794;19.8;4.02e+04;37.5;60.1;0;2.39;0;0;0;0;0;295;75.8;0.535;1.6;0.334;0.667;109;130;0.156;0.316;0.00241;0.00285; 52240;2511;7248;6.15;4.68;41;0.525;1.58;0.333;0.667;104;124;0.16;0.348;0.00233;0.00277; 50480;2452;7319;6.11;4.72;41;0.526;1.58;0.333;0.667;111;131;0.151;0.325;0.00248;0.00292; 49200;2306;6831;6.11;4.71;42;0.00129;0.985;0.00131;0.667;0.134;2.56;0.948;0.0459;0.00122;0.0233; 27680;0;8;6.09;5.64;48;4.16e+03;4.29e+03;2e+03; 21%; 22%; 10%;4.21e+03;1.93e+03;4.2e+03; 21%;  9%; 21%;4.06e+03;4.21e+03;1.93e+03; 20%; 21%;  9%;3.11e+03;2.95e+03;3.09e+03; 16%; 15%; 15%;50;50;0;0;0;0;0;0;0;50;50;0;0;0;0;0;0;0;50;50;0;0;0;0;0;0;0;0.197;90.2;0;9.58;0;0;0;0;0;79;78.7;84;53.2;18.5 ;19.1 ;20 ;18.1 ;
2017-09-04;14:19:16.870;0.401;1.6;0.25;0.667;314;376;0.164;0.331;0.00231;0.00276;23.8;20.3;1.36e+05;8.49e+04;2.12e+03;3.21;80.1;0.802;20.1;3.95e+04;37.5;60.1;0;2.35;0;0;0;0;0;296;77;0.526;1.58;0.334;0.667;96.8;116;0.166;0.326;0.00217;0.0026; 58480;2265;6428;5.99;4.86;41;0.538;1.61;0.333;0.667;104;124;0.159;0.347;0.00228;0.00271; 47040;2384;7190;5.94;4.83;41;0.539;1.62;0.333;0.667;113;133;0.151;0.324;0.00248;0.00291; 51520;2361;7059;5.94;4.83;41;0.00127;1.01;0.00126;0.667;0.129;2.51;0.949;0.0464;0.0012;0.0232; 27440;0;3;5.91;5.82;48;4.16e+03;4.33e+03;1.96e+03; 21%; 22%; 10%;4.31e+03;1.94e+03;3.99e+03; 22%; 10%; 20%;4.1e+03;3.98e+03;1.92e+03; 21%; 20%;  9%;3.12e+03;2.92e+03;2.81e+03; 16%; 15%; 14%;50;50;0;0;0;0;0;0;0;50;50;0;0;0;0;0;0;0;50;50;0;0;0;0;0;0;0;0.189;90.4;0;9.4;0;0;0;0;0;79.2;79.6;83.7;53.4;18.8 ;19.4 ;20.3 ;18.4 ;
2017-09-04;14:19:17.881;0.36;1.65;0.218;0.667;267;333;0.198;0.471;0.00218;0.00272;20.4;16.8;1.22e+05;7.41e+04;2.12e+03;3.3;82.6;0.721;18;3.35e+04;32.7;58.6;0;8.73;0;0;0;0;0;279;67.5;0.499;1.68;0.297;0.667;85.8;109;0.211;0.502;0.00203;0.00257; 53520;1982;5544;5.14;4.01;40;0.473;1.65;0.287;0.667;90.3;112;0.195;0.498;0.00225;0.0028; 49120;2094;6209;5.1;3.99;40;0.469;1.63;0.288;0.667;90.7;110;0.175;0.409;0.00228;0.00276; 50720;1718;5127;5.1;4;41;0.000985;0.957;0.00103;0.667;0.109;1.94;0.944;0.0478;0.0013;0.0232; 27840;1;3;5.06;4.77;48;3.58e+03;3.56e+03;1.66e+03; 18%; 18%;  8%;3.52e+03;1.63e+03;3.43e+03; 18%;  8%; 17%;3.52e+03;3.42e+03;1.62e+03; 18%; 17%;  8%;2.56e+03;2.57e+03;2.47e+03; 13%; 13%; 12%;44.6;44.6;0;10.8;0;0;0;0;0;43;46.6;0;10.4;0;0;0;0;0;43.1;52.7;0;4.15;0;0;0;0;0;0.154;90.3;0;9.54;0;0;0;0;0;75.7;73.8;78.2;51.3;16.6 ;17 ;17.6 ;16.3 ;
2017-09-04;14:19:18.891;0.404;1.62;0.25;0.667;294;356;0.176;0.347;0.00214;0.0026;22.7;18.8;1.37e+05;8.49e+04;2.12e+03;3.23;80.8;0.809;20.2;3.74e+04;37.5;60.1;0;2.35;0;0;0;0;0;295;71.9;0.543;1.63;0.333;0.667;93.3;114;0.178;0.352;0.00202;0.00246; 51120;1999;5750;5.71;4.52;40;0.537;1.61;0.333;0.667;99.2;119;0.168;0.353;0.00218;0.00261; 49200;2158;6279;5.69;4.47;40;0.536;1.61;0.333;0.667;101;121;0.166;0.339;0.00222;0.00266; 51920;2151;6497;5.69;4.47;41;0.00127;0.995;0.00128;0.667;0.132;2.53;0.948;0.047;0.00122;0.0235; 27600;0;1;5.61;5.35;48;3.92e+03;3.95e+03;1.81e+03; 20%; 20%;  9%;3.98e+03;1.83e+03;3.85e+03; 20%;  9%; 19%;3.94e+03;3.85e+03;1.84e+03; 20%; 19%;  9%;2.87e+03;2.83e+03;2.73e+03; 14%; 14%; 14%;50;50;0;0;0;0;0;0;0;49.9;50.1;0;0;0;0;0;0;0;49.9;50.1;0;0;0;0;0;0;0;0.192;90.4;0;9.4;0;0;0;0;0;80.2;78.4;83.7;52.7;17.6 ;18 ;18.8 ;17.4 ;
2017-09-04;14:19:19.902;0.407;1.63;0.25;0.667;274;335;0.18;0.355;0.00199;0.00242;20.9;18.8;1.38e+05;8.49e+04;2.12e+03;3.25;81.3;0.814;20.3;3.5e+04;37.5;60.1;0;2.35;0;0;0;0;0;286;71.8;0.537;1.61;0.333;0.667;89.9;109;0.178;0.355;0.00197;0.0024; 52240;2023;5806;5.26;4.54;40;0.545;1.64;0.333;0.667;92.9;112;0.172;0.361;0.00201;0.00243; 50480;2251;6515;5.21;4.45;41;0.544;1.63;0.333;0.667;91.4;111;0.172;0.354;0.00198;0.00239; 51120;2139;6447;5.22;4.47;42;0.00127;0.995;0.00127;0.667;0.127;2.52;0.95;0.0468;0.00118;0.0234; 27840;0;2;5.18;5.35;48;3.68e+03;3.62e+03;1.68e+03; 18%; 18%;  8%;3.71e+03;1.77e+03;3.67e+03; 19%;  9%; 18%;3.73e+03;3.66e+03;1.76e+03; 19%; 18%;  9%;2.58e+03;2.61e+03;2.53e+03; 13%; 13%; 13%;50;50;0;0;0;0;0;0;0;49.9;50.1;0;0;0;0;0;0;0;49.9;50.1;0;0;0;0;0;0;0;0.191;90.4;0;9.41;0;0;0;0;0;79.1;75.5;80.1;51.7;17.7 ;18.1 ;18.7 ;17.3 ;
2017-09-04;14:19:20.915;0.337;1.65;0.205;0.667;214;262;0.184;0.359;0.00186;0.00228;15.8;15.3;1.15e+05;6.96e+04;2.12e+03;3.29;82.3;0.674;16.9;2.7e+04;30.7;57.9;0.00824;11.4;0;0;0;0;0;258;64.1;0.459;1.63;0.281;0.667;73.4;90.3;0.187;0.358;0.00188;0.00232; 51600;1691;4785;4.01;3.67;42;0.446;1.65;0.27;0.667;71;86.1;0.175;0.367;0.00187;0.00227; 50800;1877;5387;3.95;3.62;42;0.443;1.66;0.267;0.667;69.1;83.6;0.173;0.356;0.00184;0.00222; 50480;1594;4872;3.95;3.64;44;0.000938;0.93;0.00101;0.667;0.0914;1.85;0.951;0.0479;0.00115;0.0232; 27200;1;1;3.93;4.34;49;2.84e+03;2.79e+03;1.32e+03; 14%; 14%;  6%;2.84e+03;1.37e+03;2.9e+03; 14%;  7%; 14%;2.85e+03;2.89e+03;1.36e+03; 14%; 14%;  7%;1.9e+03;1.94e+03;1.97e+03;  9%;  9%; 10%;42.1;42.6;0.033;15.3;0;0;0;0;0;40.5;46.8;0;12.7;0;0;0;0;0;40.1;51.9;0;7.98;0;0;0;0;0;0.151;90.3;0;9.57;0;0;0;0;0;70.3;67.1;71.3;49.1;15.8 ;16.1 ;16.9 ;15.3 ;
2017-09-04;14:19:22.168;0.502;2.19;0.229;0.667;692;928;0.254;0.583;0.0034;0.00456;54.1;62.2;2.04e+05;9.28e+04;2.14e+03;4.39;110;1;25.1;9.6e+04;34.3;60.4;0;5.29;0;0;0;0;0;464;131;0.632;2.14;0.296;0.667;212;285;0.258;0.615;0.00346;0.00466; 48000;4188;14682;11.9;12.8;39;0.678;2.2;0.308;0.667;222;300;0.261;0.596;0.00326;0.00441; 49040;5067;16560;11.7;12.7;39;0.718;2.24;0.32;0.667;259;340;0.238;0.539;0.00348;0.00456; 46240;5252;12006;18.8;21.6;38;0.00124;1.16;0.00107;0.667;0.153;3.08;0.95;0.0448;0.00117;0.0236; 28160;1;1;11.7;15.2;48;9e+03;1.18e+04;4.32e+03; 38%; 50%; 18%;1.15e+04;4.23e+03;9.01e+03; 49%; 18%; 38%;1.19e+04;1.22e+04;4.69e+03; 51%; 52%; 20%;6.1e+03;5.56e+03;5.64e+03; 26%; 23%; 24%;44.4;53.2;0;2.44;0;0;0;0;0;46.3;52.2;0;1.59;0;0;0;0;0;48;51.3;0;0.633;0;0;0;0;0;0.161;83.8;0;16;0;0;0;0;0;124;125;138;76.8;30.2 ;30.9 ;39.9 ;30.1 ;
2017-09-04;14:19:23.415;0.546;2.17;0.251;0.667;783;1.03e+03;0.239;0.498;0.00342;0.0045;55;63.4;2.29e+05;1.05e+05;2.63e+03;4.35;109;1.09;27.3;9.76e+04;37.6;58.7;0;3.65;0;0;0;0;0;471;132;0.722;2.16;0.335;0.667;256;337;0.242;0.499;0.00337;0.00445; 52160;5062;17703;12.1;13;38;0.719;2.15;0.334;0.667;254;334;0.24;0.502;0.00337;0.00443; 48640;5932;19477;11.9;12.9;38;0.74;2.22;0.333;0.667;273;354;0.229;0.494;0.00352;0.00457; 50160;5520;12621;19.2;22;38;0.00125;1.15;0.00108;0.667;0.162;3.07;0.947;0.0443;0.00124;0.0235; 27920;0;3;11.9;15.4;47;9.13e+03;1.19e+04;4.35e+03; 38%; 49%; 18%;1.18e+04;4.33e+03;9.15e+03; 49%; 18%; 38%;1.23e+04;1.23e+04;4.78e+03; 51%; 51%; 19%;6.2e+03;5.65e+03;5.7e+03; 25%; 23%; 23%;50.2;49.8;0;0;0;0;0;0;0;50.1;49.9;0;0;0;0;0;0;0;50;50;0;0;0;0;0;0;0;0.163;85.2;0;14.6;0;0;0;0;0;126;127;140;77.8;30.5 ;30.9 ;40.4 ;30.5 ;
2017-09-04;14:19:24.668;0.336;1.57;0.214;0.667;590;730;0.192;0.441;0.00418;0.00517;49;63.2;1.41e+05;8.97e+04;2.62e+03;3.15;78.7;0.673;16.8;9.12e+04;32.1;57.9;0.000801;10;0;0;0;0;0;415;125;0.513;1.71;0.3;0.667;209;264;0.21;0.463;0.00388;0.00491; 53760;5384;17262;11.7;14.3;38;0.455;1.57;0.289;0.667;204;250;0.186;0.44;0.00427;0.00525; 49600;5997;18817;11.6;14.1;40;0.378;1.42;0.266;0.667;178;214;0.17;0.416;0.00448;0.0054; 51200;5349;15042;14.1;17.8;39;0.00102;0.907;0.00112;0.667;0.114;2.04;0.944;0.0555;0.00107;0.0191; 27760;1;6;11.6;17;47;9.56e+03;1.02e+04;4.54e+03; 39%; 42%; 18%;1.03e+04;4.68e+03;9.54e+03; 43%; 19%; 39%;1.06e+04;1.05e+04;4.5e+03; 44%; 43%; 18%;5.43e+03;5.72e+03;5.58e+03; 22%; 23%; 23%;44.9;44.8;0.00321;10.2;0;0;0;0;0;43.3;46.5;0;10.2;0;0;0;0;0;39.8;50.8;0;9.37;0;0;0;0;0;0.168;89.7;0;10.2;0;0;0;0;0;112;109;117;76.5;29.9 ;30.4 ;34.8 ;30.4 ;
2017-09-04;14:19:25.803;0.119;0.458;0.261;0.667;567;571;0.00794;0.00819;0.0121;0.0122;56.3;78.5;4.69e+04;1.03e+05;2.63e+03;0.915;22.9;0.239;5.97;1.07e+05;39.1;57.8;0;3.08;0;0;0;0;0;388;135;0.147;0.421;0.35;0.667;179;180;0.00466;0.00842;0.0121;0.0122; 51120;7689;23059;14.1;18.9;38;0.165;0.474;0.348;0.667;200;200;0.00296;0.00788;0.0121;0.0122; 54960;8561;25615;14.1;18.6;40;0.16;0.478;0.335;0.667;187;188;0.00301;0.00775;0.0121;0.0121; 51280;8041;24121;14.1;18.6;39;0.00122;0.83;0.00147;0.667;0.138;2.67;0.948;0.0464;0.00119;0.023; 27280;0;1;14.1;22.4;47;1.16e+04;1.15e+04;5.43e+03; 51%; 51%; 24%;1.2e+04;5.9e+03;1.15e+04; 53%; 26%; 51%;1.2e+04;1.14e+04;5.86e+03; 53%; 50%; 26%;6.82e+03;6.88e+03;6.32e+03; 30%; 30%; 28%;52.5;47.5;0;0;0;0;0;0;0;52.1;47.8;0;0.107;0;0;0;0;0;50.2;49.5;0;0.319;0;0;0;0;0;0.22;87.5;0;12.2;0;0;0;0;0;104;99.7;110;74.4;33.3 ;33.5 ;34.3 ;34 ;
2017-09-04;14:19:26.815;0.341;1.47;0.232;0.667;366;425;0.139;0.382;0.00312;0.00362;27.4;21.6;1.17e+05;7.99e+04;2.38e+03;2.94;73.4;0.682;17;4.49e+04;34.8;56;0;9.19;0;0;0;0;0;295;77;0.46;1.37;0.336;0.667;159;179;0.109;0.348;0.00391;0.00439; 49520;4083;12026;6.88;4.77;40;0.445;1.51;0.295;0.667;106;125;0.154;0.428;0.00277;0.00328; 53360;2333;6783;6.85;5.34;40;0.452;1.55;0.292;0.667;101;119;0.155;0.384;0.00262;0.00311; 57040;2073;6241;6.84;5.34;41;0.00109;1;0.00109;0.667;0.113;2.17;0.948;0.046;0.00122;0.0234; 27840;0;1;6.83;6.18;48;4.9e+03;4.83e+03;2.7e+03; 24%; 24%; 13%;4.06e+03;1.91e+03;5.11e+03; 20%;  9%; 26%;4.08e+03;5.08e+03;1.9e+03; 20%; 25%;  9%;3.07e+03;3.1e+03;4.12e+03; 15%; 15%; 20%;50.4;46.5;0;3.1;0;0;0;0;0;44.2;46.8;0;8.98;0;0;0;0;0;43.8;50.2;0;6;0;0;0;0;0;0.163;80.9;0;18.9;0;0;0;0;0;81;77.4;82.6;54.2;18.8 ;19.3 ;20.2 ;18.7 ;
2017-09-04;14:19:27.826;0.387;1.55;0.25;0.667;330;392;0.157;0.322;0.00251;0.00297;25;19.3;1.32e+05;8.51e+04;2.13e+03;3.09;77.4;0.774;19.4;4.08e+04;37.5;59.9;0;2.54;0;0;0;0;0;294;75.6;0.524;1.57;0.333;0.667;110;130;0.151;0.315;0.00247;0.00291; 51360;2527;7337;6.29;4.57;42;0.514;1.54;0.333;0.667;111;131;0.152;0.332;0.00254;0.00299; 49840;2556;7416;6.25;4.61;41;0.509;1.53;0.333;0.667;109;129;0.153;0.323;0.00252;0.00297; 53040;2233;6772;6.27;4.62;43;0.00128;1.01;0.00126;0.667;0.124;2.55;0.952;0.0461;0.00114;0.0235; 27680;0;1;6.23;5.52;48;4.33e+03;4.29e+03;2.03e+03; 22%; 22%; 10%;4.19e+03;1.94e+03;4.21e+03; 21%;  9%; 21%;4.21e+03;4.22e+03;1.94e+03; 21%; 21%;  9%;3.13e+03;3.14e+03;3.14e+03; 16%; 16%; 16%;50;50;0;0;0;0;0;0;0;50;50;0;0;0;0;0;0;0;50;50;0;0;0;0;0;0;0;0.189;89.7;0;10.2;0;0;0;0;0;79.4;78.3;82.9;53.2;18.5 ;19 ;19.8 ;18.3 ;
2017-09-04;14:19:28.836;0.407;1.63;0.25;0.667;343;407;0.158;0.323;0.00248;0.00295;26.3;20.6;1.38e+05;8.5e+04;2.12e+03;3.25;81.3;0.814;20.4;4.29e+04;37.5;59.5;0;2.97;0;0;0;0;0;300;77.9;0.536;1.61;0.333;0.667;107;127;0.159;0.319;0.00235;0.0028; 48560;2438;7039;6.6;4.93;41;0.544;1.63;0.333;0.667;117;138;0.149;0.331;0.00254;0.00299; 51920;2637;7722;6.56;4.91;41;0.547;1.64;0.333;0.667;118;139;0.151;0.322;0.00255;0.003; 49920;2462;7186;6.57;4.91;42;0.00127;1.02;0.00125;0.667;0.123;2.54;0.951;0.0458;0.00114;0.0235; 27840;0;4;6.54;5.9;48;4.58e+03;4.57e+03;2.11e+03; 23%; 23%; 10%;4.53e+03;2.06e+03;4.32e+03; 23%; 10%; 22%;4.51e+03;4.32e+03;2.06e+03; 23%; 22%; 10%;3.36e+03;3.34e+03;3.15e+03; 17%; 17%; 16%;50;50;0;0;0;0;0;0;0;50;50;0;0;0;0;0;0;0;50;50;0;0;0;0;0;0;0;0.187;87.9;0;11.9;0;0;0;0;0;80.4;80.2;85.9;53.6;19.2 ;19.6 ;20.5 ;18.6 ;
2017-09-04;14:19:29.848;0.342;1.62;0.211;0.667;266;323;0.177;0.403;0.00229;0.00278;20.5;17.3;1.16e+05;7.17e+04;2.12e+03;3.24;81.1;0.685;17.1;3.39e+04;31.7;58.8;0;9.53;0;0.767;0;0;0;269;70;0.471;1.64;0.287;0.667;90.3;111;0.184;0.428;0.00226;0.00277; 52400;2022;5656;5.15;4.1;41;0.453;1.61;0.281;0.667;85.4;103;0.17;0.409;0.00222;0.00267; 48720;1828;5631;5.11;4.13;41;0.445;1.62;0.275;0.667;90.2;108;0.162;0.373;0.00239;0.00285; 51360;1951;5859;5.1;4.15;42;0.000972;0.942;0.00103;0.667;0.104;1.91;0.945;0.0472;0.00127;0.0232; 27520;0;3;5.1;4.95;48;3.56e+03;3.64e+03;1.72e+03; 18%; 18%;  8%;3.56e+03;1.65e+03;3.57e+03; 18%;  8%; 18%;3.44e+03;3.55e+03;1.62e+03; 17%; 18%;  8%;2.57e+03;2.47e+03;2.59e+03; 13%; 12%; 13%;43.1;43.1;0;13.8;0;3.07;0;0;0;42.2;49.1;0;8.7;0;0;0;0;0;41.3;52.6;0;6.09;0;0;0;0;0;0.155;90.3;0;9.55;0;0;0;0;0;72.2;71.5;74.5;50.7;16.9 ;17.6 ;18.8 ;16.7 ;
2017-09-04;14:19:30.859;0.398;1.59;0.25;0.667;306;370;0.172;0.345;0.00227;0.00274;23.6;18.7;1.35e+05;8.51e+04;2.12e+03;3.18;79.4;0.795;19.9;3.85e+04;37.5;59.5;0;2.97;0;0;0;0;0;300;70.4;0.536;1.61;0.334;0.667;95.6;116;0.177;0.359;0.0021;0.00255; 51680;1990;5847;5.93;4.48;40;0.526;1.58;0.333;0.667;107;127;0.161;0.344;0.00238;0.00284; 48400;2328;6838;5.9;4.42;40;0.527;1.58;0.333;0.667;104;124;0.163;0.336;0.00232;0.00277; 50800;1972;5978;5.9;4.43;41;0.00129;1.02;0.00127;0.667;0.134;2.56;0.948;0.0464;0.00122;0.0235; 27520;1;1;5.85;5.31;48;4.1e+03;4.03e+03;1.85e+03; 21%; 20%;  9%;4.05e+03;1.87e+03;3.88e+03; 20%;  9%; 20%;4.09e+03;3.89e+03;1.88e+03; 21%; 20%;  9%;2.98e+03;3.02e+03;2.81e+03; 15%; 15%; 14%;50;50;0;0;0;0;0;0;0;50;50;0;0;0;0;0;0;0;50;50;0;0;0;0;0;0;0;0.19;87.9;0;11.9;0;0;0;0;0;81.5;80.2;85.1;53.4;17.4 ;17.6 ;18.4 ;16.9 ;
2017-09-04;14:19:31.870;0.409;1.63;0.25;0.667;283;345;0.178;0.351;0.00204;0.00248;21.6;18.9;1.39e+05;8.5e+04;2.12e+03;3.27;81.7;0.818;20.4;3.61e+04;37.5;60.1;0;2.35;0;0;0;0;0;290;72.2;0.542;1.63;0.333;0.667;91.5;112;0.18;0.351;0.00199;0.00242; 51840;1987;5901;5.44;4.56;41;0.546;1.64;0.333;0.667;96.9;116;0.168;0.358;0.00209;0.00251; 49280;2496;7240;5.41;4.48;41;0.546;1.64;0.333;0.667;94.9;114;0.17;0.347;0.00205;0.00247; 51840;1954;5902;5.42;4.49;42;0.00127;0.982;0.00129;0.667;0.131;2.52;0.948;0.0465;0.00122;0.0234; 27680;0;1;5.36;5.39;48;3.8e+03;3.75e+03;1.74e+03; 19%; 19%;  8%;3.82e+03;1.8e+03;3.75e+03; 19%;  9%; 19%;3.84e+03;3.74e+03;1.8e+03; 19%; 19%;  9%;2.69e+03;2.71e+03;2.62e+03; 13%; 13%; 13%;50;50;0;0;0;0;0;0;0;49.9;50.1;0;0;0;0;0;0;0;49.9;50.1;0;0;0;0;0;0;0;0.194;90.4;0;9.4;0;0;0;0;0;78.4;77.5;81.8;52.1;17.7 ;18.1 ;18.9 ;17.4 ;
2017-09-04;14:19:32.881;0.417;1.66;0.25;0.667;273;333;0.179;0.356;0.00193;0.00235;20.6;19.3;1.42e+05;8.5e+04;2.12e+03;3.33;83.2;0.833;20.8;3.48e+04;37.5;50.3;0;12.1;0;0;0;0;0;284;72.8;0.549;1.65;0.334;0.667;89.9;110;0.179;0.353;0.00193;0.00235; 51280;1944;5715;5.19;4.66;41;0.559;1.68;0.333;0.667;92.9;112;0.17;0.363;0.00196;0.00236; 48960;2114;6049;5.15;4.56;42;0.556;1.67;0.333;0.667;90.5;109;0.171;0.355;0.00192;0.00231; 49840;2252;6805;5.14;4.58;43;0.00128;1.06;0.00121;0.667;0.135;2.55;0.947;0.0458;0.00124;0.0234; 27680;0;2;5.1;5.49;48;3.66e+03;3.61e+03;1.67e+03; 18%; 18%;  8%;3.7e+03;1.77e+03;3.69e+03; 19%;  9%; 18%;3.73e+03;3.66e+03;1.76e+03; 19%; 18%;  9%;2.52e+03;2.55e+03;2.5e+03; 12%; 13%; 12%;50;50;0;0;0;0;0;0;0;50;50;0;0;0;0;0;0;0;50;50;0;0;0;0;0;0;0;0.182;51.3;0;48.6;0;0;0;0;0;79.3;76.2;81;47.9;17.9 ;18.3 ;19.1 ;17.5 ;
2017-09-04;14:19:33.894;0.383;1.91;0.201;0.667;345;455;0.242;0.597;0.00265;0.00349;24.8;27.3;1.3e+05;6.82e+04;2.12e+03;3.82;95.5;0.766;19.2;4.36e+04;30.1;55.8;0.00729;14.1;0;0;0;0;0;291;76.9;0.519;1.89;0.275;0.667;117;152;0.232;0.547;0.00265;0.00345; 51920;2465;7903;5.72;5.86;40;0.504;1.9;0.265;0.667;111;148;0.249;0.634;0.0026;0.00346; 51600;2809;8846;5.65;5.85;40;0.509;1.94;0.262;0.667;116;152;0.237;0.605;0.00269;0.00352; 50320;2356;6074;7.85;8.63;39;0.000916;1;0.000914;0.667;0.097;1.8;0.946;0.0473;0.00125;0.0232; 27440;0;3;5.63;6.97;48;4.27e+03;5.12e+03;2.05e+03; 21%; 26%; 10%;4.97e+03;2.01e+03;4.32e+03; 25%; 10%; 22%;5.12e+03;5.33e+03;2.13e+03; 26%; 27%; 10%;2.83e+03;2.69e+03;2.78e+03; 14%; 13%; 14%;41.2;42.2;0.0292;16.6;0;0;0;0;0;39.8;44.4;0;15.8;0;0;0;0;0;39.3;46.3;0;14.4;0;0;0;0;0;0.137;90.3;0;9.53;0;0;0;0;0;78.6;76.3;82.6;53.4;18.3 ;18.6 ;21.8 ;18.1 ;
2017-09-04;14:19:34.905;0.546;2.18;0.251;0.667;635;834;0.239;0.498;0.00342;0.0045;44.6;51.4;1.85e+05;8.52e+04;2.13e+03;4.35;109;1.09;27.3;7.91e+04;37.6;59.5;0.000175;2.89;0;0;0;0;0;381;107;0.715;2.14;0.334;0.667;209;274;0.237;0.496;0.00344;0.00452; 53040;4263;14633;9.78;10.6;39;0.733;2.2;0.334;0.667;202;268;0.247;0.509;0.00324;0.00431; 50000;4599;15237;9.63;10.5;39;0.734;2.2;0.334;0.667;224;289;0.226;0.491;0.00359;0.00464; 51120;4564;10276;15.5;17.8;38;0.00154;1.26;0.00122;0.667;0.133;2.61;0.949;0.0549;0.00102;0.0199; 27760;2;1;9.68;12.5;47;7.4e+03;9.76e+03;3.58e+03; 38%; 50%; 18%;9.44e+03;3.47e+03;7.39e+03; 48%; 17%; 38%;9.79e+03;1.01e+04;3.9e+03; 50%; 51%; 20%;5.05e+03;4.55e+03;4.68e+03; 25%; 23%; 24%;50.1;49.9;0;0;0;0;0;0;0;50;50;0;0;0;0;0;0;0;50;50;0;0;0;0;0;0;0;0.183;88.3;0.000699;11.6;0;0;0;0;0;102;103;113;63.4;24.7 ;25.1 ;32.7 ;24.8 ;
2017-09-04;14:19:35.917;0.545;2.18;0.25;0.667;636;834;0.238;0.498;0.00343;0.0045;44.6;51.5;1.85e+05;8.51e+04;2.12e+03;4.35;109;1.09;27.3;7.91e+04;37.6;59.5;0;2.92;0;0;0;0;0;382;107;0.721;2.16;0.334;0.667;207;273;0.241;0.499;0.00339;0.00446; 52080;4215;14450;9.79;10.6;38;0.725;2.18;0.333;0.667;205;270;0.242;0.505;0.00333;0.00439; 51120;4746;15567;9.63;10.5;39;0.734;2.2;0.333;0.667;223;288;0.225;0.491;0.00358;0.00462; 50640;4634;10261;15.6;17.9;38;0.00128;1.17;0.00109;0.667;0.13;2.53;0.948;0.0468;0.0012;0.0233; 27600;0;6;9.65;12.5;47;7.39e+03;9.67e+03;3.53e+03; 38%; 49%; 18%;9.57e+03;3.49e+03;7.4e+03; 49%; 17%; 38%;9.95e+03;1e+04;3.9e+03; 51%; 51%; 20%;5.04e+03;4.57e+03;4.62e+03; 25%; 23%; 23%;50.1;49.9;0;0;0;0;0;0;0;50;50;0;0;0;0;0;0;0;50;50;0;0;0;0;0;0;0;0.164;88.2;0;11.7;0;0;0;0;0;102;103;113;63.4;24.6 ;25.2 ;32.8 ;24.7 ;
2017-09-04;14:19:36.937;0.375;1.84;0.204;0.667;474;607;0.219;0.475;0.0037;0.00473;36.7;45.1;1.28e+05;6.97e+04;2.13e+03;3.68;91.9;0.75;18.8;6.72e+04;30.6;56.3;0;13.1;0;0;0;0;0;335;95.7;0.532;1.86;0.286;0.667;163;211;0.226;0.48;0.0036;0.00465; 52160;4114;13066;8.44;9.72;39;0.498;1.82;0.274;0.667;161;205;0.211;0.471;0.0038;0.00481; 49840;4368;13994;8.36;9.68;40;0.471;1.85;0.255;0.667;149;190;0.215;0.475;0.0037;0.00471; 49680;3751;9792;11.6;14.1;40;0.000748;0.845;0.000886;0.667;0.0851;1.46;0.942;0.0491;0.00133;0.0228; 27920;0;4;8.37;11.6;47;6.79e+03;7.77e+03;3.25e+03; 34%; 39%; 16%;7.77e+03;3.26e+03;6.81e+03; 39%; 16%; 34%;8.08e+03;8.05e+03;3.2e+03; 41%; 41%; 16%;4e+03;4.1e+03;4.11e+03; 20%; 21%; 21%;43;43;0;14.1;0;0;0;0;0;41.1;46.9;0;12;0;0;0;0;0;38.3;44.6;0;17.2;0;0;0;0;0;0.133;90.6;0;9.27;0;0;0;0;0;90.6;89;95.1;60.6;22.4 ;22.8 ;27.8 ;22.7 ;
2017-09-04;14:19:37.956;0.114;0.448;0.254;0.667;468;472;0.00877;0.00831;0.012;0.0121;50;69.7;3.91e+04;8.71e+04;2.14e+03;0.897;22.4;0.228;5.71;9.51e+04;38.2;59;0;2.79;0;0;0;0;0;347;121;0.139;0.414;0.335;0.667;144;145;0.00529;0.00872;0.0121;0.0122; 53360;6167;18514;12.5;16.8;38;0.154;0.462;0.333;0.667;160;161;0.003;0.00788;0.0121;0.0122; 51280;6842;20557;12.5;16.5;40;0.158;0.475;0.333;0.667;164;165;0.00291;0.00776;0.0121;0.0121; 52320;7031;21106;12.5;16.4;39;0.005;0.316;0.0158;0.667;0.133;2.55;0.948;0.0464;0.000311;0.00596; 27600;0;2;12.5;19.9;47;1.01e+04;1.03e+04;4.74e+03; 51%; 52%; 24%;1.07e+04;5.19e+03;1e+04; 54%; 26%; 51%;1.07e+04;1.02e+04;5.32e+03; 54%; 52%; 27%;6.2e+03;6.04e+03;5.52e+03; 31%; 30%; 28%;50.3;49.7;0;0;0;0;0;0;0;50;50;0;0;0;0;0;0;0;50;50;0;0;0;0;0;0;0;2.37;86.5;0;11.2;0;0;0;0;0;92.3;89;99.1;66.6;29.8 ;29.7 ;30.7 ;30.4 ;
2017-09-04;14:19:38.969;0.219;0.959;0.228;0.667;401;449;0.106;0.507;0.00538;0.00601;37.1;44.5;7.46e+04;7.78e+04;2.14e+03;1.92;47.9;0.438;10.9;6.74e+04;34.2;48.5;0;17.3;0;1.77;0;0;0;312;96.6;0.302;0.925;0.326;0.667;158;172;0.0845;0.456;0.00612;0.00669; 53520;5150;15446;9.33;10.3;40;0.287;0.967;0.297;0.667;125;141;0.112;0.533;0.00511;0.00575; 53520;4281;12685;9.28;10.7;41;0.285;0.989;0.288;0.667;118;133;0.115;0.54;0.00486;0.0055; 52400;3982;11985;9.25;10.8;41;0.00109;0.833;0.00131;0.667;0.113;2.16;0.947;0.0464;0.00122;0.0232; 27920;0;5;9.25;12.7;48;7.54e+03;7.31e+03;3.97e+03; 38%; 37%; 20%;6.69e+03;3.34e+03;7.73e+03; 34%; 17%; 39%;6.73e+03;7.52e+03;3.19e+03; 34%; 38%; 16%;4.07e+03;4.26e+03;5.08e+03; 20%; 21%; 26%;48.9;48.5;0;2.55;0;0;0;0;0;44.6;44.5;0;10.9;0;7.1;0;0;0;43.2;43.8;0;13;0;0;0;0;0;0.197;57.1;0;42.7;0;0;0;0;0;86.3;81;87.6;57.1;23.6 ;24.2 ;24.8 ;24 ;
2017-09-04;14:19:39.980;0.393;1.57;0.25;0.667;345;407;0.153;0.318;0.00259;0.00305;26.2;19.8;1.33e+05;8.51e+04;2.13e+03;3.14;78.4;0.785;19.6;4.25e+04;37.5;57.7;0;4.78;0;0;0;0;0;296;76.6;0.526;1.58;0.334;0.667;119;139;0.144;0.302;0.00267;0.00312; 52320;2773;7939;6.59;4.69;42;0.521;1.57;0.333;0.667;117;137;0.145;0.325;0.00265;0.0031; 48080;2681;7850;6.55;4.71;41;0.521;1.57;0.333;0.667;108;128;0.155;0.33;0.00245;0.00289; 50080;2279;6844;6.56;4.75;43;0.00127;1.03;0.00124;0.667;0.127;2.54;0.95;0.0453;0.00118;0.0235; 27680;0;2;6.54;5.66;48;4.53e+03;4.34e+03;2.1e+03; 23%; 22%; 10%;4.26e+03;2.03e+03;4.5e+03; 21%; 10%; 23%;4.41e+03;4.48e+03;2.01e+03; 22%; 23%; 10%;3.16e+03;3.33e+03;3.39e+03; 16%; 17%; 17%;50;50;0;0;0;0;0;0;0;50;50;0;0;0;0;0;0;0;50;50;0;0;0;0;0;0;0;0.186;80.7;0;19.1;0;0;0;0;0;79.9;79.5;84;52.7;18.8 ;19.2 ;20.1 ;18.5 ;
2017-09-04;14:19:40.990;0.408;1.63;0.25;0.667;330;394;0.162;0.33;0.00238;0.00284;25.2;20.5;1.39e+05;8.5e+04;2.12e+03;3.26;81.5;0.816;20.4;4.15e+04;37.5;58.2;0;4.28;0;0;0;0;0;291;77.8;0.539;1.62;0.333;0.667;107;127;0.158;0.321;0.00234;0.00278; 55200;2438;6962;6.34;4.88;41;0.545;1.64;0.333;0.667;110;131;0.157;0.342;0.00238;0.00283; 51360;2584;7592;6.3;4.88;42;0.547;1.64;0.333;0.667;113;134;0.156;0.329;0.00243;0.00288; 49120;2428;7261;6.3;4.88;43;0.00128;1.03;0.00125;0.667;0.126;2.53;0.95;0.0458;0.00116;0.0233; 27840;0;2;6.27;5.86;48;4.39e+03;4.42e+03;2.05e+03; 22%; 22%; 10%;4.37e+03;2e+03;4.26e+03; 22%; 10%; 21%;4.31e+03;4.26e+03;2.01e+03; 22%; 21%; 10%;3.21e+03;3.14e+03;3.09e+03; 16%; 16%; 15%;50;50;0;0;0;0;0;0;0;49.9;50.1;0;0;0;0;0;0;0;50;50;0;0;0;0;0;0;0;0.187;82.7;0;17.1;0;0;0;0;0;78.2;78.1;82.7;51.9;19.1 ;19.6 ;20.3 ;18.8 ;
2017-09-04;14:19:41.000;0.408;1.6;0.254;0.667;318;381;0.165;0.334;0.0023;0.00275;24.1;20.5;1.38e+05;8.62e+04;2.12e+03;3.21;80.2;0.815;20.4;4e+04;38.1;57.8;0;4.12;0;0;0;0;0;289;77.1;0.542;1.62;0.334;0.667;103;123;0.163;0.325;0.00224;0.00268; 52240;2366;6713;6.06;4.89;40;0.537;1.61;0.333;0.667;106;126;0.158;0.346;0.00232;0.00276; 59600;2435;7221;6.02;4.89;41;0.546;1.64;0.333;0.667;109;130;0.157;0.333;0.00236;0.0028; 51840;2282;6972;6.02;4.89;42;0.00529;0.326;0.0162;0.667;0.126;2.55;0.951;0.0462;0.000281;0.00569; 27840;0;4;6;5.87;48;4.22e+03;4.29e+03;1.99e+03; 21%; 22%; 10%;4.24e+03;1.94e+03;4.11e+03; 21%; 10%; 21%;4.16e+03;4.12e+03;1.95e+03; 21%; 21%; 10%;3.06e+03;2.97e+03;2.94e+03; 15%; 15%; 15%;50;50;0;0;0;0;0;0;0;50;50;0;0;0;0;0;0;0;50;50;0;0;0;0;0;0;0;2.44;81.1;0;16.5;0;0;0;0;0;77.8;77.3;81.8;51.7;18.7 ;19.2 ;20.6 ;18.6 ;
2017-09-04;14:19:43.013;0.342;1.63;0.21;0.667;263;317;0.17;0.349;0.00226;0.00273;20.5;16.6;1.16e+05;7.12e+04;2.12e+03;3.26;81.6;0.684;17.1;3.36e+04;31.4;37;0.00523;31.5;0;1.87;0;0;0;268;66.8;0.479;1.67;0.288;0.667;84.2;102;0.179;0.344;0.00207;0.00252; 53520;1825;5260;5.15;3.96;40;0.452;1.62;0.279;0.667;92;109;0.158;0.352;0.0024;0.00285; 50480;1929;5740;5.11;3.93;40;0.436;1.61;0.27;0.667;86.7;103;0.16;0.355;0.00234;0.00279; 50640;1689;5059;5.11;3.97;41;0.000955;1.04;0.000921;0.667;0.102;1.89;0.946;0.0467;0.00126;0.0233; 28080;0;2;5.1;4.73;48;3.64e+03;3.5e+03;1.66e+03; 18%; 18%;  8%;3.47e+03;1.64e+03;3.46e+03; 17%;  8%; 17%;3.55e+03;3.41e+03;1.6e+03; 18%; 17%;  8%;2.53e+03;2.64e+03;2.5e+03; 13%; 13%; 12%;43.1;43.4;0.0203;13.5;0;0;0;0;0;41.9;42.1;0;16;0;2.07;0;0;0;40.6;40.8;0;18.7;0;5.41;0;0;0;0.138;21.9;0.000637;77.9;0;0;0;0;0;74.6;72.4;75.8;45;16.4 ;16.9 ;17.4 ;16.2 ;
2017-09-04;14:19:44.024;0.419;1.65;0.254;0.667;303;367;0.173;0.344;0.00213;0.00257;23;19.5;1.42e+05;8.64e+04;2.13e+03;3.3;82.4;0.838;21;3.81e+04;38.1;58.7;0;3.21;0;0;0;0;0;297;73.7;0.558;1.67;0.334;0.667;96.7;117;0.174;0.348;0.00204;0.00247; 52480;2029;6022;5.8;4.69;40;0.557;1.67;0.333;0.667;103;123;0.165;0.352;0.00218;0.00261; 50240;2477;7200;5.77;4.63;41;0.556;1.67;0.333;0.667;104;124;0.163;0.337;0.00219;0.00262; 50320;2095;6249;5.77;4.63;42;0.00566;0.337;0.0168;0.667;0.131;2.64;0.95;0.0541;0.000273;0.00549; 27920;0;2;5.7;5.55;48;4.01e+03;4.02e+03;1.84e+03; 20%; 20%;  9%;4.05e+03;1.88e+03;3.93e+03; 20%;  9%; 20%;4.03e+03;3.94e+03;1.89e+03; 20%; 20%;  9%;2.91e+03;2.88e+03;2.77e+03; 14%; 14%; 14%;50;50;0;0;0;0;0;0;0;50;50;0;0;0;0;0;0;0;50;50;0;0;0;0;0;0;0;2.52;84.6;0;12.9;0;0;0;0;0;81;79.1;83.8;53.4;17.9 ;18.5 ;19.4 ;17.9 ;
2017-09-04;14:19:45.034;0.426;1.68;0.254;0.667;281;342;0.178;0.354;0.00194;0.00236;21.2;19.8;1.45e+05;8.63e+04;2.12e+03;3.35;83.9;0.852;21.3;3.59e+04;38.1;57.2;0;4.71;0;0;0;0;0;287;73.6;0.564;1.69;0.333;0.667;92.7;113;0.177;0.351;0.00194;0.00235; 54480;2020;6002;5.35;4.76;41;0.568;1.7;0.333;0.667;94.7;114;0.168;0.361;0.00196;0.00236; 47520;2293;6689;5.3;4.68;41;0.568;1.7;0.333;0.667;93.6;113;0.171;0.355;0.00194;0.00234; 50880;2264;6781;5.3;4.7;42;0.00543;0.323;0.0168;0.667;0.13;2.53;0.949;0.0462;0.000281;0.00548; 27840;1;4;5.25;5.62;49;3.77e+03;3.73e+03;1.74e+03; 19%; 19%;  8%;3.81e+03;1.82e+03;3.8e+03; 19%;  9%; 19%;3.81e+03;3.77e+03;1.8e+03; 19%; 19%;  9%;2.6e+03;2.63e+03;2.59e+03; 13%; 13%; 13%;50;50;0;0;0;0;0;0;0;50;50;0;0;0;0;0;0;0;50;50;0;0;0;0;0;0;0;2.53;78.6;0;18.8;0;0;0;0;0;78.7;76.6;80.5;51;18.1 ;18.6 ;19.3 ;17.6 ;
2017-09-04;14:19:46.050;0.33;1.68;0.196;0.667;205;250;0.183;0.358;0.00182;0.00223;15.5;15.6;1.12e+05;6.67e+04;2.12e+03;3.37;84.2;0.66;16.5;2.66e+04;29.4;58;0.00847;12.6;0;0.0173;0;0;0;252;64;0.444;1.66;0.268;0.667;68.1;83.7;0.187;0.355;0.0018;0.00221; 52800;1527;4528;3.89;3.73;43;0.441;1.71;0.258;0.667;69.1;83.7;0.174;0.368;0.00184;0.00223; 49440;1816;5292;3.84;3.67;43;0.433;1.69;0.256;0.667;67.4;81.3;0.172;0.356;0.00183;0.00221; 51200;1613;4854;3.92;3.77;45;0.000884;0.93;0.000951;0.667;0.0901;1.73;0.948;0.0477;0.0012;0.0229; 27040;0;2;3.82;4.4;49;2.8e+03;2.8e+03;1.3e+03; 14%; 14%;  6%;2.84e+03;1.36e+03;2.82e+03; 14%;  7%; 14%;2.87e+03;2.84e+03;1.35e+03; 14%; 14%;  6%;1.87e+03;1.9e+03;1.86e+03;  9%;  9%;  9%;40.2;41.6;0.0339;18.2;0;0.0694;0;0;0;38.7;52.8;0;8.49;0;0;0;0;0;38.5;56.2;0;5.36;0;0;0;0;0;0.143;81.3;0;18.5;0;0;0;0;0;68.2;66.3;69.9;47.3;15.9 ;16.1 ;16.8 ;15.3 ;
2017-09-04;14:19:47.062;0.545;2.18;0.25;0.667;632;831;0.24;0.499;0.0034;0.00448;44.5;51.2;1.86e+05;8.53e+04;2.13e+03;4.35;109;1.09;27.2;7.9e+04;37.6;42.1;0;20.3;0;17.1;0;0;0;372;107;0.71;2.13;0.333;0.667;209;274;0.236;0.495;0.00346;0.00453; 51360;4135;14548;9.78;10.5;39;0.729;2.19;0.333;0.667;202;269;0.246;0.508;0.00326;0.00432; 51120;4580;15101;9.62;10.5;39;0.739;2.21;0.334;0.667;220;286;0.231;0.495;0.0035;0.00455; 52560;4451;10172;15.5;17.8;39;0.00124;1.11;0.00111;0.634;0.131;2.48;0.947;0.0458;0.00125;0.0236; 27680;0;2;9.65;12.5;48;7.43e+03;9.76e+03;3.57e+03; 38%; 50%; 18%;9.41e+03;3.48e+03;7.42e+03; 48%; 17%; 38%;9.75e+03;1.01e+04;3.85e+03; 50%; 51%; 19%;5.01e+03;4.58e+03;4.67e+03; 25%; 23%; 24%;50;49.9;0;0.121;0;0.0693;0;0;0;50;50;0;0.0127;0;0;0;0;0;50;50;0;0;0;0;0;0;0;0.175;18.7;0;81.1;0;68.5;0;0;0;101;102;112;56.3;24.5 ;25 ;32.7 ;24.6 ;
2017-09-04;14:19:48.073;0.545;2.18;0.251;0.667;630;830;0.24;0.499;0.0034;0.00448;44.3;50.9;1.85e+05;8.52e+04;2.13e+03;4.35;109;1.09;27.3;7.84e+04;37.6;60.3;0;2.15;0;0;0;0;0;382;107;0.713;2.13;0.334;0.667;209;274;0.237;0.495;0.00346;0.00453; 50720;4110;14586;9.7;10.4;38;0.727;2.18;0.333;0.667;200;266;0.249;0.509;0.00323;0.0043; 51200;4622;14950;9.57;10.4;39;0.739;2.22;0.333;0.667;221;287;0.23;0.495;0.00352;0.00457; 51280;4533;10252;15.4;17.7;38;0.00126;1.21;0.00105;0.667;0.127;2.5;0.949;0.0461;0.00118;0.0232; 27600;2;0;9.59;12.4;48;7.34e+03;9.72e+03;3.57e+03; 37%; 50%; 18%;9.31e+03;3.42e+03;7.35e+03; 47%; 17%; 37%;9.66e+03;1.01e+04;3.85e+03; 49%; 51%; 19%;5e+03;4.49e+03;4.67e+03; 25%; 23%; 24%;50.1;49.9;0;0;0;0;0;0;0;50;50;0;0;0;0;0;0;0;50;50;0;0;0;0;0;0;0;0.157;91.3;0;8.59;0;0;0;0;0;102;103;113;63.7;24.5 ;25 ;32.6 ;24.6 ;
2017-09-04;14:19:49.085;0.538;2.27;0.237;0.667;584;780;0.252;0.511;0.00319;0.00427;40.7;46.7;1.83e+05;8.05e+04;2.12e+03;4.54;114;1.08;26.9;7.24e+04;35.5;60.5;0;4.02;0;0;0;0;0;374;102;0.731;2.24;0.326;0.667;203;270;0.247;0.505;0.00327;0.00435; 53040;4119;14167;9.02;9.58;40;0.721;2.26;0.318;0.667;191;256;0.256;0.517;0.00311;0.00418; 50960;4375;14349;8.88;9.58;40;0.698;2.31;0.302;0.667;190;252;0.248;0.512;0.0032;0.00425; 50400;3864;9062;13.9;16.1;41;0.000945;1.16;0.000813;0.667;0.0953;1.86;0.949;0.0483;0.00119;0.0232; 27120;0;3;8.89;11.4;47;7e+03;8.77e+03;3.38e+03; 36%; 45%; 17%;8.43e+03;3.24e+03;7.08e+03; 43%; 16%; 36%;8.82e+03;9.22e+03;3.38e+03; 45%; 47%; 17%;4.38e+03;4.27e+03;4.46e+03; 22%; 21%; 22%;48.8;48.7;0;2.5;0;0;0;0;0;47.8;49.7;0;2.58;0;0;0;0;0;45.4;51.1;0;3.52;0;0;0;0;0;0.122;92.4;0;7.5;0;0;0;0;0;101;101;109;63.2;23.6 ;24 ;30.8 ;23.6 ;
2017-09-04;14:19:50.106;0.109;0.496;0.22;0.667;410;420;0.0254;0.0686;0.011;0.0113;44.2;61.7;3.73e+04;7.52e+04;2.13e+03;0.993;24.8;0.218;5.46;8.43e+04;33;57.9;0;9.15;0;0;0;0;0;322;111;0.161;0.533;0.302;0.667;129;134;0.0431;0.131;0.00937;0.00979; 51280;5402;16281;11.1;14.9;39;0.138;0.478;0.289;0.667;139;141;0.0126;0.0465;0.0118;0.012; 54240;5917;17824;11;14.6;41;0.137;0.476;0.288;0.667;142;143;0.0072;0.025;0.0121;0.0122; 52640;6068;18196;11.1;14.6;40;0.0011;0.758;0.00145;0.667;0.127;2.18;0.942;0.0475;0.00134;0.0231; 27680;1;1;11;17.6;47;9.02e+03;9.13e+03;4.24e+03; 46%; 46%; 21%;9.48e+03;4.6e+03;8.94e+03; 48%; 23%; 45%;9.45e+03;9.04e+03;4.67e+03; 48%; 46%; 23%;5.44e+03;5.36e+03;4.93e+03; 27%; 27%; 25%;45.3;45.3;0;9.38;0;0;0;0;0;43.3;46.9;0;9.77;0;0;0;0;0;43.1;51;0;5.92;0;0;0;0;0;0.218;88.3;0;11.5;0;0;0;0;0;86.4;82;90.7;63;27.3 ;27.4 ;28.2 ;27.7 ;
2017-09-04;14:19:51.117;0.134;0.591;0.227;0.667;449;461;0.0262;0.141;0.00979;0.0101;45.1;61.2;4.59e+04;7.76e+04;2.14e+03;1.18;29.6;0.269;6.72;8.51e+04;34.1;61.2;0;4.73;0;0;0;0;0;332;112;0.19;0.585;0.324;0.667;168;172;0.0259;0.2;0.0103;0.0106; 52800;6557;19588;11.3;14.3;41;0.175;0.591;0.296;0.667;142;145;0.0206;0.112;0.00954;0.00974; 49520;5816;17443;11.3;14.7;41;0.172;0.597;0.287;0.667;139;141;0.0187;0.0934;0.00949;0.00967; 50400;5704;17107;11.3;14.7;42;0.00106;0.789;0.00135;0.667;0.113;2.1;0.946;0.047;0.00125;0.0232; 27760;0;1;11.2;17.5;47;9.45e+03;9.35e+03;4.87e+03; 48%; 47%; 24%;8.86e+03;4.38e+03;9.54e+03; 45%; 22%; 48%;8.85e+03;9.42e+03;4.29e+03; 45%; 48%; 22%;5.1e+03;5.18e+03;5.78e+03; 26%; 26%; 29%;48.7;48;0;3.3;0;0;0;0;0;44.4;52.2;0;3.41;0;0;0;0;0;43.1;54.1;0;2.76;0;0;0;0;0;0.202;90.3;0;9.47;0;0;0;0;0;90.3;84.8;93.1;64.3;27.2 ;27.9 ;28.6 ;28 ;
2017-09-04;14:19:52.128;0.394;1.57;0.25;0.667;365;428;0.146;0.309;0.00273;0.0032;28.8;20.6;1.34e+05;8.5e+04;2.12e+03;3.15;78.7;0.787;19.7;4.63e+04;37.5;56.5;0;6.01;0;0;0;0;0;297;78.3;0.518;1.55;0.333;0.667;124;144;0.138;0.294;0.00283;0.00329; 52240;2682;7755;7.24;4.89;40;0.526;1.58;0.333;0.667;119;139;0.146;0.325;0.00266;0.00311; 52800;2702;7736;7.2;4.9;41;0.529;1.59;0.333;0.667;122;142;0.141;0.311;0.00271;0.00316; 49920;2514;7596;7.2;4.9;42;0.00126;1.04;0.00122;0.667;0.127;2.52;0.95;0.0465;0.00118;0.0235; 27680;0;2;7.19;5.88;48;4.77e+03;4.82e+03;2.23e+03; 24%; 24%; 11%;4.77e+03;2.2e+03;4.84e+03; 24%; 11%; 24%;4.71e+03;4.85e+03;2.2e+03; 24%; 24%; 11%;3.64e+03;3.57e+03;3.7e+03; 18%; 18%; 19%;50;50;0;0;0;0;0;0;0;49.9;50.1;0;0;0;0;0;0;0;49.9;50.1;0;0;0;0;0;0;0;0.183;75.8;0;24;0;0;0;0;0;80.4;79;85.3;52.4;19.1 ;19.8 ;20.5 ;18.9 ;
2017-09-04;14:19:53.139;0.395;1.58;0.25;0.667;322;384;0.161;0.327;0.0024;0.00286;24.6;19.9;1.34e+05;8.5e+04;2.12e+03;3.16;78.9;0.79;19.8;4.04e+04;37.5;58.9;0;3.58;0;0;0;0;0;292;76.1;0.537;1.61;0.334;0.667;105;125;0.159;0.322;0.00231;0.00274; 50880;2394;6758;6.19;4.72;41;0.518;1.56;0.333;0.667;109;129;0.152;0.336;0.00248;0.00292; 50880;2509;7371;6.14;4.75;41;0.524;1.57;0.333;0.667;108;128;0.154;0.327;0.00243;0.00287; 50240;2332;6991;6.14;4.74;43;0.00129;0.986;0.00131;0.667;0.145;2.54;0.943;0.048;0.00133;0.0232; 28080;0;4;6.11;5.69;48;4.32e+03;4.29e+03;2.02e+03; 22%; 22%; 10%;4.19e+03;1.92e+03;4.14e+03; 21%;  9%; 21%;4.21e+03;4.16e+03;1.95e+03; 21%; 21%; 10%;3.08e+03;3.08e+03;3.03e+03; 15%; 15%; 15%;50.1;49.9;0;0;0;0;0;0;0;50;50;0;0;0;0;0;0;0;49.9;50.1;0;0;0;0;0;0;0;0.196;85.5;0;14.3;0;0;0;0;0;79.1;77.8;82.7;52.5;18.5 ;19 ;20.1 ;18.4 ;
2017-09-04;14:19:54.150;0.406;1.62;0.25;0.667;345;410;0.157;0.321;0.0025;0.00297;26.2;20.7;1.38e+05;8.5e+04;2.12e+03;3.25;81.1;0.812;20.3;4.28e+04;37.5;59.3;0;3.18;0;0;0;0;0;299;78.3;0.541;1.62;0.333;0.667;106;127;0.16;0.321;0.00231;0.00276; 51040;2367;6824;6.59;4.92;42;0.541;1.63;0.333;0.667;124;145;0.143;0.322;0.00269;0.00314; 48800;2833;8364;6.53;4.9;42;0.541;1.62;0.333;0.667;115;136;0.152;0.324;0.00251;0.00296; 50560;2465;7245;6.54;4.93;43;0.00155;1.11;0.00139;0.667;0.136;2.62;0.948;0.0549;0.00104;0.02; 28000;0;6;6.51;5.9;48;4.68e+03;4.5e+03;2.12e+03; 24%; 23%; 10%;4.43e+03;2.06e+03;4.28e+03; 22%; 10%; 22%;4.58e+03;4.28e+03;2.05e+03; 23%; 22%; 10%;3.27e+03;3.42e+03;3.12e+03; 16%; 17%; 16%;50;50;0;0;0;0;0;0;0;50;50;0;0;0;0;0;0;0;50;50;0;0;0;0;0;0;0;0.209;87.1;0;12.7;0;0;0;0;0;80.6;80.5;84;53.7;19.1 ;19.8 ;20.5 ;18.9 ;
2017-09-04;14:19:55.161;0.339;1.64;0.207;0.667;256;312;0.18;0.406;0.00222;0.00271;19.5;16.6;1.15e+05;7.03e+04;2.12e+03;3.28;81.9;0.678;17;3.23e+04;31.1;51;0;18;0;2.7;0;0;0;264;67.1;0.461;1.65;0.28;0.667;81.2;99.3;0.182;0.375;0.00207;0.00254; 50960;1904;5347;4.92;3.96;42;0.454;1.62;0.28;0.667;89.5;108;0.169;0.416;0.00232;0.00279; 53360;2074;6302;4.87;3.92;42;0.441;1.65;0.267;0.667;85.3;103;0.175;0.427;0.00228;0.00276; 52560;1684;4955;4.86;3.95;43;0.000909;0.931;0.000975;0.667;0.105;1.8;0.941;0.0479;0.00136;0.0233; 28080;0;2;4.85;4.72;48;3.51e+03;3.4e+03;1.6e+03; 18%; 17%;  8%;3.38e+03;1.59e+03;3.31e+03; 17%;  8%; 17%;3.45e+03;3.27e+03;1.57e+03; 17%; 16%;  8%;2.42e+03;2.51e+03;2.33e+03; 12%; 12%; 12%;42;42;0;15.9;0;1.84;0;0;0;42;42.1;0;15.9;0;0;0;0;0;40.1;40.2;0;19.7;0;8.97;0;0;0;0.146;79.6;0;20.3;0;0;0;0;0;71.3;70.6;73.2;49.4;16.4 ;16.7 ;17.7 ;16.2 ;
2017-09-04;14:19:56.172;0.42;1.68;0.25;0.667;314;379;0.171;0.341;0.0022;0.00265;24;19.7;1.43e+05;8.5e+04;2.12e+03;3.36;84;0.841;21;3.95e+04;37.5;60;0;2.44;0;0;0;0;0;299;73.7;0.561;1.68;0.334;0.667;98.2;119;0.174;0.348;0.00206;0.00249; 51760;2011;5930;6.05;4.73;42;0.56;1.68;0.333;0.667;108;129;0.162;0.346;0.00227;0.00271; 49840;2134;6210;5.99;4.66;42;0.559;1.68;0.333;0.667;108;128;0.161;0.333;0.00227;0.0027; 50960;2365;7087;6.01;4.66;43;0.00127;1.02;0.00124;0.667;0.132;2.51;0.947;0.0473;0.00123;0.0233; 28000;0;2;5.96;5.59;48;4.17e+03;4.15e+03;1.89e+03; 21%; 21%;  9%;4.18e+03;1.94e+03;4.01e+03; 21%;  9%; 20%;4.19e+03;4.02e+03;1.95e+03; 21%; 20%; 10%;3.05e+03;3.04e+03;2.86e+03; 15%; 15%; 14%;50;50;0;0;0;0;0;0;0;50;50;0;0;0;0;0;0;0;50;50;0;0;0;0;0;0;0;0.186;90.1;0;9.75;0;0;0;0;0;81.8;79.8;84.5;53.4;18.1 ;18.4 ;19.5 ;17.7 ;
2017-09-04;14:19:57.182;0.425;1.7;0.25;0.667;283;345;0.179;0.355;0.00196;0.00239;21.4;19.6;1.44e+05;8.49e+04;2.12e+03;3.4;84.9;0.85;21.3;3.61e+04;37.5;60.1;0;2.35;0;0;0;0;0;289;73.6;0.564;1.69;0.333;0.667;93.2;113;0.177;0.352;0.00195;0.00237; 52080;2077;6164;5.41;4.73;42;0.569;1.71;0.333;0.667;95.8;116;0.172;0.363;0.00198;0.00239; 49440;2652;7791;5.36;4.66;42;0.565;1.7;0.333;0.667;93.8;113;0.171;0.354;0.00195;0.00236; 50800;1961;5856;5.36;4.67;44;0.00126;0.995;0.00127;0.667;0.129;2.52;0.949;0.0471;0.0012;0.0235; 28160;1;0;5.31;5.58;48;3.8e+03;3.75e+03;1.74e+03; 19%; 19%;  8%;3.82e+03;1.82e+03;3.8e+03; 19%;  9%; 19%;3.85e+03;3.78e+03;1.81e+03; 19%; 19%;  9%;2.63e+03;2.67e+03;2.61e+03; 13%; 13%; 13%;50;50;0;0;0;0;0;0;0;50;50;0;0;0;0;0;0;0;50;50;0;0;0;0;0;0;0;0.191;90.4;0;9.42;0;0;0;0;0;79.5;76.7;80.7;52.1;18.2 ;18.6 ;19.2 ;17.6 ;
2017-09-04;14:19:58.193;0.427;1.71;0.25;0.667;276;336;0.178;0.356;0.00191;0.00232;20.8;19.9;1.45e+05;8.49e+04;2.12e+03;3.41;85.4;0.854;21.3;3.54e+04;37.5;59.3;0;3.24;0;0;0;0;0;287;73.5;0.563;1.69;0.333;0.667;90.1;110;0.178;0.355;0.00188;0.00229; 52160;1958;5829;5.26;4.8;42;0.571;1.72;0.333;0.667;93.9;113;0.17;0.363;0.00194;0.00233; 50960;2073;6048;5.2;4.71;42;0.572;1.72;0.333;0.667;92.1;111;0.17;0.355;0.0019;0.00229; 49760;2390;7088;5.19;4.72;44;0.00125;0.988;0.00127;0.667;0.133;2.49;0.947;0.0476;0.00125;0.0234; 27600;0;2;5.16;5.66;48;3.72e+03;3.69e+03;1.71e+03; 19%; 19%;  8%;3.77e+03;1.8e+03;3.73e+03; 19%;  9%; 19%;3.8e+03;3.71e+03;1.8e+03; 19%; 19%;  9%;2.56e+03;2.59e+03;2.51e+03; 13%; 13%; 12%;50;50;0;0;0;0;0;0;0;49.9;50;0;0.12;0;0;0;0;0;49.9;50.1;0;0;0;0;0;0;0;0.19;87;0;12.8;0;0;0;0;0;79.3;76.3;80.3;51.3;18 ;18.6 ;19.3 ;17.6 ;
2017-09-04;14:19:59.206;0.431;2.12;0.203;0.667;478;651;0.265;0.643;0.00327;0.00444;33.9;39.2;1.46e+05;6.9e+04;2.12e+03;4.24;106;0.861;21.5;6.02e+04;30.5;51.5;0.00868;18;0;0.812;0;0;0;322;90.3;0.578;2.09;0.277;0.667;162;218;0.26;0.632;0.00329;0.00445; 50880;3295;11185;7.46;8.04;39;0.57;2.12;0.268;0.667;152;208;0.273;0.656;0.00313;0.0043; 50800;3654;11770;7.34;8.06;40;0.574;2.16;0.266;0.667;165;222;0.256;0.642;0.00339;0.00455; 50480;3268;7426;11.7;13.5;39;0.000937;1.09;0.000861;0.667;0.0925;1.85;0.95;0.0478;0.00116;0.0232; 28080;0;4;7.36;9.58;48;5.67e+03;7.44e+03;2.78e+03; 29%; 38%; 14%;7.08e+03;2.63e+03;5.72e+03; 36%; 13%; 29%;7.36e+03;7.75e+03;2.92e+03; 37%; 39%; 15%;3.77e+03;3.44e+03;3.63e+03; 19%; 17%; 18%;41.6;41.9;0.0347;16.5;0;0;0;0;0;40.3;41;0;18.7;0;3.25;0;0;0;39.9;41;0;19.1;0;0;0;0;0;0.129;82.1;0;17.8;0;0;0;0;0;87;85.5;93.3;56.6;20.9 ;21.5 ;27.2 ;20.7 ;
2017-09-04;14:20:00.217;0.546;2.18;0.251;0.667;634;834;0.239;0.498;0.00342;0.00449;44.6;51.3;1.86e+05;8.52e+04;2.13e+03;4.36;109;1.09;27.3;7.9e+04;37.6;60.2;0;2.18;0;0;0;0;0;382;107;0.721;2.16;0.334;0.667;209;274;0.239;0.498;0.0034;0.00447; 50960;4260;14624;9.76;10.5;39;0.725;2.17;0.334;0.667;203;269;0.245;0.507;0.00329;0.00436; 48640;4683;15313;9.62;10.5;39;0.735;2.2;0.334;0.667;223;289;0.227;0.492;0.00357;0.00462; 50240;4587;10271;15.5;17.8;39;0.00126;1.24;0.00102;0.667;0.13;2.47;0.947;0.0476;0.00121;0.023; 27920;1;1;9.64;12.5;47;7.39e+03;9.7e+03;3.54e+03; 38%; 49%; 18%;9.48e+03;3.47e+03;7.4e+03; 48%; 17%; 38%;9.83e+03;1.01e+04;3.89e+03; 50%; 51%; 20%;5.03e+03;4.56e+03;4.63e+03; 25%; 23%; 23%;50.1;49.9;0;0;0;0;0;0;0;50;50;0;0;0;0;0;0;0;50;50;0;0;0;0;0;0;0;0.152;91.1;0;8.74;0;0;0;0;0;102;103;113;63.6;24.6 ;25.2 ;32.9 ;24.7 ;
2017-09-04;14:20:01.229;0.548;2.19;0.25;0.667;632;832;0.24;0.499;0.00339;0.00447;44.4;51.2;1.86e+05;8.51e+04;2.12e+03;4.37;109;1.1;27.4;7.89e+04;37.6;59.9;0;2.55;0;0;0;0;0;382;107;0.714;2.14;0.334;0.667;209;274;0.237;0.496;0.00345;0.00451; 50400;4236;14413;9.76;10.5;38;0.732;2.19;0.333;0.667;204;270;0.246;0.507;0.00327;0.00434; 51120;4669;15447;9.59;10.4;39;0.745;2.23;0.333;0.667;219;286;0.233;0.497;0.00346;0.00451; 52640;4391;10165;15.4;17.8;39;0.00126;1.18;0.00106;0.667;0.126;2.51;0.95;0.047;0.00118;0.0234; 28080;0;1;9.64;12.5;47;7.43e+03;9.72e+03;3.57e+03; 38%; 50%; 18%;9.41e+03;3.48e+03;7.42e+03; 48%; 17%; 38%;9.77e+03;1e+04;3.84e+03; 50%; 51%; 19%;4.99e+03;4.57e+03;4.66e+03; 25%; 23%; 24%;50.1;49.9;0;0;0;0;0;0;0;50;50;0;0;0;0;0;0;0;50;50;0;0;0;0;0;0;0;0.16;89.6;0;10.2;0;0;0;0;0;102;103;113;63.5;24.6 ;25.1 ;32.5 ;24.7 ;
2017-09-04;14:20:02.250;0.22;1.08;0.203;0.667;406;470;0.135;0.35;0.00541;0.00625;38.6;51.5;7.52e+04;6.95e+04;2.12e+03;2.16;54.1;0.44;11;7.28e+04;30.5;57.6;0.000323;11.9;0;0;0;0;0;324;101;0.332;1.14;0.29;0.667;146;171;0.147;0.373;0.00515;0.00604; 51920;4919;15099;9.48;11.9;38;0.291;1.08;0.27;0.667;138;158;0.129;0.348;0.00554;0.00637; 53600;4949;15043;9.45;12;40;0.257;1.02;0.253;0.667;123;139;0.118;0.324;0.00559;0.00634; 52240;4629;13708;10.3;13.3;40;0.000776;0.765;0.00102;0.667;0.0876;1.5;0.942;0.051;0.00132;0.0226; 28000;0;3;9.43;14.4;47;7.83e+03;8.09e+03;3.8e+03; 40%; 41%; 19%;7.93e+03;3.81e+03;7.85e+03; 40%; 19%; 40%;8.05e+03;8.26e+03;3.69e+03; 41%; 42%; 18%;4.38e+03;4.56e+03;4.59e+03; 22%; 23%; 23%;43.5;43.5;0.00129;13;0;0;0;0;0;40.5;44.6;0;14.9;0;0;0;0;0;37.9;54.6;0;7.48;0;0;0;0;0;0.152;87.6;0;12.2;0;0;0;0;0;88.1;83.5;90.7;61.5;24.5 ;25 ;26.8 ;24.8 ;
2017-09-04;14:20:03.269;0.115;0.458;0.251;0.667;474;478;0.00848;0.0082;0.012;0.0121;50.8;70.9;3.94e+04;8.6e+04;2.15e+03;0.916;22.9;0.23;5.75;9.68e+04;37.7;58.7;0;3.66;0;0;0;0;0;348;121;0.143;0.428;0.335;0.667;148;148;0.0051;0.00843;0.012;0.0121; 51280;6385;19120;12.7;17.1;38;0.157;0.47;0.334;0.667;162;163;0.00295;0.00779;0.0121;0.0121; 52160;6982;20942;12.7;16.8;40;0.159;0.475;0.334;0.667;164;164;0.00292;0.00779;0.0121;0.0121; 51520;7039;21136;12.7;16.8;40;0.00126;0.79;0.00159;0.667;0.135;2.47;0.946;0.0471;0.00125;0.0229; 28160;0;2;12.7;20.2;47;1.04e+04;1.05e+04;4.88e+03; 53%; 53%; 24%;1.09e+04;5.29e+03;1.03e+04; 55%; 27%; 52%;1.08e+04;1.03e+04;5.33e+03; 55%; 52%; 27%;6.21e+03;6.17e+03;5.68e+03; 31%; 31%; 29%;50.3;49.7;0;0;0;0;0;0;0;50.1;49.9;0;0;0;0;0;0;0;50;50;0;0;0;0;0;0;0;0.239;85.1;0;14.6;0;0;0;0;0;93.2;89.3;99.2;65.9;29.9 ;29.9 ;30.8 ;30.5 ;
2017-09-04;14:20:04.281;0.33;1.43;0.231;0.667;363;430;0.156;0.509;0.00322;0.00382;28.9;25.2;1.13e+05;7.87e+04;2.14e+03;2.86;71.6;0.66;16.5;4.83e+04;34.6;54.1;0;11.3;0;0;0;0;0;298;80.6;0.45;1.38;0.326;0.667;148;172;0.139;0.526;0.00385;0.00447; 52640;3788;11163;7.24;5.65;41;0.433;1.44;0.301;0.667;110;132;0.161;0.521;0.00299;0.00357; 48960;2733;7964;7.21;6.15;42;0.436;1.48;0.294;0.667;105;124;0.159;0.474;0.00281;0.00334; 45760;2436;7380;7.21;6.23;43;0.00137;1.1;0.00125;0.667;0.118;2.26;0.948;0.0562;0.00101;0.0193; 28000;1;1;7.19;7.2;48;5.33e+03;5.15e+03;2.88e+03; 27%; 26%; 14%;4.46e+03;2.17e+03;5.55e+03; 22%; 11%; 28%;4.5e+03;5.42e+03;2.08e+03; 23%; 27%; 10%;3.18e+03;3.31e+03;4.26e+03; 16%; 16%; 21%;48.9;48.7;0;2.43;0;0;0;0;0;45.2;49.2;0;5.65;0;0;0;0;0;44.1;52.1;0;3.77;0;0;0;0;0;0.187;66.3;0;33.5;0;0;0;0;0;82.2;78.5;83.8;53.7;19.4 ;20.3 ;21.3 ;19.7 ;
2017-09-04;14:20:05.279;0.409;1.63;0.25;0.667;344;407;0.156;0.322;0.0025;0.00297;26.1;20.5;1.37e+05;8.4e+04;2.1e+03;3.27;81.7;0.818;20.5;4.27e+04;37.5;57.9;0;4.59;0;0;0;0;0;290;77.3;0.547;1.64;0.334;0.667;113;133;0.152;0.314;0.00246;0.0029; 54720;2647;7558;6.57;4.86;42;0.546;1.64;0.333;0.667;114;134;0.152;0.335;0.00248;0.00293; 50160;2706;7926;6.52;4.87;42;0.542;1.63;0.333;0.667;117;138;0.15;0.319;0.00257;0.00303; 49280;2522;7706;6.54;4.88;43;0.00128;0.978;0.00131;0.667;0.137;2.49;0.945;0.0464;0.00127;0.0232; 28240;0;9;6.51;5.85;48;4.47e+03;4.53e+03;2.11e+03; 23%; 23%; 10%;4.47e+03;2.05e+03;4.41e+03; 23%; 10%; 23%;4.38e+03;4.41e+03;2.04e+03; 22%; 23%; 10%;3.32e+03;3.23e+03;3.26e+03; 17%; 16%; 17%;50;50;0;0;0;0;0;0;0;50;50;0;0;0;0;0;0;0;50;50;0;0;0;0;0;0;0;0.196;81.4;0;18.4;0;0;0;0;0;78.8;77.5;82.6;51.4;18.9 ;19.4 ;20.4 ;18.5 ;
2017-09-04;14:20:06.290;0.41;1.64;0.25;0.667;334;397;0.16;0.328;0.0024;0.00285;25.4;21;1.39e+05;8.5e+04;2.12e+03;3.28;81.9;0.82;20.5;4.2e+04;37.5;58.8;0;3.65;0;0;0;0;0;290;78.5;0.542;1.63;0.334;0.667;104;124;0.16;0.325;0.00226;0.00269; 51200;2312;6613;6.4;5.01;41;0.55;1.65;0.333;0.667;109;129;0.158;0.346;0.00233;0.00276; 49280;2560;7507;6.35;5;42;0.547;1.64;0.333;0.667;121;142;0.147;0.316;0.0026;0.00305; 47920;2692;7878;6.36;4.99;43;0.00127;1.01;0.00126;0.667;0.129;2.52;0.949;0.0469;0.0012;0.0234; 28000;0;3;6.33;6;48;4.37e+03;4.59e+03;2.07e+03; 22%; 23%; 10%;4.56e+03;2.04e+03;4.24e+03; 23%; 10%; 21%;4.32e+03;4.25e+03;2.04e+03; 22%; 21%; 10%;3.36e+03;3.11e+03;3.04e+03; 17%; 16%; 15%;50;50;0;0;0;0;0;0;0;50;50;0;0;0;0;0;0;0;50;50;0;0;0;0;0;0;0;0.189;85.2;0;14.6;0;0;0;0;0;78.5;77.4;82.4;51.9;19.2 ;19.9 ;20.5 ;18.9 ;
2017-09-04;14:20:07.301;0.348;1.7;0.205;0.667;264;323;0.181;0.418;0.00224;0.00273;19.9;17.2;1.18e+05;6.95e+04;2.12e+03;3.4;84.9;0.695;17.4;3.31e+04;30.7;57.1;0;12.2;0;0;0;0;0;261;69.7;0.481;1.71;0.282;0.667;89.2;110;0.191;0.448;0.00218;0.0027; 52160;1991;5567;5;4.09;42;0.458;1.69;0.271;0.667;88;106;0.172;0.425;0.00226;0.00273; 48960;1837;5611;4.96;4.11;42;0.451;1.7;0.265;0.667;87.1;105;0.167;0.379;0.00227;0.00273; 50240;1944;5853;4.96;4.12;44;0.000899;0.927;0.00097;0.667;0.103;1.77;0.942;0.0482;0.00135;0.0232; 28400;0;5;4.94;4.92;49;3.52e+03;3.5e+03;1.67e+03; 18%; 18%;  8%;3.44e+03;1.61e+03;3.48e+03; 17%;  8%; 17%;3.42e+03;3.47e+03;1.6e+03; 17%; 17%;  8%;2.45e+03;2.44e+03;2.49e+03; 12%; 12%; 12%;42.3;42.3;0;15.5;0;0;0;0;0;40.6;48.9;0;10.4;0;0;0;0;0;39.8;54.6;0;5.64;0;0;0;0;0;0.145;82.5;0;17.4;0;0;0;0;0;70.9;68.4;72.8;48.7;17.1 ;17.6 ;18.2 ;16.7 ;
2017-09-04;14:20:08.311;0.419;1.68;0.25;0.667;318;384;0.171;0.34;0.00224;0.0027;24.6;19.7;1.42e+05;8.5e+04;2.12e+03;3.35;83.8;0.838;21;4.02e+04;37.5;58.9;0;3.6;0;0;0;0;0;304;73.3;0.563;1.69;0.334;0.667;98.3;119;0.176;0.351;0.00206;0.0025; 49120;2130;6270;6.21;4.76;41;0.556;1.67;0.333;0.667;109;131;0.163;0.343;0.00232;0.00277; 52000;2606;7628;6.14;4.68;41;0.557;1.67;0.333;0.667;110;131;0.161;0.331;0.00233;0.00278; 50480;1987;5990;6.14;4.68;42;0.00128;1.01;0.00127;0.667;0.138;2.51;0.945;0.0469;0.00127;0.0232; 28160;0;8;6.09;5.61;48;4.28e+03;4.27e+03;1.93e+03; 22%; 21%;  9%;4.29e+03;1.96e+03;4.04e+03; 22%; 10%; 20%;4.27e+03;4.06e+03;1.98e+03; 22%; 20%; 10%;3.14e+03;3.13e+03;2.9e+03; 16%; 16%; 14%;50;50;0;0;0;0;0;0;0;50;50;0;0;0;0;0;0;0;50;50;0;0;0;0;0;0;0;0.191;85.4;0;14.4;0;0;0;0;0;82.8;81.2;86;53.7;18 ;18.4 ;19.2 ;17.7 ;
2017-09-04;14:20:09.321;0.426;1.7;0.25;0.667;289;352;0.179;0.353;0.002;0.00244;21.9;19.7;1.45e+05;8.49e+04;2.12e+03;3.41;85.1;0.852;21.3;3.68e+04;37.5;58.2;0;4.32;0;0;0;0;0;290;73.8;0.564;1.69;0.333;0.667;94.1;114;0.177;0.351;0.00197;0.00239; 52160;1981;5882;5.54;4.74;41;0.57;1.71;0.333;0.667;97.5;118;0.172;0.363;0.00202;0.00243; 49440;2187;6392;5.48;4.67;42;0.569;1.71;0.333;0.667;97.7;118;0.171;0.35;0.00202;0.00244; 48800;2325;6900;5.48;4.67;43;0.00126;0.991;0.00127;0.667;0.13;2.5;0.948;0.0471;0.00121;0.0233; 28400;1;5;5.42;5.6;48;3.86e+03;3.86e+03;1.77e+03; 19%; 19%;  9%;3.91e+03;1.84e+03;3.85e+03; 20%;  9%; 19%;3.89e+03;3.83e+03;1.84e+03; 20%; 19%;  9%;2.72e+03;2.73e+03;2.65e+03; 14%; 14%; 13%;50;50;0;0;0;0;0;0;0;50;50;0;0;0;0;0;0;0;50;50;0;0;0;0;0;0;0;0.191;82.5;0;17.3;0;0;0;0;0;80.1;77.1;81.5;51.4;18.1 ;18.5 ;19.4 ;17.9 ;
2017-09-04;14:20:10.331;0.427;1.71;0.25;0.667;276;337;0.179;0.357;0.00191;0.00232;20.8;19.7;1.45e+05;8.49e+04;2.12e+03;3.41;85.3;0.854;21.3;3.52e+04;37.5;57.9;0;4.55;0;0;0;0;0;287;73.5;0.567;1.7;0.333;0.667;90.4;110;0.179;0.356;0.00188;0.00229; 51440;2053;6091;5.24;4.76;42;0.57;1.71;0.333;0.667;93.6;113;0.171;0.365;0.00194;0.00233; 48000;2651;7649;5.19;4.67;42;0.569;1.71;0.333;0.667;92;111;0.171;0.355;0.0019;0.0023; 49040;1947;5861;5.19;4.69;44;0.00128;0.99;0.00129;0.667;0.132;2.54;0.948;0.0471;0.00121;0.0233; 28080;0;4;5.14;5.61;49;3.71e+03;3.67e+03;1.71e+03; 19%; 18%;  8%;3.75e+03;1.79e+03;3.72e+03; 19%;  9%; 19%;3.77e+03;3.71e+03;1.78e+03; 19%; 19%;  9%;2.54e+03;2.57e+03;2.52e+03; 13%; 13%; 12%;50;50;0;0;0;0;0;0;0;49.9;50.1;0;0;0;0;0;0;0;49.9;50.1;0;0;0;0;0;0;0;0.194;81.6;0;18.2;0;0;0;0;0;79.5;76.2;80.8;50.7;18 ;18.5 ;19.3 ;17.7 ;
2017-09-04;14:20:11.344;0.396;1.99;0.199;0.667;382;496;0.231;0.488;0.00284;0.00369;27.6;31.2;1.35e+05;6.76e+04;2.12e+03;3.98;99.4;0.792;19.8;4.88e+04;29.9;50.3;0.00064;19.9;0;0.371;0;0;0;296;80.7;0.533;1.96;0.272;0.667;128;166;0.229;0.473;0.00283;0.00368; 50720;2594;8761;6.26;6.59;39;0.523;1.99;0.263;0.667;122;159;0.235;0.5;0.00275;0.00359; 49840;2685;8742;6.14;6.56;40;0.527;2.02;0.261;0.667;131;169;0.222;0.492;0.00293;0.00377; 47920;2864;7041;9.04;10.2;40;0.000901;1;0.0009;0.667;0.101;1.78;0.943;0.0472;0.00132;0.0233; 28240;0;2;6.17;7.84;48;4.69e+03;5.84e+03;2.27e+03; 24%; 30%; 11%;5.65e+03;2.22e+03;4.73e+03; 29%; 11%; 24%;5.83e+03;6.05e+03;2.39e+03; 30%; 31%; 12%;3.14e+03;2.92e+03;3.03e+03; 16%; 15%; 15%;40.8;40.8;0.00256;18.4;0;1.48;0;0;0;39.4;39.5;0;21;0;0;0;0;0;39.1;40.5;0;20.4;0;0;0;0;0;0.135;80.2;0;19.7;0;0;0;0;0;80.2;78;84.7;53.1;19.1 ;19.4 ;23.5 ;18.8 ;
2017-09-04;14:20:12.356;0.547;2.18;0.251;0.667;635;834;0.239;0.498;0.00342;0.00449;44.6;51.4;1.86e+05;8.52e+04;2.13e+03;4.36;109;1.09;27.3;7.91e+04;37.6;59.3;0;3.09;0;0;0;0;0;381;107;0.725;2.17;0.334;0.667;207;273;0.242;0.5;0.00336;0.00443; 52560;4124;14657;9.77;10.6;39;0.721;2.16;0.334;0.667;206;271;0.241;0.503;0.00336;0.00442; 53200;4819;15707;9.63;10.5;39;0.739;2.22;0.333;0.667;222;288;0.228;0.494;0.00353;0.00458; 51760;4570;10222;15.5;17.9;39;0.00127;1.28;0.000994;0.667;0.13;2.46;0.947;0.0476;0.0012;0.0228; 28240;0;2;9.63;12.5;48;7.39e+03;9.65e+03;3.52e+03; 38%; 49%; 18%;9.6e+03;3.5e+03;7.42e+03; 49%; 18%; 38%;9.96e+03;9.98e+03;3.88e+03; 51%; 51%; 19%;5.03e+03;4.58e+03;4.61e+03; 25%; 23%; 23%;50.1;49.9;0;0;0;0;0;0;0;50;50;0;0;0;0;0;0;0;50;50;0;0;0;0;0;0;0;0.149;87.5;0;12.4;0;0;0;0;0;103;103;113;63.2;24.6 ;25.1 ;32.8 ;24.7 ;
2017-09-04;14:20:13.368;0.54;2.15;0.251;0.667;634;831;0.237;0.496;0.00345;0.00453;44.5;51.5;1.83e+05;8.52e+04;2.13e+03;4.31;108;1.08;27;7.9e+04;37.6;59.3;0;3.07;0;0;0;0;0;381;107;0.707;2.11;0.334;0.667;208;273;0.237;0.495;0.00346;0.00454; 53200;4124;14295;9.72;10.5;39;0.72;2.16;0.333;0.667;203;268;0.242;0.504;0.00333;0.00439; 49840;4745;15437;9.58;10.5;39;0.731;2.19;0.333;0.667;222;287;0.226;0.491;0.00358;0.00462; 51120;4587;10250;15.6;17.9;39;0.00126;1.27;0.000993;0.667;0.131;2.45;0.947;0.0477;0.00122;0.0228; 28400;1;1;9.61;12.5;48;7.37e+03;9.7e+03;3.54e+03; 37%; 49%; 18%;9.51e+03;3.47e+03;7.39e+03; 48%; 17%; 38%;9.9e+03;1e+04;3.88e+03; 50%; 51%; 19%;5.01e+03;4.54e+03;4.62e+03; 25%; 23%; 23%;50.1;49.9;0;0;0;0;0;0;0;50;50;0;0;0;0;0;0;0;50;50;0;0;0;0;0;0;0;0.149;87.6;0;12.3;0;0;0;0;0;102;103;113;63.2;24.6 ;25.2 ;32.7 ;24.6 ;
2017-09-04;14:20:14.388;0.327;1.6;0.205;0.667;447;556;0.196;0.444;0.00401;0.00498;37.4;47.2;1.12e+05;6.99e+04;2.12e+03;3.19;79.8;0.653;16.3;6.91e+04;30.7;57.1;0.00189;12.2;0;0;0;0;0;333;97.7;0.466;1.62;0.288;0.667;156;195;0.202;0.45;0.00393;0.00492; 51840;4296;13802;8.82;10.5;39;0.443;1.59;0.278;0.667;154;190;0.189;0.442;0.00407;0.00502; 52320;4599;14392;8.75;10.4;41;0.398;1.58;0.253;0.667;137;169;0.19;0.44;0.00403;0.00497; 51840;3988;11020;11.1;13.8;40;0.00102;0.928;0.0011;0.667;0.0909;1.54;0.941;0.062;0.00104;0.0177; 28000;0;5;8.74;12.5;47;7.18e+03;7.84e+03;3.42e+03; 36%; 40%; 17%;7.83e+03;3.48e+03;7.18e+03; 40%; 17%; 36%;8.07e+03;8.1e+03;3.34e+03; 41%; 41%; 17%;4.09e+03;4.31e+03;4.28e+03; 20%; 22%; 21%;43.2;43.3;0.007;13.5;0;0;0;0;0;41.6;47.8;0;10.5;0;0;0;0;0;37.9;54;0;8.07;0;0;0;0;0;0.164;83.1;0.000564;16.7;0;0;0;0;0;90.1;88.2;94.1;60.7;23.3 ;23.5 ;27.5 ;23.3 ;
2017-09-04;14:20:15.406;0.115;0.456;0.251;0.667;468;473;0.00877;0.00833;0.0119;0.012;50.6;70.5;3.93e+04;8.6e+04;2.14e+03;0.913;22.8;0.229;5.73;9.63e+04;37.7;57.6;0;4.68;0;0;0;0;0;347;121;0.143;0.428;0.335;0.667;147;148;0.00537;0.00875;0.012;0.012; 51440;6387;19106;12.7;17;39;0.155;0.465;0.334;0.667;159;160;0.00305;0.0078;0.012;0.012; 49920;6898;20710;12.6;16.7;40;0.159;0.475;0.334;0.667;162;162;0.00298;0.00786;0.0119;0.012; 53200;7042;21116;12.6;16.7;40;0.00126;0.757;0.00166;0.667;0.132;2.51;0.947;0.0461;0.00123;0.0233; 28160;0;1;12.6;20.2;47;1.03e+04;1.05e+04;4.88e+03; 52%; 53%; 24%;1.08e+04;5.23e+03;1.03e+04; 55%; 26%; 52%;1.08e+04;1.03e+04;5.33e+03; 55%; 52%; 27%;6.2e+03;6.1e+03;5.67e+03; 31%; 31%; 28%;50.3;49.7;0;0;0;0;0;0;0;50.1;49.9;0;0;0;0;0;0;0;50;50;0;0;0;0;0;0;0;0.249;81;0;18.7;0;0;0;0;0;93.5;89.2;98.8;65.3;29.7 ;30.1 ;30.8 ;30.5 ;
2017-09-04;14:20:16.418;0.263;1.14;0.231;0.667;397;435;0.0881;0.26;0.00443;0.00486;35.1;38;8.96e+04;7.87e+04;2.14e+03;2.28;56.9;0.526;13.1;6.19e+04;34.6;57.1;0;8.3;0;0;0;0;0;313;91.3;0.363;1.11;0.326;0.667;157;169;0.0712;0.218;0.00506;0.00544; 52400;4772;14272;8.81;8.74;42;0.346;1.14;0.302;0.667;124;136;0.0905;0.291;0.0042;0.00461; 48720;3894;11485;8.76;9.15;42;0.342;1.16;0.294;0.667;117;129;0.0933;0.282;0.00401;0.00442; 50480;3536;10644;8.76;9.25;43;0.0011;0.916;0.0012;0.667;0.121;2.18;0.944;0.0473;0.00129;0.0232; 27920;0;2;8.74;10.8;48;6.85e+03;6.64e+03;3.6e+03; 35%; 34%; 18%;6.06e+03;3e+03;7.07e+03; 31%; 15%; 36%;6.09e+03;6.9e+03;2.87e+03; 31%; 35%; 14%;3.89e+03;4.05e+03;4.88e+03; 19%; 20%; 25%;48.9;48.7;0;2.38;0;0;0;0;0;45.3;48.6;0;6.05;0;0;0;0;0;44.1;50.1;0;5.83;0;0;0;0;0;0.181;80.9;0;18.9;0;0;0;0;0;85.6;81.5;87.1;58.6;22.1 ;22.6 ;23.9 ;22.7 ;
2017-09-04;14:20:17.429;0.415;1.66;0.25;0.667;350;415;0.157;0.324;0.00248;0.00294;26.8;20.9;1.41e+05;8.5e+04;2.12e+03;3.32;82.9;0.83;20.8;4.37e+04;37.5;57.5;0;4.95;0;0;0;0;0;299;78.3;0.548;1.64;0.334;0.667;117;138;0.15;0.31;0.00252;0.00297; 51600;2603;7524;6.73;4.96;41;0.553;1.66;0.333;0.667;118;139;0.151;0.335;0.00251;0.00296; 49280;2715;7944;6.68;4.97;42;0.557;1.67;0.333;0.667;114;135;0.155;0.33;0.00242;0.00286; 51120;2468;7401;6.69;4.98;43;0.00127;1.04;0.00122;0.667;0.127;2.52;0.95;0.0468;0.00118;0.0234; 28400;0;1;6.66;5.97;48;4.63e+03;4.54e+03;2.15e+03; 23%; 23%; 11%;4.48e+03;2.09e+03;4.54e+03; 23%; 10%; 23%;4.55e+03;4.56e+03;2.1e+03; 23%; 23%; 10%;3.31e+03;3.37e+03;3.37e+03; 17%; 17%; 17%;50;50;0;0;0;0;0;0;0;50;50;0;0;0;0;0;0;0;50;50;0;0;0;0;0;0;0;0.182;80;0;19.8;0;0;0;0;0;81.1;80;85.3;53;19.1 ;19.8 ;20.5 ;18.9 ;
2017-09-04;14:20:18.439;0.41;1.64;0.25;0.667;336;400;0.159;0.327;0.00242;0.00287;25.7;20.8;1.39e+05;8.5e+04;2.12e+03;3.28;81.9;0.82;20.5;4.22e+04;37.5;57.6;0;4.91;0;0;0;0;0;301;78.1;0.547;1.64;0.334;0.667;108;129;0.158;0.32;0.00233;0.00277; 56000;2419;6787;6.47;4.94;41;0.545;1.64;0.333;0.667;115;135;0.151;0.335;0.00248;0.00292; 51600;2587;7604;6.42;4.94;41;0.547;1.64;0.333;0.667;113;134;0.154;0.329;0.00244;0.00288; 51280;2378;7025;6.42;4.95;43;0.00127;1.05;0.00122;0.667;0.128;2.53;0.949;0.0471;0.00119;0.0234; 28080;0;2;6.4;5.94;48;4.51e+03;4.47e+03;2.09e+03; 23%; 23%; 10%;4.41e+03;2.04e+03;4.32e+03; 22%; 10%; 22%;4.42e+03;4.32e+03;2.04e+03; 22%; 22%; 10%;3.23e+03;3.25e+03;3.14e+03; 16%; 16%; 16%;50;50;0;0;0;0;0;0;0;50;50;0;0;0;0;0;0;0;50;50;0;0;0;0;0;0;0;0.182;80.2;0;19.6;0;0;0;0;0;81.4;80.7;85.4;53.5;19.2 ;19.5 ;20.5 ;18.9 ;
2017-09-04;14:20:19.452;0.389;1.65;0.235;0.667;304;364;0.165;0.333;0.0023;0.00275;22.8;19.4;1.32e+05;7.99e+04;2.12e+03;3.31;82.7;0.777;19.4;3.79e+04;35.2;57.2;0.00474;7.53;0;0;0;0;0;288;75;0.526;1.66;0.317;0.667;100;120;0.166;0.324;0.00225;0.00269; 50880;2223;6296;5.75;4.6;42;0.517;1.64;0.316;0.667;104;123;0.155;0.342;0.00237;0.0028; 50960;2373;7111;5.7;4.6;42;0.511;1.67;0.306;0.667;99.3;118;0.159;0.337;0.00229;0.00272; 48800;2102;6296;5.7;4.64;44;0.00106;1.03;0.00102;0.667;0.102;2.1;0.952;0.0471;0.00113;0.0233; 27760;0;2;5.67;5.54;49;4.08e+03;3.96e+03;1.9e+03; 20%; 20%;  9%;3.91e+03;1.85e+03;3.96e+03; 20%;  9%; 20%;3.97e+03;3.93e+03;1.82e+03; 20%; 20%;  9%;2.78e+03;2.87e+03;2.84e+03; 14%; 14%; 14%;47.5;47.6;0.019;4.88;0;0;0;0;0;47.4;50.9;0;1.75;0;0;0;0;0;45.9;50.9;0;3.2;0;0;0;0;0;0.154;79.6;0;20.3;0;0;0;0;0;78.6;77.3;80.6;52;18.4 ;18.9 ;19.7 ;17.9 ;
2017-09-04;14:20:20.462;0.381;1.74;0.22;0.667;278;354;0.213;0.547;0.00215;0.00273;21.3;17.9;1.3e+05;7.46e+04;2.13e+03;3.47;86.8;0.762;19.1;3.52e+04;32.9;57;0;10;0;0;0;0;0;285;68.3;0.516;1.74;0.297;0.667;87.9;116;0.24;0.61;0.002;0.00264; 52640;1850;5456;5.37;4.3;41;0.506;1.74;0.291;0.667;93.9;117;0.194;0.527;0.00219;0.00271; 49600;1988;5859;5.31;4.25;42;0.502;1.73;0.289;0.667;96.4;119;0.193;0.495;0.00226;0.0028; 51840;2030;6084;5.3;4.26;43;0.00111;1.01;0.0011;0.667;0.114;2.2;0.948;0.0469;0.00121;0.0233; 28240;1;1;5.28;5.09;48;3.72e+03;3.76e+03;1.71e+03; 19%; 19%;  8%;3.77e+03;1.74e+03;3.59e+03; 19%;  8%; 18%;3.69e+03;3.57e+03;1.72e+03; 18%; 18%;  8%;2.72e+03;2.67e+03;2.54e+03; 13%; 13%; 13%;44.5;44.7;0;10.8;0;0;0;0;0;43.7;50.1;0;6.27;0;0;0;0;0;43.4;51.3;0;5.27;0;0;0;0;0;0.165;82;0;17.8;0;0;0;0;0;77.5;75.6;80.4;51.7;16.8 ;17.1 ;17.8 ;16.5 ;
2017-09-04;14:20:21.473;0.427;1.71;0.25;0.667;288;350;0.176;0.352;0.00199;0.00241;21.8;19.9;1.45e+05;8.5e+04;2.12e+03;3.42;85.4;0.855;21.4;3.67e+04;37.5;57.5;0;4.96;0;0;0;0;0;294;73.7;0.566;1.7;0.333;0.667;93.2;113;0.175;0.351;0.00194;0.00235; 50160;2080;6195;5.49;4.78;42;0.573;1.72;0.333;0.667;95.6;115;0.169;0.364;0.00197;0.00237; 49680;2570;7542;5.44;4.72;42;0.569;1.71;0.333;0.667;99.1;119;0.167;0.345;0.00205;0.00246; 50640;1977;5880;5.45;4.72;43;0.00128;1.05;0.00122;0.667;0.121;2.54;0.952;0.0464;0.00112;0.0234; 28320;0;2;5.4;5.66;49;3.82e+03;3.89e+03;1.79e+03; 19%; 20%;  9%;3.94e+03;1.84e+03;3.82e+03; 20%;  9%; 19%;3.85e+03;3.83e+03;1.83e+03; 19%; 19%;  9%;2.74e+03;2.66e+03;2.65e+03; 14%; 13%; 13%;50;50;0;0;0;0;0;0;0;50;50;0;0;0;0;0;0;0;50;50;0;0;0;0;0;0;0;0.183;80;0;19.8;0;0;0;0;0;81;78.2;83.3;52;18.1 ;18.3 ;19.5 ;17.8 ;
2017-09-04;14:20:22.484;0.433;1.72;0.252;0.667;275;334;0.177;0.356;0.00187;0.00228;20.7;20.3;1.47e+05;8.56e+04;2.12e+03;3.43;85.8;0.865;21.6;3.54e+04;37.8;57.1;0;5.04;0;0;0;0;0;291;74;0.575;1.72;0.333;0.667;90.8;110;0.176;0.353;0.00186;0.00226; 51360;1976;5894;5.21;4.88;42;0.578;1.73;0.333;0.667;93.1;112;0.168;0.365;0.0019;0.00228; 48880;2075;6127;5.17;4.79;43;0.575;1.73;0.333;0.667;91.2;110;0.169;0.355;0.00187;0.00225; 51600;2374;7046;5.17;4.82;44;0.00331;0.369;0.00897;0.667;0.127;2.58;0.951;0.047;0.000451;0.00918; 27920;0;2;5.12;5.76;49;3.74e+03;3.69e+03;1.72e+03; 19%; 19%;  8%;3.78e+03;1.82e+03;3.75e+03; 19%;  9%; 19%;3.8e+03;3.73e+03;1.79e+03; 19%; 19%;  9%;2.53e+03;2.57e+03;2.49e+03; 13%; 13%; 12%;50;50;0;0;0;0;0;0;0;50;50;0;0;0;0;0;0;0;49.9;50.1;0;0;0;0;0;0;0;1.35;78.5;0;20.2;0;0;0;0;0;80.1;77.8;81.5;51.4;18.1 ;18.6 ;19.5 ;17.9 ;
2017-09-04;14:20:23.496;0.386;1.9;0.203;0.667;332;433;0.234;0.565;0.00253;0.00331;24.1;26.8;1.31e+05;6.89e+04;2.12e+03;3.81;95.2;0.771;19.3;4.25e+04;30.4;55.1;0;14.5;0;0.31;0;0;0;285;76.5;0.516;1.89;0.273;0.667;112;146;0.236;0.585;0.00255;0.00334; 52400;2333;7623;5.58;5.81;40;0.509;1.95;0.261;0.667;107;140;0.235;0.567;0.00247;0.00323; 50080;2671;8319;5.5;5.81;40;0.513;1.97;0.261;0.667;113;146;0.223;0.544;0.00259;0.00333; 51280;2347;6050;7.53;8.32;40;0.00479;0.304;0.0157;0.667;0.0932;1.81;0.948;0.0473;0.000229;0.00444; 28080;2;0;5.49;6.91;48;4.16e+03;5.01e+03;2.02e+03; 21%; 25%; 10%;4.83e+03;1.96e+03;4.21e+03; 24%; 10%; 21%;4.95e+03;5.18e+03;2.1e+03; 25%; 26%; 10%;2.76e+03;2.61e+03;2.71e+03; 14%; 13%; 13%;40.9;40.9;0;18.1;0;1.24;0;0;0;39.1;48;0;12.9;0;0;0;0;0;39.1;49.8;0;11.1;0;0;0;0;0;2.36;81.7;0;15.9;0;0;0;0;0;77;75;81.2;52.2;18.2 ;18.6 ;21.8 ;18 ;
2017-09-04;14:20:24.508;0.552;2.17;0.254;0.667;636;838;0.24;0.499;0.00339;0.00446;44.7;51.5;1.88e+05;8.65e+04;2.13e+03;4.34;108;1.1;27.6;7.93e+04;38.1;58;0;3.89;0;0;0;0;0;382;107;0.727;2.18;0.334;0.667;209;276;0.241;0.5;0.00338;0.00446; 51680;4173;14866;9.81;10.6;39;0.731;2.19;0.333;0.667;206;272;0.243;0.505;0.00331;0.00437; 50000;4682;15422;9.65;10.5;39;0.743;2.23;0.333;0.667;222;288;0.23;0.495;0.00351;0.00456; 50880;4507;10232;15.5;17.9;39;0.00553;0.34;0.0163;0.667;0.132;2.62;0.95;0.0538;0.000281;0.00559; 27920;0;4;9.69;12.5;47;7.44e+03;9.68e+03;3.56e+03; 38%; 49%; 18%;9.53e+03;3.51e+03;7.45e+03; 49%; 18%; 38%;9.91e+03;1e+04;3.88e+03; 51%; 51%; 19%;5.03e+03;4.6e+03;4.67e+03; 25%; 23%; 24%;50.1;49.9;0;0;0;0;0;0;0;50;50;0;0;0;0;0;0;0;50;50;0;0;0;0;0;0;0;2.44;82;0;15.6;0;0;0;0;0;103;103;113;63.3;24.8 ;25.2 ;32.7 ;24.6 ;
2017-09-04;14:20:25.519;0.547;2.15;0.254;0.667;630;829;0.241;0.499;0.00339;0.00446;44.3;50.9;1.86e+05;8.64e+04;2.12e+03;4.3;108;1.09;27.4;7.84e+04;38.1;59.6;0;2.22;0;0;0;0;0;382;106;0.712;2.13;0.334;0.667;207;272;0.239;0.496;0.00342;0.0045; 51920;4152;14387;9.73;10.5;38;0.733;2.2;0.333;0.667;200;267;0.25;0.511;0.00321;0.00428; 49920;4567;15044;9.57;10.4;39;0.738;2.21;0.333;0.667;223;288;0.228;0.493;0.00355;0.0046; 50400;4554;10282;15.4;17.6;38;0.00521;0.32;0.0163;0.667;0.126;2.53;0.95;0.0457;0.000285;0.00571; 28080;0;2;9.61;12.4;48;7.33e+03;9.68e+03;3.54e+03; 37%; 49%; 18%;9.32e+03;3.43e+03;7.33e+03; 48%; 17%; 37%;9.66e+03;9.99e+03;3.88e+03; 49%; 51%; 19%;5.04e+03;4.51e+03;4.63e+03; 25%; 23%; 23%;50.1;49.9;0;0;0;0;0;0;0;50;50;0;0;0;0;0;0;0;50;50;0;0;0;0;0;0;0;2.44;88.7;0;8.86;0;0;0;0;0;102;103;113;63.9;24.6 ;25 ;32.4 ;24.4 ;
2017-09-04;14:20:26.541;0.389;1.89;0.206;0.667;467;604;0.227;0.482;0.00351;0.00455;36.6;44.6;1.33e+05;7.04e+04;2.12e+03;3.77;94.3;0.778;19.4;6.68e+04;30.9;52.1;0;17;0;0;0;0;0;335;95.9;0.559;1.92;0.292;0.667;165;215;0.231;0.485;0.00347;0.00451; 50000;4114;13405;8.47;9.64;39;0.512;1.89;0.27;0.667;153;198;0.225;0.484;0.00351;0.00453; 52080;4155;13107;8.4;9.7;41;0.482;1.89;0.255;0.667;148;190;0.218;0.479;0.0036;0.0046; 50480;3718;9848;11.3;13.7;40;0.00282;0.329;0.00857;0.667;0.0937;1.51;0.938;0.0486;0.000388;0.00626; 27920;1;2;8.41;11.6;47;6.77e+03;7.84e+03;3.29e+03; 34%; 40%; 16%;7.52e+03;3.19e+03;6.81e+03; 38%; 16%; 34%;7.75e+03;8.13e+03;3.22e+03; 39%; 41%; 16%;4.03e+03;4.05e+03;4.19e+03; 20%; 20%; 21%;43.8;43.9;0;12.3;0;0;0;0;0;40.5;41.8;0;17.7;0;0;0;0;0;38.2;42.1;0;19.7;0;0;0;0;0;1.29;80.4;0;18.3;0;0;0;0;0;91.9;88.4;94.9;60;22.5 ;23.1 ;27.6 ;22.7 ;
2017-09-04;14:20:27.791;0.108;0.458;0.236;0.667;525;530;0.00902;0.00836;0.012;0.0121;62.2;86.7;4.39e+04;9.59e+04;2.15e+03;0.916;22.9;0.216;5.41;1.18e+05;35.4;60.4;0;4.21;0;0;0;0;0;427;149;0.131;0.427;0.307;0.667;153;154;0.00518;0.00861;0.012;0.0121; 57120;6620;19843;15.6;20.9;39;0.148;0.466;0.318;0.667;179;179;0.00301;0.00795;0.012;0.012; 53600;7726;23148;15.6;20.6;41;0.156;0.475;0.329;0.667;193;194;0.00295;0.00794;0.012;0.012; 52240;8382;25142;15.5;20.5;40;0.00125;0.812;0.00153;0.667;0.156;3.03;0.948;0.0462;0.00119;0.0231; 28400;1;2;15.5;24.8;47;1.27e+04;1.28e+04;5.98e+03; 54%; 55%; 25%;1.33e+04;6.45e+03;1.26e+04; 57%; 27%; 54%;1.33e+04;1.27e+04;6.54e+03; 57%; 54%; 28%;7.61e+03;7.52e+03;6.96e+03; 32%; 32%; 29%;46.1;53.9;0;0;0;0;0;0;0;47.7;52.3;0;0;0;0;0;0;0;49.3;50.7;0;0;0;0;0;0;0;0.23;83.5;0;16.3;0;0;0;0;0;115;109;122;80.6;36.8 ;36.7 ;37.8 ;37.3 ;
2017-09-04;14:20:29.039;0.295;1.26;0.235;0.667;481;546;0.118;0.413;0.00388;0.0044;38.8;37.8;1.24e+05;9.86e+04;2.63e+03;2.52;63;0.591;14.8;6.66e+04;35.2;58.9;0;5.91;0;0;0;0;0;376;106;0.378;1.14;0.33;0.667;189;209;0.0967;0.4;0.00476;0.00527; 44640;5816;17257;9.75;8.66;41;0.384;1.25;0.306;0.667;149;169;0.12;0.437;0.00369;0.00419; 45040;4473;13249;9.68;9.11;42;0.418;1.39;0.3;0.667;143;164;0.13;0.409;0.00326;0.00374; 61600;3907;11754;9.67;9.21;43;0.00111;0.848;0.0013;0.667;0.157;2.73;0.942;0.0447;0.00136;0.0235; 28320;0;4;9.67;10.8;48;7.3e+03;7.12e+03;3.82e+03; 30%; 29%; 15%;6.47e+03;3.16e+03;7.52e+03; 26%; 13%; 31%;6.47e+03;7.36e+03;3.04e+03; 26%; 30%; 12%;4.39e+03;4.5e+03;5.43e+03; 18%; 18%; 22%;49.5;48.2;0;2.3;0;0;0;0;0;45.9;48.8;0;5.27;0;0;0;0;0;45.1;50.5;0;4.42;0;0;0;0;0;0.195;88.1;0;11.7;0;0;0;0;0;103;98.5;105;70;25.8 ;26.6 ;27.7 ;25.9 ;
2017-09-04;14:20:30.287;0.413;1.65;0.25;0.667;405;485;0.164;0.332;0.00234;0.0028;30.6;25.6;1.73e+05;1.05e+05;2.61e+03;3.3;82.6;0.826;20.7;5.07e+04;37.5;58.2;0;4.27;0;0;0;0;0;357;95.7;0.545;1.64;0.333;0.667;133;159;0.16;0.321;0.00234;0.00278; 27040;2963;8432;7.71;6.08;42;0.555;1.67;0.333;0.667;136;161;0.16;0.346;0.00233;0.00277;102080;3208;9422;7.65;6.08;42;0.551;1.66;0.333;0.667;136;162;0.158;0.332;0.00236;0.0028; 65520;3040;9037;7.66;6.09;43;0.00123;1.01;0.00122;0.667;0.156;3.06;0.949;0.045;0.00121;0.0237; 28640;0;4;7.63;7.3;48;5.35e+03;5.36e+03;2.5e+03; 22%; 22%; 10%;5.31e+03;2.46e+03;5.26e+03; 22%; 10%; 21%;5.27e+03;5.27e+03;2.46e+03; 21%; 21%; 10%;3.85e+03;3.79e+03;3.79e+03; 16%; 15%; 15%;50;50;0;0;0;0;0;0;0;50;50;0;0;0;0;0;0;0;50;50;0;0;0;0;0;0;0;0.183;82.8;0;17.1;0;0;0;0;0;96.5;96.3;99.7;63.9;23.2 ;24.1 ;25.2 ;23.2 ;
2017-09-04;14:20:31.507;0.42;1.66;0.253;0.667;414;493;0.161;0.328;0.00239;0.00285;30.9;25.4;1.73e+05;1.05e+05;2.62e+03;3.32;82.9;0.839;21;5.09e+04;38;58.7;0;3.31;0;0;0;0;0;352;94.6;0.555;1.65;0.337;0.667;139;165;0.157;0.315;0.00242;0.00287; 56160;3149;8971;7.77;6.06;42;0.56;1.67;0.336;0.667;140;165;0.153;0.338;0.00241;0.00285; 42960;3284;9693;7.71;6.04;42;0.558;1.66;0.336;0.667;135;160;0.158;0.334;0.00234;0.00278; 46640;2909;8688;7.71;6.06;43;0.00124;0.989;0.00125;0.667;0.171;2.99;0.943;0.0452;0.00135;0.0235; 28240;0;3;7.68;7.27;48;5.36e+03;5.29e+03;2.5e+03; 22%; 22%; 10%;5.27e+03;2.48e+03;5.36e+03; 22%; 10%; 22%;5.3e+03;5.35e+03;2.47e+03; 22%; 22%; 10%;3.8e+03;3.84e+03;3.9e+03; 16%; 16%; 16%;50.6;49.4;0;0;0;0;0;0;0;50.4;49.6;0;0;0;0;0;0;0;50.4;49.6;0;0;0;0;0;0;0;0.188;86.5;0;13.3;0;0;0;0;0;96.3;92.8;99.2;63.2;23.1 ;23.8 ;24.9 ;22.9 ;
2017-09-04;14:20:32.645;0.346;1.68;0.207;0.667;279;371;0.248;0.634;0.00207;0.00275;19.3;17.2;1.35e+05;8.05e+04;2.56e+03;3.35;83.9;0.693;17.3;3.23e+04;31;54.8;0.00582;14.2;0;0;0;0;0;292;72.1;0.492;1.71;0.288;0.667;98.7;134;0.263;0.657;0.00203;0.00275; 48320;2125;6205;4.86;4.09;43;0.458;1.67;0.275;0.667;96.4;125;0.227;0.607;0.00213;0.00275; 36160;2293;6867;4.81;4.08;42;0.425;1.66;0.256;0.667;84;111;0.243;0.638;0.00205;0.00271; 49760;1666;4971;4.8;4.11;44;0.000858;0.964;0.00089;0.667;0.1;1.91;0.947;0.0475;0.00123;0.0233; 28480;0;1;4.8;4.89;49;3.49e+03;3.38e+03;1.62e+03; 15%; 15%;  7%;3.34e+03;1.6e+03;3.4e+03; 15%;  7%; 15%;3.39e+03;3.36e+03;1.57e+03; 15%; 15%;  7%;2.34e+03;2.43e+03;2.39e+03; 10%; 10%; 10%;43.2;40.1;0.0229;16.6;0;0;0;0;0;41.2;46.1;0;12.7;0;0;0;0;0;38.4;47.9;0;13.6;0;0;0;0;0;0.134;85.9;0;13.9;0;0;0;0;0;79.5;76.6;80.2;55.3;17.5 ;18.2 ;19 ;17.3 ;
2017-09-04;14:20:33.656;0.445;1.74;0.256;0.667;301;366;0.178;0.354;0.00197;0.00239;22.6;20.6;1.53e+05;8.79e+04;2.39e+03;3.48;87;0.889;22.2;3.81e+04;38.3;59.4;0;2.26;0;0;0;0;0;294;75.3;0.588;1.69;0.347;0.667;104;125;0.174;0.347;0.00199;0.0024; 52400;2158;6496;5.69;4.95;42;0.59;1.76;0.336;0.667;99.9;121;0.173;0.365;0.00198;0.00239; 49600;2196;6408;5.64;4.9;42;0.592;1.78;0.333;0.667;97.4;118;0.172;0.355;0.00194;0.00234; 50720;2364;7086;5.66;4.91;43;0.00128;1.03;0.00124;0.667;0.125;2.53;0.951;0.0467;0.00115;0.0234; 28320;0;4;5.61;5.87;48;4.01e+03;3.96e+03;1.86e+03; 20%; 20%;  9%;4e+03;1.9e+03;4.02e+03; 20%;  9%; 20%;4.03e+03;4.03e+03;1.91e+03; 20%; 20%;  9%;2.77e+03;2.8e+03;2.8e+03; 14%; 14%; 14%;52.1;47.9;0;0;0;0;0;0;0;50.3;49.7;0;0;0;0;0;0;0;50;50;0;0;0;0;0;0;0;0.186;90.6;0;9.17;0;0;0;0;0;80.2;77.8;83.2;52.6;18.4 ;18.9 ;19.7 ;18.2 ;
2017-09-04;14:20:34.666;0.449;1.8;0.25;0.667;294;358;0.179;0.357;0.00193;0.00235;22.1;20.8;1.53e+05;8.5e+04;2.12e+03;3.59;89.8;0.899;22.5;3.75e+04;37.5;61.5;0.000315;0.977;0;0;0;0;0;291;75.2;0.601;1.8;0.333;0.667;95.7;116;0.177;0.352;0.00187;0.00228; 52240;2126;6383;5.57;5.01;41;0.596;1.79;0.333;0.667;102;123;0.171;0.364;0.00201;0.00243; 48080;2597;7602;5.52;4.95;42;0.599;1.8;0.333;0.667;96.5;117;0.173;0.357;0.0019;0.0023; 49280;2109;6304;5.54;4.96;43;0.00156;1.09;0.00143;0.667;0.137;2.62;0.948;0.0553;0.00103;0.0198; 28400;0;5;5.47;5.93;49;4e+03;3.9e+03;1.84e+03; 20%; 20%;  9%;3.93e+03;1.88e+03;3.93e+03; 20%;  9%; 20%;4.04e+03;3.93e+03;1.89e+03; 20%; 20%;  9%;2.68e+03;2.77e+03;2.67e+03; 13%; 14%; 13%;50;50;0;0;0;0;0;0;0;50;50;0;0;0;0;0;0;0;50;50;0;0;0;0;0;0;0;0.214;95.9;0.00126;3.91;0;0;0;0;0;79.3;77;81.9;52.3;18.4 ;18.9 ;19.8 ;18.1 ;
2017-09-04;14:20:35.679;0.365;1.84;0.198;0.667;291;375;0.223;0.538;0.00235;0.00302;21.3;23.1;1.24e+05;6.72e+04;2.12e+03;3.69;92.2;0.729;18.2;3.72e+04;29.7;60.2;0.00497;10.2;0;0;0;0;0;272;72.7;0.496;1.83;0.271;0.667;95;125;0.238;0.597;0.00226;0.00296; 52640;2019;6469;5.01;5.13;41;0.487;1.86;0.262;0.667;96.7;123;0.215;0.504;0.00234;0.00298; 51760;2249;6996;4.95;5.1;41;0.476;1.85;0.257;0.667;99.5;125;0.205;0.503;0.00246;0.0031; 52080;2218;5817;6.39;6.84;41;0.00094;1.01;0.000929;0.667;0.1;1.82;0.945;0.0489;0.00126;0.0228; 28160;0;1;4.93;6.08;48;3.74e+03;4.25e+03;1.76e+03; 19%; 21%;  9%;4.18e+03;1.76e+03;3.7e+03; 21%;  9%; 19%;4.33e+03;4.34e+03;1.87e+03; 22%; 22%;  9%;2.49e+03;2.41e+03;2.36e+03; 12%; 12%; 12%;40.7;41.9;0.0199;17.3;0;0;0;0;0;39.3;51.4;0;9.26;0;0;0;0;0;38.5;50.8;0;10.7;0;0;0;0;0;0.139;96.5;0;3.32;0;0;0;0;0;73.1;71.7;75.9;51.3;17.4 ;17.9 ;20.3 ;17.1 ;
2017-09-04;14:20:36.690;0.548;2.19;0.251;0.667;633;834;0.241;0.5;0.0034;0.00447;44.5;51.2;1.86e+05;8.52e+04;2.13e+03;4.38;109;1.1;27.4;7.88e+04;37.6;61.1;0;1.34;0;0;0;0;0;382;107;0.727;2.18;0.334;0.667;208;275;0.242;0.502;0.00337;0.00444; 52400;4170;14572;9.76;10.5;39;0.726;2.18;0.334;0.667;202;268;0.246;0.508;0.00327;0.00434; 50800;4619;15147;9.61;10.5;39;0.739;2.22;0.334;0.667;223;289;0.229;0.494;0.00355;0.0046; 52400;4587;10314;15.5;17.7;39;0.00128;1.21;0.00105;0.667;0.122;2.54;0.952;0.0465;0.00112;0.0234; 28240;1;3;9.64;12.5;48;7.37e+03;9.68e+03;3.54e+03; 37%; 49%; 18%;9.46e+03;3.47e+03;7.38e+03; 48%; 17%; 37%;9.79e+03;1e+04;3.88e+03; 50%; 51%; 19%;5.02e+03;4.55e+03;4.65e+03; 25%; 23%; 23%;50.1;49.9;0;0;0;0;0;0;0;50;50;0;0;0;0;0;0;0;50;50;0;0;0;0;0;0;0;0.158;94.5;0;5.36;0;0;0;0;0;103;102;113;63.9;24.6 ;25 ;32.6 ;24.6 ;
2017-09-04;14:20:37.702;0.543;2.17;0.25;0.667;635;832;0.237;0.497;0.00344;0.00451;44.6;51.4;1.84e+05;8.51e+04;2.12e+03;4.33;108;1.09;27.1;7.9e+04;37.6;61;0;1.46;0;0;0;0;0;382;107;0.717;2.15;0.334;0.667;206;271;0.241;0.499;0.00338;0.00445; 50400;4064;14471;9.77;10.6;39;0.718;2.15;0.333;0.667;205;270;0.24;0.502;0.00336;0.00442; 50480;4697;15417;9.59;10.5;39;0.735;2.2;0.333;0.667;224;289;0.225;0.492;0.00358;0.00462; 50080;4572;10277;15.6;17.9;39;0.00129;1.36;0.000949;0.667;0.136;2.44;0.944;0.0492;0.00124;0.0223; 28080;0;1;9.64;12.5;48;7.37e+03;9.63e+03;3.52e+03; 37%; 49%; 18%;9.58e+03;3.5e+03;7.38e+03; 49%; 18%; 37%;9.96e+03;9.94e+03;3.89e+03; 51%; 51%; 20%;5.04e+03;4.56e+03;4.62e+03; 25%; 23%; 23%;50.1;49.9;0;0;0;0;0;0;0;50;50;0;0;0;0;0;0;0;50;50;0;0;0;0;0;0;0;0.142;94;0;5.83;0;0;0;0;0;103;102;113;63.9;24.7 ;25 ;32.8 ;24.6 ;
2017-09-04;14:20:38.756;0.415;2.3;0.18;0.667;454;613;0.258;0.516;0.00311;0.00419;31.5;36.4;1.46e+05;6.34e+04;2.12e+03;4.61;115;0.83;20.7;5.63e+04;27;56.3;0.00369;16.7;0;0;0;0;0;329;88.5;0.588;2.28;0.257;0.667;160;216;0.26;0.513;0.00314;0.00424; 49360;3337;11488;7.02;7.45;43;0.555;2.29;0.242;0.667;151;203;0.258;0.519;0.00307;0.00414; 51040;3460;11262;6.93;7.52;42;0.519;2.35;0.221;0.667;143;192;0.253;0.517;0.00312;0.00417; 51360;2923;6918;10.6;12.5;45;0.000638;1.12;0.000571;0.667;0.0767;1.21;0.937;0.0533;0.00136;0.0214; 27760;0;1;6.93;8.98;49;5.57e+03;6.75e+03;2.73e+03; 27%; 33%; 13%;6.49e+03;2.54e+03;5.59e+03; 32%; 12%; 27%;6.81e+03;7.06e+03;2.55e+03; 33%; 35%; 12%;3.3e+03;3.34e+03;3.56e+03; 16%; 16%; 17%;38.6;39.4;0.0137;22;0;0;0;0;0;36.3;47.3;0;16.4;0;0;0;0;0;33.2;45.5;0.00124;21.3;0;0;0;0;0;0.0856;92.6;0;7.36;0;0;0;0;0;88.4;88;93.1;59.6;20.5 ;21.1 ;26.4 ;20.4 ;