System;;;;;;;;;;;;;;;;;;;;;;System Core C-States;;;;;System Pack C-States;;;;;;Socket0;;;;;;;;;;;;;;;;Socket1;;;;;;;;;;;;;;;;Socket2;;;;;;;;;;;;;;;;Socket3;;;;;;;;;;;;;;;;SKT0trafficOut;;;SKT0trafficOut (percent);;;SKT1trafficOut;;;SKT1trafficOut (percent);;;SKT2trafficOut;;;SKT2trafficOut (percent);;;SKT3trafficOut;;;SKT3trafficOut (percent);;;SKT0 Core C-State;;;;;SKT0 Package C-State;;;;SKT1 Core C-State;;;;;SKT1 Package C-State;;;;SKT2 Core C-State;;;;;SKT2 Package C-State;;;;SKT3 Core C-State;;;;;SKT3 Package C-State;;;;Proc Energy (Joules);;;;DRAM Energy (Joules);;;;
Date;Time;EXEC;IPC;FREQ;AFREQ;L3MISS;L2MISS;L3HIT;L2HIT;L3MPI;L2MPI;READ;WRITE;INST;ACYC;TIME(ticks);PhysIPC;PhysIPC%;INSTnom;INSTnom%;TotalQPIout;C0res%;C1res%;C3res%;C6res%;C7res%;C2res%;C3res%;C6res%;C7res%;Proc Energy (Joules);DRAM Energy (Joules);EXEC;IPC;FREQ;AFREQ;L3MISS;L2MISS;L3HIT;L2HIT;L3MPI;L2MPI;L3OCC;LMB;RMB;READ;WRITE;TEMP;EXEC;IPC;FREQ;AFREQ;L3MISS;L2MISS;L3HIT;L2HIT;L3MPI;L2MPI;L3OCC;LMB;RMB;READ;WRITE;TEMP;EXEC;IPC;FREQ;AFREQ;L3MISS;L2MISS;L3HIT;L2HIT;L3MPI;L2MPI;L3OCC;LMB;RMB;READ;WRITE;TEMP;EXEC;IPC;FREQ;AFREQ;L3MISS;L2MISS;L3HIT;L2HIT;L3MPI;L2MPI;L3OCC;LMB;RMB;READ;WRITE;TEMP;QPI0;QPI1;QPI2;QPI0;QPI1;QPI2;QPI0;QPI1;QPI2;QPI0;QPI1;QPI2;QPI0;QPI1;QPI2;QPI0;QPI1;QPI2;QPI0;QPI1;QPI2;QPI0;QPI1;QPI2;C0res%;C1res%;C3res%;C6res%;C7res%;C2res%;C3res%;C6res%;C7res%;C0res%;C1res%;C3res%;C6res%;C7res%;C2res%;C3res%;C6res%;C7res%;C0res%;C1res%;C3res%;C6res%;C7res%;C2res%;C3res%;C6res%;C7res%;C0res%;C1res%;C3res%;C6res%;C7res%;C2res%;C3res%;C6res%;C7res%;SKT0;SKT1;SKT2;SKT3;SKT0;SKT1;SKT2;SKT3;
2017-09-01;16:07:48.734;0.0359;1.23;0.0293;0.757;7.22;20.7;0.651;0.322;0.000591;0.00169;0.637;0.378;1.22e+04;9.95e+03;2.13e+03;2.46;61.4;0.0719;1.8;1.01e+03;3.87;29.8;0.585;65.8;0;11.9;0;0;0;139;32.4;0.0423;1.26;0.0337;0.752;2.91;8.07;0.639;0.262;0.000809;0.00224; 44240;56;158;0.147;0.111;51;0.0695;1.2;0.0581;0.761;3.07;7.87;0.609;0.344;0.00052;0.00133; 39120;20;153;0.101;0.0794;53;0.00181;0.487;0.00372;0.704;0.447;1.35;0.67;0.373;0.0029;0.00879; 38080;28;38;0.219;0.0781;55;0.03;1.4;0.0215;0.762;0.793;3.42;0.768;0.372;0.000311;0.00134; 27040;45;35;0.17;0.11;53;201;60.4;59.7;  1%;  0%;  0%;60.2;47;180;  0%;  0%;  0%;57.6;68;79.3;  0%;  0%;  0%;58.2;62.1;78.1;  0%;  0%;  0%;4.48;22.3;1.26;71.9;0;27.1;0;0;0;7.63;29.3;0.795;62.3;0;1.59;0;0;0;0.528;21.9;0.103;77.4;0;18.9;0;0;0;2.82;45.6;0.178;51.4;0;0;0;0;0;35.1;35.8;32.5;35.8;7.99 ;8.17 ;8.51 ;7.71 ;
2017-09-01;16:07:49.745;0.0708;1.53;0.0462;0.762;8.27;25;0.669;0.302;0.000344;0.00104;0.665;0.326;2.41e+04;1.57e+04;2.12e+03;3.06;76.5;0.142;3.54;973;6.07;62.6;0.742;30.6;0;0;0;0;0;157;30.7;0.0976;1.56;0.0627;0.762;2.04;7.96;0.744;0.28;0.000246;0.00096; 40160;21;87;0.151;0.0688;51;0.0609;1.56;0.0392;0.762;1.4;4.87;0.712;0.335;0.000271;0.000941; 41280;11;64;0.0989;0.0451;53;0.0457;1.48;0.031;0.762;2.19;5.01;0.564;0.265;0.000562;0.00129; 38960;51;54;0.309;0.148;55;0.0789;1.51;0.0521;0.762;2.64;7.16;0.631;0.325;0.000394;0.00107; 29360;23;97;0.106;0.0636;53;70.9;68.6;93.9;  0%;  0%;  0%;66.9;30.9;76.2;  0%;  0%;  0%;85.3;68.5;147;  0%;  0%;  0%;155;23.5;86;  0%;  0%;  0%;8.23;63.6;0.88;27.3;0;0;0;0;0;5.14;58.6;0.382;35.8;0;0;0;0;0;4.06;73.1;1.63;21.2;0;0;0;0;0;6.84;54.9;0.079;38.2;0;0;0;0;0;40.9;37.2;39.9;39.1;7.62 ;7.57 ;8.42 ;7.09 ;
2017-09-01;16:07:50.749;0.0787;1.49;0.0527;0.762;14.8;32.7;0.547;0.241;0.000559;0.00123;1.14;0.484;2.65e+04;1.78e+04;2.1e+03;2.99;74.7;0.157;3.94;1.77e+03;6.92;78;2.17;12.9;0;0;0;0;0;165;32.8;0.139;1.47;0.0947;0.762;7.1;16.4;0.567;0.24;0.000607;0.0014; 44800;67;270;0.286;0.172;51;0.0653;1.46;0.0448;0.762;4.06;7.63;0.467;0.22;0.000738;0.00139; 38960;24;183;0.18;0.0837;53;0.0661;1.55;0.0427;0.762;2.55;5.22;0.511;0.253;0.000458;0.000936; 39040;61;75;0.538;0.183;54;0.0445;1.55;0.0287;0.762;1.11;3.51;0.683;0.27;0.000297;0.000936; 30160;14;47;0.136;0.0454;52;305;251;97.7;  1%;  1%;  0%;101;30.7;299;  0%;  0%;  1%;107;270;89.7;  0%;  1%;  0%;81.4;31.5;108;  0%;  0%;  0%;12.4;60.3;7.87;19.4;0;0;0;0;0;5.88;69.6;0.27;24.3;0;0;0;0;0;5.6;91.2;0.0486;3.13;0;0;0;0;0;3.76;90.7;0.518;5.01;0;0;0;0;0;43.2;38.6;42.1;40.7;8.26 ;8.05 ;9.14 ;7.36 ;
2017-09-01;16:07:51.764;0.0773;1.5;0.0515;0.762;13.6;30.7;0.559;0.249;0.000514;0.00117;1.02;0.362;2.64e+04;1.76e+04;2.13e+03;3;75;0.155;3.87;1.63e+03;6.76;78.6;1.61;13;0;0;0;0;0;166;32.2;0.0578;1.5;0.0385;0.762;1.88;6.95;0.729;0.229;0.000381;0.00141; 39440;20;73;0.211;0.0673;51;0.106;1.48;0.0719;0.762;6.02;11.1;0.455;0.235;0.000665;0.00122; 40400;37;249;0.188;0.106;52;0.0298;1.55;0.0192;0.762;0.936;2.28;0.589;0.277;0.000369;0.000896; 38960;17;26;0.458;0.101;55;0.115;1.51;0.0765;0.762;4.73;10.5;0.548;0.27;0.000481;0.00106; 31680;47;187;0.162;0.0883;52;118;84.8;87;  0%;  0%;  0%;133;287;125;  0%;  1%;  0%;152;90.8;99;  0%;  0%;  0%;85.4;302;67.6;  0%;  1%;  0%;5.05;70.5;4.17;20.2;0;0;0;0;0;9.43;76.4;1.07;13.1;0;0;0;0;0;2.53;85.3;0;12.2;0;0;0;0;0;10;82.3;1.19;6.46;0;0;0;0;0;40.3;41.4;40.2;43.9;7.87 ;8.04 ;8.8 ;7.46 ;
2017-09-01;16:07:52.776;0.0826;1.49;0.0556;0.762;17;35.2;0.518;0.239;0.000603;0.00125;1.28;0.587;2.81e+04;1.89e+04;2.13e+03;2.97;74.3;0.165;4.13;1.96e+03;7.3;75.9;2.93;13.9;0;0;0;0;0;166;33.4;0.108;1.43;0.0754;0.761;6.43;14.3;0.55;0.234;0.000697;0.00155; 43920;52;258;0.296;0.156;51;0.0764;1.49;0.0514;0.762;4.18;7.84;0.467;0.237;0.000643;0.0012; 30960;26;190;0.197;0.0855;53;0.105;1.51;0.0695;0.762;5.22;10.3;0.492;0.23;0.000583;0.00115; 45440;115;142;0.635;0.301;54;0.0407;1.56;0.0262;0.762;1.14;2.8;0.594;0.305;0.000328;0.000808; 31600;7;41;0.152;0.0453;52;192;324;97.7;  0%;  1%;  0%;210;42.3;199;  1%;  0%;  1%;232;342;90.1;  1%;  1%;  0%;96.5;37.2;94.9;  0%;  0%;  0%;9.91;45.3;10.8;34;0;0;0;0;0;6.75;84.6;0.863;7.83;0;0;0;0;0;9.12;90.1;0.0257;0.768;0;0;0;0;0;3.43;83.7;0.0287;12.8;0;0;0;0;0;40.6;40.7;44.5;40.1;8.13 ;8.28 ;9.5 ;7.51 ;
2017-09-01;16:07:53.793;0.0751;1.49;0.0504;0.762;15.1;32.3;0.534;0.248;0.000587;0.00126;1.15;0.536;2.56e+04;1.72e+04;2.13e+03;2.98;74.5;0.15;3.75;1.75e+03;6.62;72.5;0.97;19.9;0;0;0;0;0;163;32.8;0.0799;1.49;0.0537;0.761;2.71;9.19;0.705;0.28;0.000398;0.00135; 45200;27;105;0.233;0.0813;51;0.0974;1.48;0.0657;0.762;5.46;10.6;0.484;0.248;0.000657;0.00127; 34640;35;227;0.197;0.101;52;0.0864;1.48;0.0584;0.762;5.32;9.49;0.44;0.211;0.00072;0.00129; 39200;119;127;0.576;0.305;54;0.0366;1.53;0.024;0.762;1.57;3.07;0.488;0.255;0.000502;0.000981; 30960;14;54;0.146;0.0481;52;153;149;47.1;  0%;  0%;  0%;307;48.4;153;  1%;  0%;  0%;340;150;155;  1%;  0%;  0%;149;54.1;43.1;  0%;  0%;  0%;7.05;52.6;2.49;37.9;0;0;0;0;0;8.62;64.7;1.22;25.5;0;0;0;0;0;7.67;84;0.167;8.14;0;0;0;0;0;3.15;88.7;0;8.17;0;0;0;0;0;39.6;39.8;43.1;40.4;8 ;8.17 ;9.28 ;7.39 ;
2017-09-01;16:07:54.808;0.078;1.45;0.0536;0.762;17.7;38.5;0.54;0.229;0.000665;0.00145;1.34;0.572;2.66e+04;1.83e+04;2.14e+03;2.91;72.7;0.156;3.9;2.09e+03;7.04;59;4.39;29.6;0;4.2;0;0;0;158;34;0.1;1.42;0.0705;0.761;5.85;13.9;0.58;0.213;0.000685;0.00163; 44080;54;217;0.308;0.146;51;0.1;1.47;0.0682;0.762;5.32;11.3;0.531;0.258;0.000622;0.00132; 40080;31;216;0.216;0.102;53;0.0706;1.47;0.0479;0.762;4.1;8.24;0.503;0.215;0.000681;0.00137; 38240;87;108;0.651;0.263;54;0.041;1.46;0.028;0.762;2.42;4.96;0.513;0.228;0.000693;0.00142; 32320;20;96;0.165;0.0609;52;243;203;153;  1%;  1%;  0%;251;49.3;242;  1%;  0%;  1%;271;213;133;  1%;  1%;  0%;121;49.2;164;  0%;  0%;  0%;9.25;41.5;11.7;37.5;0;16.8;0;0;0;8.95;66.1;2.66;22.3;0;0;0;0;0;6.29;55.7;2.8;35.2;0;0;0;0;0;3.67;72.7;0.364;23.2;0;0;0;0;0;39.5;40;39.4;39.1;8.23 ;8.45 ;9.64 ;7.66 ;
2017-09-01;16:07:55.827;0.076;1.48;0.0512;0.762;14;33.3;0.58;0.255;0.000539;0.00128;1.07;0.511;2.59e+04;1.75e+04;2.13e+03;2.97;74.2;0.152;3.8;1.61e+03;6.72;65.3;2.67;25.3;0;4.13;0;0;0;161;32.8;0.139;1.5;0.0932;0.761;5.02;15;0.666;0.264;0.000423;0.00126; 39280;43;198;0.241;0.123;51;0.0682;1.45;0.047;0.762;4.15;8.19;0.493;0.247;0.000714;0.00141; 31200;25;168;0.17;0.082;52;0.0752;1.47;0.051;0.762;4.45;8.4;0.47;0.241;0.000694;0.00131; 38080;118;93;0.537;0.273;54;0.0215;1.57;0.0137;0.762;0.362;1.69;0.786;0.281;0.000197;0.000918; 41920;6;9;0.124;0.0328;52;179;261;56.1;  0%;  1%;  0%;204;29.1;187;  1%;  0%;  0%;214;271;68.6;  1%;  1%;  0%;73.7;30.7;39.9;  0%;  0%;  0%;12.2;49.8;8.34;29.6;0;16.5;0;0;0;6.17;71.4;1.81;20.6;0;0;0;0;0;6.7;67.9;0.498;24.9;0;0;0;0;0;1.8;72;0.022;26.2;0;0;0;0;0;42.4;39.3;41.1;38.4;8.02 ;8.07 ;9.35 ;7.34 ;
2017-09-01;16:07:56.840;0.0773;1.36;0.0567;0.762;23.5;45.3;0.482;0.191;0.00089;0.00172;1.74;0.714;2.64e+04;1.94e+04;2.14e+03;2.73;68.1;0.155;3.87;2.76e+03;7.45;68.7;5.31;18.5;0;0.431;0;0;0;159;34.9;0.103;1.3;0.0797;0.762;8.13;17.9;0.546;0.191;0.000923;0.00203; 45680;68;308;0.4;0.197;51;0.0272;1.4;0.0195;0.762;1.99;3.39;0.415;0.183;0.000854;0.00146; 34560;11;73;0.228;0.0616;52;0.077;1.4;0.0549;0.762;5.71;10.5;0.457;0.194;0.000869;0.0016; 38480;126;125;0.86;0.329;54;0.102;1.4;0.0729;0.762;7.63;13.5;0.435;0.192;0.000881;0.00156; 36560;77;278;0.253;0.126;52;137;344;340;  0%;  1%;  1%;120;107;136;  0%;  0%;  0%;127;370;326;  0%;  1%;  1%;310;105;336;  1%;  0%;  1%;10.5;50.6;16.7;22.3;0;1.72;0;0;0;2.56;77.1;0.195;20.2;0;0;0;0;0;7.2;73.5;1.58;17.7;0;0;0;0;0;9.56;73.7;2.75;13.9;0;0;0;0;0;40.5;36.7;40.6;41.6;8.54 ;8.29 ;10.1 ;7.94 ;
2017-09-01;16:07:57.855;0.0727;1.39;0.0523;0.762;19;39.3;0.516;0.213;0.000767;0.00159;1.41;0.521;2.48e+04;1.78e+04;2.13e+03;2.78;69.5;0.145;3.63;2.26e+03;6.86;62.8;4.89;25.5;0;0;0;0;0;156;34.3;0.121;1.38;0.0877;0.762;7.37;17.1;0.57;0.207;0.000715;0.00166; 40160;61;271;0.332;0.172;51;0.1;1.41;0.0709;0.762;6.6;12.4;0.466;0.23;0.000775;0.00145; 36720;36;262;0.233;0.117;52;0.0249;1.4;0.0178;0.762;1.77;3.51;0.495;0.224;0.000834;0.00165; 47440;47;41;0.659;0.162;54;0.0449;1.37;0.0328;0.762;3.27;6.3;0.481;0.187;0.000853;0.00165; 33440;34;122;0.182;0.0698;52;352;222;145;  1%;  1%;  0%;131;143;364;  0%;  0%;  1%;143;228;128;  0%;  1%;  0%;112;159;137;  0%;  0%;  0%;11.5;50.3;15;23.2;0;0;0;0;0;9.3;67.9;3.02;19.8;0;0;0;0;0;2.34;67;0.198;30.5;0;0;0;0;0;4.3;65.9;1.35;28.5;0;0;0;0;0;41.1;39.7;37.3;38;8.48 ;8.52 ;9.51 ;7.74 ;
2017-09-01;16:07:58.867;0.0777;1.48;0.0525;0.762;14.8;34.6;0.571;0.246;0.00056;0.00131;1.13;0.509;2.65e+04;1.79e+04;2.13e+03;2.96;74;0.155;3.89;1.73e+03;6.89;61.2;3.86;28.1;0;0;0;0;0;159;32.8;0.108;1.44;0.0753;0.762;5.64;14.8;0.619;0.232;0.000612;0.00161; 38480;51;225;0.268;0.143;51;0.0454;1.45;0.0313;0.762;2.83;5.53;0.489;0.226;0.000731;0.00143; 31760;19;115;0.168;0.065;52;0.107;1.53;0.07;0.762;3.88;9.16;0.576;0.285;0.000426;0.00101; 38240;86;87;0.554;0.244;54;0.0502;1.5;0.0334;0.762;2.48;5.08;0.511;0.237;0.000581;0.00119; 41680;23;94;0.144;0.057;52;221;245;88.3;  1%;  1%;  0%;84.1;40.2;215;  0%;  0%;  1%;93.9;259;183;  0%;  1%;  0%;184;31.1;86.7;  0%;  0%;  0%;9.89;42.6;8.88;38.6;0;0;0;0;0;4.11;59;0.742;36.1;0;0;0;0;0;9.18;64.7;4.38;21.7;0;0;0;0;0;4.39;78.2;1.44;15.9;0;0;0;0;0;40.4;36.7;42;40;8.14 ;8.11 ;9.17 ;7.4 ;
2017-09-01;16:07:59.879;0.0759;1.4;0.0541;0.762;21.4;43.2;0.506;0.208;0.000828;0.00167;1.61;0.714;2.58e+04;1.84e+04;2.13e+03;2.81;70.2;0.152;3.79;2.49e+03;7.1;61.2;4.4;27.3;0;5.08;0;0;0;159;34.7;0.0977;1.38;0.0709;0.761;6.47;15.3;0.576;0.207;0.000779;0.00184; 41680;53;254;0.35;0.156;50;0.0841;1.42;0.0591;0.762;6.06;11.4;0.47;0.2;0.000847;0.0016; 38400;39;257;0.251;0.113;52;0.0931;1.4;0.0665;0.762;7.09;13.1;0.457;0.209;0.000895;0.00165; 43280;166;167;0.817;0.39;54;0.0285;1.45;0.0197;0.762;1.74;3.43;0.492;0.236;0.000719;0.00142; 32080;21;67;0.187;0.0544;52;257;367;57.6;  1%;  1%;  0%;283;83.5;255;  1%;  0%;  1%;307;379;173;  1%;  1%;  0%;182;87.3;61.1;  0%;  0%;  0%;9.33;39.3;11.6;39.7;0;20.3;0;0;0;7.76;64.9;2.97;24.4;0;0;0;0;0;8.73;65.8;2.69;22.8;0;0;0;0;0;2.59;74.9;0.319;22.2;0;0;0;0;0;39.5;39;41.6;38.6;8.39 ;8.55 ;10 ;7.7 ;
2017-09-01;16:08:00.896;0.0768;1.44;0.0533;0.762;15.7;35.9;0.561;0.239;0.000599;0.00137;1.21;0.604;2.62e+04;1.82e+04;2.14e+03;2.88;72.1;0.154;3.84;1.81e+03;6.99;64.1;3.43;25.5;0;0.125;0;0;0;161;33.7;0.118;1.45;0.0816;0.762;6.12;16.3;0.625;0.231;0.000605;0.00161; 44400;53;234;0.281;0.15;50;0.0599;1.32;0.0453;0.762;3.1;6.51;0.523;0.241;0.000607;0.00127; 30000;22;120;0.176;0.072;52;0.111;1.49;0.0749;0.762;6.11;11.7;0.476;0.24;0.000642;0.00122; 44960;141;123;0.615;0.348;54;0.0175;1.55;0.0113;0.762;0.396;1.38;0.713;0.318;0.000265;0.000926; 32720;1;20;0.136;0.0338;52;148;397;42.7;  0%;  2%;  0%;181;45.6;140;  0%;  0%;  0%;190;414;76.9;  0%;  2%;  0%;93.3;30.9;46.1;  0%;  0%;  0%;10.7;43.2;9.16;37;0;0.501;0;0;0;5.94;70.9;1.82;21.3;0;0;0;0;0;9.83;65;0.987;24.2;0;0;0;0;0;1.48;77.3;1.77;19.5;0;0;0;0;0;40.9;39.1;42.4;38.7;8.18 ;8.31 ;9.75 ;7.4 ;
2017-09-01;16:08:01.911;0.0766;1.42;0.0538;0.762;19.3;39.4;0.511;0.22;0.000739;0.00151;1.46;0.68;2.61e+04;1.83e+04;2.12e+03;2.85;71.2;0.153;3.83;2.22e+03;7.06;67.3;3.65;22;0;0.143;0;0;0;162;33.9;0.105;1.39;0.0752;0.761;6.05;14.7;0.587;0.23;0.000679;0.00164; 38640;54;225;0.32;0.151;51;0.0678;1.44;0.0471;0.762;4.46;8.74;0.49;0.2;0.000771;0.00151; 41040;22;205;0.214;0.0872;52;0.106;1.43;0.0741;0.762;7.01;12.9;0.456;0.221;0.000776;0.00143; 39840;167;140;0.757;0.39;54;0.0278;1.48;0.0188;0.762;1.76;3.15;0.441;0.224;0.000744;0.00133; 31920;25;62;0.17;0.0525;52;214;354;57.7;  1%;  1%;  0%;238;37.8;209;  1%;  0%;  1%;251;364;201;  1%;  1%;  1%;197;40.5;60;  1%;  0%;  0%;9.87;48;11.2;31;0;0.574;0;0;0;6.18;74.1;1.27;18.5;0;0;0;0;0;9.73;67;2.06;21.2;0;0;0;0;0;2.46;80;0.106;17.4;0;0;0;0;0;40.8;39.5;42.2;39.4;8.21 ;8.33 ;9.87 ;7.5 ;
2017-09-01;16:08:02.928;0.0722;1.51;0.0479;0.761;10.7;30.1;0.644;0.265;0.000435;0.00122;0.835;0.396;2.47e+04;1.64e+04;2.13e+03;3.01;75.4;0.144;3.61;1.25e+03;6.29;56.4;4.12;33.2;0;13.1;0;0;0;157;31.4;0.0589;1.5;0.0393;0.76;1.66;7.32;0.774;0.238;0.00033;0.00146; 38080;15;69;0.164;0.0491;51;0.0637;1.45;0.0438;0.762;3.76;8.09;0.535;0.23;0.000693;0.00149; 31040;26;154;0.142;0.0781;52;0.0791;1.47;0.0537;0.762;4;8.73;0.541;0.255;0.000593;0.00129; 38640;93;110;0.415;0.226;54;0.0872;1.59;0.0549;0.762;1.31;5.98;0.782;0.346;0.000175;0.000802; 41600;15;56;0.114;0.0434;52;80.6;110;43.8;  0%;  0%;  0%;243;63.3;71.8;  1%;  0%;  0%;244;123;86.3;  1%;  0%;  0%;86.6;60;35.6;  0%;  0%;  0%;5.17;27.5;13.5;53.9;0;52.2;0;0;0;5.75;57.5;1.67;35.1;0;0;0;0;0;7.04;68.8;1.16;23;0;0;0;0;0;7.21;71.9;0.212;20.7;0;0;0;0;0;36.6;37.7;41.2;41.3;7.63 ;7.63 ;8.84 ;7.27 ;
2017-09-01;16:08:03.942;0.0712;1.46;0.0488;0.762;15.3;33.7;0.547;0.235;0.000628;0.00139;1.15;0.462;2.43e+04;1.67e+04;2.14e+03;2.92;73;0.142;3.56;1.81e+03;6.4;68.8;2.85;21.9;0;0.298;0;0;0;161;33.1;0.124;1.45;0.0855;0.762;6.32;16;0.604;0.231;0.000599;0.00151; 44400;51;251;0.277;0.155;50;0.105;1.5;0.0701;0.762;4.91;10.4;0.529;0.26;0.000546;0.00116; 39840;29;202;0.189;0.0938;52;0.0315;1.44;0.0219;0.762;2.1;3.87;0.457;0.212;0.000781;0.00144; 37920;50;45;0.54;0.16;54;0.0245;1.39;0.0176;0.762;1.94;3.47;0.441;0.197;0.000927;0.00166; 32640;21;68;0.147;0.0532;52;322;193;81.8;  1%;  0%;  0%;93.6;69.9;316;  0%;  0%;  1%;107;209;131;  0%;  1%;  0%;122;70.8;94;  0%;  0%;  0%;11.2;47.6;9.3;31.8;0;1.19;0;0;0;9.2;78;1.18;11.7;0;0;0;0;0;2.88;68.4;0.281;28.4;0;0;0;0;0;2.31;81.3;0.615;15.8;0;0;0;0;0;41.7;41.6;38.7;39.4;8.1 ;8.31 ;9.28 ;7.41 ;
2017-09-01;16:08:04.952;0.0655;1.49;0.0439;0.762;11.9;29;0.59;0.238;0.000533;0.0013;0.917;0.425;2.23e+04;1.49e+04;2.13e+03;2.99;74.7;0.131;3.28;1.38e+03;5.76;67.6;1.27;25.4;0;0;0;0;0;158;31.8;0.0491;1.49;0.0329;0.762;1.26;7.1;0.822;0.229;0.000303;0.0017; 39120;13;49;0.182;0.0503;51;0.0522;1.48;0.0353;0.762;2.48;5.56;0.554;0.255;0.000559;0.00125; 30720;14;90;0.136;0.06;52;0.0863;1.5;0.0573;0.762;4.29;8.6;0.502;0.237;0.000585;0.00117; 47040;94;100;0.455;0.241;54;0.0747;1.49;0.05;0.762;3.85;7.74;0.503;0.235;0.000607;0.00122; 39360;33;139;0.144;0.0737;52;40;115;63.8;  0%;  0%;  0%;135;98.5;59.3;  0%;  0%;  0%;161;95.5;234;  0%;  0%;  1%;238;88;49.7;  1%;  0%;  0%;4.32;44;2.63;49.1;0;0;0;0;0;4.63;73.3;1.25;20.8;0;0;0;0;0;7.53;76.5;0.371;15.6;0;0;0;0;0;6.56;76.6;0.847;16;0;0;0;0;0;36.9;38.4;42.1;41;7.68 ;7.79 ;8.98 ;7.33 ;
2017-09-01;16:08:05.971;0.0749;1.47;0.0509;0.762;16.5;34.5;0.522;0.233;0.000645;0.00135;1.25;0.497;2.56e+04;1.74e+04;2.13e+03;2.94;73.5;0.15;3.74;1.98e+03;6.68;74.8;2.18;16.3;0;0.00774;0;0;0;165;33.6;0.0935;1.44;0.0648;0.762;4.93;12.3;0.598;0.227;0.000616;0.00153; 46880;47;176;0.286;0.129;50;0.0627;1.52;0.0413;0.762;2.48;5.56;0.555;0.279;0.000462;0.00104; 30240;11;97;0.182;0.0662;52;0.0466;1.48;0.0316;0.762;2.72;5.18;0.475;0.235;0.000681;0.0013; 44800;62;63;0.588;0.194;53;0.0967;1.47;0.0659;0.762;6.4;11.5;0.445;0.214;0.000773;0.00139; 36240;54;238;0.196;0.109;52;56.2;180;290;  0%;  0%;  1%;116;154;66.5;  0%;  0%;  0%;136;203;177;  0%;  1%;  0%;183;147;272;  0%;  0%;  1%;8.51;71.1;6.1;14.3;0;0.031;0;0;0;5.42;82.2;0.521;11.8;0;0;0;0;0;4.15;66.3;1.17;28.3;0;0;0;0;0;8.66;79.7;0.921;10.7;0;0;0;0;0;42.4;40.1;39.5;43;8.23 ;8.22 ;9.41 ;7.72 ;
2017-09-01;16:08:06.986;0.0766;1.47;0.0522;0.762;15.8;35.9;0.56;0.236;0.000605;0.00138;1.2;0.527;2.61e+04;1.78e+04;2.13e+03;2.93;73.3;0.153;3.83;1.85e+03;6.86;68.1;4.12;20.9;0;0;0;0;0;162;33.5;0.128;1.43;0.0894;0.762;7.13;17.7;0.596;0.221;0.000655;0.00162; 38080;59;270;0.289;0.169;50;0.0721;1.47;0.0492;0.762;4.36;8.43;0.483;0.215;0.00071;0.00137; 37920;26;171;0.185;0.0864;52;0.0902;1.51;0.0596;0.762;3.64;8.2;0.556;0.281;0.000474;0.00107; 38880;89;71;0.587;0.234;54;0.0163;1.51;0.0108;0.762;0.669;1.61;0.586;0.263;0.000483;0.00116; 39840;12;26;0.138;0.0377;52;286;333;45.4;  1%;  1%;  0%;103;56.3;289;  0%;  0%;  1%;114;337;91.5;  0%;  1%;  0%;74.3;68.3;50;  0%;  0%;  0%;11.7;54.1;11.1;23;0;0;0;0;0;6.46;81;0.422;12.2;0;0;0;0;0;7.82;74.6;4.93;12.7;0;0;0;0;0;1.42;62.7;0.0388;35.9;0;0;0;0;0;42.5;40.2;42.3;36.9;8.38 ;8.29 ;9.42 ;7.39 ;
2017-09-01;16:08:07.997;0.0753;1.49;0.0505;0.762;13.6;32.4;0.582;0.251;0.00053;0.00127;1.04;0.484;2.56e+04;1.72e+04;2.13e+03;2.98;74.6;0.151;3.77;1.58e+03;6.63;73;2.27;18.1;0;0.068;0;0;0;163;32.6;0.105;1.45;0.0729;0.762;5.87;14.4;0.593;0.222;0.000654;0.00161; 39120;57;226;0.254;0.143;51;0.0707;1.51;0.0467;0.762;3.16;6.48;0.512;0.25;0.000527;0.00108; 31440;19;136;0.161;0.07;52;0.0911;1.5;0.0606;0.762;3.78;9.13;0.586;0.279;0.000489;0.00118; 37760;83;83;0.501;0.234;54;0.0339;1.56;0.0217;0.762;0.748;2.4;0.688;0.311;0.00026;0.000832; 44000;8;33;0.125;0.0369;52;203;301;54.6;  1%;  1%;  0%;97.8;54.2;198;  0%;  0%;  1%;127;313;65.9;  0%;  1%;  0%;81.6;29.8;57.1;  0%;  0%;  0%;9.57;48;8.12;34.3;0;0.272;0;0;0;6.13;83.9;0.194;9.73;0;0;0;0;0;7.95;80.5;0.74;10.8;0;0;0;0;0;2.85;79.7;0;17.5;0;0;0;0;0;40.5;40.2;42.8;39.3;8.17 ;8.07 ;9.03 ;7.37 ;
2017-09-01;16:08:09.015;0.0748;1.52;0.0491;0.762;10.2;28.2;0.638;0.273;0.000401;0.00111;0.81;0.346;2.55e+04;1.67e+04;2.12e+03;3.05;76.2;0.15;3.74;1.22e+03;6.44;69.7;0.935;22.9;0;0;0;0;0;162;31.2;0.11;1.53;0.0718;0.761;2.21;11;0.799;0.295;0.000236;0.00118; 38080;20;83;0.175;0.0716;51;0.0708;1.55;0.0456;0.762;1.89;5.64;0.665;0.302;0.000313;0.000935; 35600;21;78;0.122;0.0495;52;0.06;1.53;0.0393;0.762;2.48;4.95;0.499;0.264;0.000484;0.000965; 43280;53;60;0.39;0.155;53;0.0585;1.48;0.0396;0.762;3.65;6.63;0.449;0.21;0.000731;0.00133; 41440;39;139;0.123;0.0697;52;57;79.6;132;  0%;  0%;  0%;94.1;76.6;61.7;  0%;  0%;  0%;104;91.5;159;  0%;  0%;  0%;172;82.2;113;  0%;  0%;  0%;9.43;39.1;3.24;48.2;0;0;0;0;0;5.98;79.3;0.173;14.6;0;0;0;0;0;5.15;78.3;0.253;16.2;0;0;0;0;0;5.2;82;0.0841;12.7;0;0;0;0;0;39.5;39.9;41.1;41.3;7.72 ;7.76 ;8.66 ;7.08 ;
2017-09-01;16:08:10.026;0.0799;1.44;0.0553;0.762;19.8;39.4;0.499;0.218;0.000727;0.00145;1.49;0.695;2.72e+04;1.88e+04;2.14e+03;2.89;72.2;0.16;3.99;2.28e+03;7.26;72.1;3.93;16.7;0;0;0;0;0;164;34.2;0.0989;1.38;0.0714;0.762;6.35;14.7;0.568;0.213;0.000754;0.00175; 38640;59;246;0.329;0.157;50;0.0561;1.44;0.0389;0.762;3.87;7.19;0.462;0.195;0.000809;0.0015; 30640;19;160;0.214;0.0833;52;0.114;1.47;0.0779;0.762;7.1;12.9;0.448;0.224;0.000731;0.00132; 45120;168;147;0.763;0.393;53;0.05;1.51;0.0331;0.762;2.44;4.67;0.479;0.247;0.000573;0.0011; 41120;20;90;0.184;0.0613;52;199;384;66.7;  1%;  1%;  0%;197;59.6;198;  1%;  0%;  1%;198;409;222;  1%;  2%;  1%;220;61.8;63.5;  1%;  0%;  0%;9.38;47.1;13.6;30;0;0;0;0;0;5.11;80.7;0.579;13.6;0;0;0;0;0;10.2;78.5;1.24;10;0;0;0;0;0;4.34;82.3;0.322;13;0;0;0;0;0;40.6;39.4;43.9;40.6;8.22 ;8.38 ;9.95 ;7.63 ;
2017-09-01;16:08:11.037;0.077;1.52;0.0506;0.762;10.4;31.2;0.667;0.257;0.000396;0.00119;0.818;0.418;2.62e+04;1.72e+04;2.12e+03;3.04;76;0.154;3.85;1.19e+03;6.65;59.7;2.27;31.4;0;8.29;0;0;0;158;31.4;0.0657;1.42;0.0463;0.76;3.63;11.4;0.682;0.19;0.000651;0.00205; 38400;34;126;0.178;0.088;50;0.0628;1.56;0.0402;0.762;1.5;4.85;0.691;0.305;0.00028;0.000909; 30800;8;65;0.119;0.0468;52;0.0801;1.49;0.0538;0.762;4.36;8.71;0.499;0.229;0.00064;0.00128; 48640;99;93;0.415;0.244;53;0.0994;1.6;0.0623;0.762;0.884;6.17;0.857;0.355;0.000105;0.000731; 35120;10;37;0.106;0.0389;52;35.3;279;49.7;  0%;  1%;  0%;126;34.5;43;  0%;  0%;  0%;107;285;72.3;  0%;  1%;  0%;57;64.3;40.7;  0%;  0%;  0%;6.08;24.2;5.12;64.6;0;33.2;0;0;0;5.28;68;0.24;26.5;0;0;0;0;0;7.07;65.4;2.34;25.2;0;0;0;0;0;8.17;81;1.36;9.43;0;0;0;0;0;36.2;38.2;40.8;42.7;7.68 ;7.78 ;8.8 ;7.15 ;
2017-09-01;16:08:12.058;0.0771;1.49;0.0517;0.762;13.7;32.6;0.58;0.257;0.000518;0.00123;1.05;0.457;2.64e+04;1.77e+04;2.12e+03;2.98;74.5;0.154;3.85;1.61e+03;6.79;70.1;3.62;19.5;0;0.0644;0;0;0;164;32.8;0.131;1.46;0.0899;0.761;6.43;16.3;0.606;0.247;0.000573;0.00145; 47680;52;244;0.264;0.159;50;0.127;1.53;0.0827;0.762;4.43;10.6;0.582;0.283;0.000407;0.000973; 30720;24;185;0.169;0.0856;52;0.0498;1.47;0.0339;0.762;2.76;5.55;0.502;0.239;0.000647;0.0013; 42400;57;62;0.496;0.185;54;0.000455;0.893;0.000509;0.762;0.0646;0.16;0.595;0.0949;0.00166;0.00409; 34480;1;2;0.119;0.0276;52;293;249;36.5;  1%;  1%;  0%;116;27.2;296;  0%;  0%;  1%;132;269;60.9;  0%;  1%;  0%;62.2;28.5;41.2;  0%;  0%;  0%;11.8;47.8;13.1;27.3;0;0.258;0;0;0;10.9;73.2;0.556;15.4;0;0;0;0;0;4.45;74.9;0.847;19.8;0;0;0;0;0;0.0668;84.5;0;15.5;0;0;0;0;0;42.4;42.1;40.6;38.7;8.22 ;8.18 ;9.07 ;7.3 ;
2017-09-01;16:08:13.069;0.0769;1.5;0.0514;0.762;12.8;35;0.633;0.24;0.000491;0.00134;0.991;0.454;2.62e+04;1.75e+04;2.14e+03;2.99;74.8;0.154;3.85;1.5e+03;6.76;64.5;2.18;26.6;0;7.04;0;0;0;160;32.2;0.0658;1.39;0.0474;0.76;4.12;12.8;0.678;0.171;0.000734;0.00228; 38240;26;153;0.23;0.105;50;0.0943;1.52;0.0619;0.762;3.84;9.21;0.583;0.253;0.00048;0.00115; 30240;27;159;0.158;0.0793;52;0.0687;1.48;0.0463;0.762;3.6;7.61;0.527;0.245;0.000617;0.0013; 42560;76;84;0.479;0.226;54;0.0789;1.57;0.0502;0.762;1.29;5.39;0.761;0.345;0.000192;0.000803; 42160;13;52;0.123;0.0432;51;158;224;43.5;  0%;  1%;  0%;148;90.6;156;  0%;  0%;  0%;173;237;76.2;  0%;  1%;  0%;75.7;74;48.7;  0%;  0%;  0%;6.23;37.6;6.79;49.3;0;28.1;0;0;0;8.13;72.1;0.643;19.1;0;0;0;0;0;6.08;71;1.08;21.9;0;0;0;0;0;6.59;77.2;0.201;16;0;0;0;0;0;37.5;40.3;40.8;41.3;7.88 ;8.02 ;9.03 ;7.3 ;
2017-09-01;16:08:14.088;0.0779;1.46;0.0533;0.762;18.5;37.6;0.508;0.224;0.000695;0.00141;1.39;0.57;2.66e+04;1.82e+04;2.12e+03;2.92;73.1;0.156;3.9;2.19e+03;7;75;2.28;15.7;0;0.101;0;0;0;166;33.9;0.105;1.47;0.0713;0.762;4.54;12.3;0.63;0.258;0.000508;0.00137; 39760;46;186;0.297;0.119;50;0.101;1.47;0.0685;0.762;6.62;11.6;0.432;0.205;0.000768;0.00135; 31360;39;277;0.227;0.116;52;0.0653;1.45;0.045;0.762;4.21;8.18;0.486;0.216;0.000753;0.00147; 47600;100;98;0.687;0.266;53;0.0407;1.43;0.0285;0.762;3.15;5.52;0.43;0.195;0.000903;0.00158; 34880;27;122;0.181;0.0695;52;300;149;54.9;  1%;  0%;  0%;246;110;289;  1%;  0%;  1%;247;151;238;  1%;  0%;  1%;215;119;67.2;  1%;  0%;  0%;9.36;67.7;5.97;16.9;0;0.405;0;0;0;8.99;77.8;1.12;12.1;0;0;0;0;0;5.9;79.1;0.813;14.1;0;0;0;0;0;3.74;75.4;1.23;19.6;0;0;0;0;0;42.6;41.7;41.8;39.9;8.28 ;8.47 ;9.54 ;7.62 ;
2017-09-01;16:08:15.111;0.0763;1.37;0.0555;0.762;22.6;46.9;0.517;0.194;0.000866;0.00179;1.7;0.777;2.61e+04;1.9e+04;2.14e+03;2.75;68.7;0.153;3.81;2.62e+03;7.29;60.1;4.52;28.1;0;0.334;0;0;0;159;35.1;0.0796;1.29;0.0616;0.761;6.67;16.6;0.598;0.178;0.000977;0.00243; 38480;62;252;0.364;0.166;51;0.0878;1.41;0.0621;0.762;6.51;12.2;0.465;0.183;0.000865;0.00162; 30400;36;264;0.265;0.118;52;0.112;1.39;0.0806;0.762;7.85;15;0.478;0.212;0.000817;0.00157; 46320;167;169;0.88;0.441;54;0.0255;1.44;0.0178;0.762;1.61;3.12;0.483;0.23;0.000736;0.00142; 39120;14;59;0.193;0.0519;52;279;363;63.1;  1%;  1%;  0%;337;48.2;276;  1%;  0%;  1%;352;377;209;  1%;  1%;  1%;203;47.4;66;  1%;  0%;  0%;8.09;43.3;9.09;39.6;0;1.34;0;0;0;8.15;68.1;3.27;20.4;0;0;0;0;0;10.6;61.8;5.47;22.1;0;0;0;0;0;2.33;67;0.237;30.4;0;0;0;0;0;39.3;39.8;42.4;37.8;8.54 ;8.66 ;10.2 ;7.72 ;
2017-09-01;16:08:16.122;0.0719;1.48;0.0485;0.762;14;32.5;0.569;0.229;0.000571;0.00132;1.08;0.536;2.46e+04;1.66e+04;2.15e+03;2.96;74.1;0.144;3.6;1.62e+03;6.37;76.6;1.66;15.3;0;0.0226;0;0;0;163;32.6;0.0869;1.42;0.0614;0.761;5.41;13.6;0.602;0.206;0.000728;0.00183; 46480;49;201;0.256;0.134;50;0.0352;1.5;0.0234;0.762;1.35;3.38;0.601;0.253;0.000448;0.00112; 30960;6;73;0.146;0.0472;52;0.111;1.5;0.0742;0.762;5.43;11;0.505;0.239;0.000571;0.00115; 41040;137;122;0.544;0.305;54;0.0542;1.54;0.0352;0.762;1.83;4.59;0.602;0.251;0.000396;0.000995; 34720;19;67;0.138;0.0507;52;74.3;376;66.2;  0%;  1%;  0%;77.2;85.7;65.3;  0%;  0%;  0%;99;403;107;  0%;  2%;  0%;131;54.1;76;  0%;  0%;  0%;8.07;55.8;6.04;30.1;0;0.0904;0;0;0;3.07;85;0.0141;11.9;0;0;0;0;0;9.73;82;0.438;7.83;0;0;0;0;0;4.62;83.7;0.156;11.5;0;0;0;0;0;40.3;38.5;43.8;40.7;8.01 ;7.96 ;9.34 ;7.27 ;
2017-09-01;16:08:17.142;0.0748;1.44;0.0518;0.761;16.1;35;0.54;0.235;0.000628;0.00136;1.21;0.489;2.56e+04;1.77e+04;2.12e+03;2.89;72.2;0.15;3.74;1.9e+03;6.8;62.3;1.46;29.4;0;5.92;0;0;0;160;33.2;0.066;1.41;0.0467;0.76;3.73;10.1;0.632;0.191;0.000661;0.0018; 47680;31;143;0.261;0.0982;51;0.116;1.49;0.0782;0.762;5.75;12;0.521;0.272;0.000577;0.0012; 31600;34;226;0.202;0.104;52;0.0482;1.45;0.0333;0.762;3.25;5.96;0.454;0.221;0.000788;0.00144; 42240;77;79;0.584;0.217;53;0.0686;1.4;0.0491;0.762;3.35;6.85;0.511;0.242;0.00057;0.00117; 35760;28;133;0.163;0.0696;52;183;150;100;  0%;  0%;  0%;220;152;179;  1%;  0%;  0%;228;172;137;  1%;  0%;  0%;134;161;89.4;  0%;  0%;  0%;6.15;29;3.78;61.1;0;23.7;0;0;0;10.3;69.5;0.797;19.5;0;0;0;0;0;4.38;74.2;0.795;20.7;0;0;0;0;0;6.44;76.7;0.469;16.4;0;0;0;0;0;36.7;41.6;40.5;41.5;8.05 ;8.36 ;9.3 ;7.46 ;
2017-09-01;16:08:18.158;0.0765;1.54;0.0497;0.762;9.43;27.1;0.652;0.286;0.000361;0.00104;0.759;0.375;2.61e+04;1.7e+04;2.14e+03;3.08;76.9;0.153;3.82;1.1e+03;6.53;70.4;1.33;21.8;0;0.15;0;0;0;162;30.9;0.114;1.56;0.0729;0.761;1.66;9.56;0.826;0.313;0.000172;0.000985; 47360;14;62;0.162;0.0594;50;0.0723;1.56;0.0463;0.762;1.7;5.6;0.695;0.318;0.000276;0.000908; 30400;10;72;0.111;0.0473;52;0.0731;1.5;0.0488;0.762;3.69;7.29;0.494;0.245;0.000591;0.00117; 40160;79;81;0.374;0.213;53;0.0467;1.51;0.0309;0.762;2.37;4.62;0.487;0.249;0.000594;0.00116; 37680;22;80;0.112;0.0554;52;69;105;52.3;  0%;  0%;  0%;118;41.4;51;  0%;  0%;  0%;122;108;182;  0%;  0%;  0%;172;23.1;60.4;  0%;  0%;  0%;9.57;59.2;3.23;28;0;0.598;0;0;0;6.08;72.7;0.196;21;0;0;0;0;0;6.4;70.2;0.968;22.5;0;0;0;0;0;4.06;79.4;0.919;15.7;0;0;0;0;0;41.5;39.4;41.2;40.2;7.67 ;7.58 ;8.64 ;6.99 ;
2017-09-01;16:08:19.171;0.0766;1.42;0.0538;0.761;17.7;42;0.578;0.236;0.00068;0.00161;1.31;0.461;2.61e+04;1.83e+04;2.13e+03;2.85;71.1;0.153;3.83;2.13e+03;7.07;46.4;3.53;43;0;3.73;0;0;0;153;33.4;0.0776;1.41;0.0551;0.762;4.39;12.2;0.642;0.199;0.000665;0.00186; 43360;41;161;0.288;0.116;51;0.0679;1.44;0.0472;0.762;3.69;8.63;0.573;0.273;0.000638;0.00149; 31200;23;148;0.197;0.0807;52;0.0186;1.41;0.0132;0.761;1.14;2.53;0.55;0.24;0.00072;0.0016; 38560;25;28;0.601;0.127;54;0.142;1.42;0.0999;0.761;8.51;18.6;0.542;0.241;0.000703;0.00153; 41280;80;310;0.221;0.137;52;73.8;117;308;  0%;  0%;  1%;94.1;267;68.6;  0%;  1%;  0%;115;118;208;  0%;  0%;  1%;185;259;315;  0%;  1%;  1%;7.23;45.5;7.11;40.2;0;0;0;0;0;6.2;49.5;2.34;42;0;12.5;0;0;0;1.73;32.3;0.139;65.8;0;2.36;0;0;0;13.1;58.4;4.53;24;0;0.0286;0;0;0;38.8;37.1;34.1;43;8.16 ;8.32 ;9.22 ;7.74 ;
2017-09-01;16:08:20.183;0.076;1.41;0.0538;0.761;18.6;39.4;0.528;0.222;0.00072;0.00152;1.36;0.456;2.59e+04;1.83e+04;2.13e+03;2.83;70.7;0.152;3.8;2.24e+03;7.06;67.1;5.99;19.8;0;4.05;0;0;0;161;33.7;0.115;1.41;0.0817;0.761;6.1;15.1;0.596;0.221;0.000621;0.00154; 49040;47;226;0.316;0.146;51;0.0776;1.42;0.0545;0.762;5.2;9.9;0.474;0.22;0.000788;0.0015; 30640;25;211;0.217;0.101;52;0.00739;1.48;0.005;0.762;0.343;0.697;0.508;0.222;0.000545;0.00111; 39280;12;7;0.615;0.0921;54;0.103;1.4;0.0738;0.762;6.98;13.7;0.491;0.223;0.000793;0.00156; 35120;75;256;0.214;0.117;52;178;129;314;  0%;  0%;  1%;120;237;179;  0%;  1%;  0%;131;152;133;  0%;  0%;  0%;117;236;311;  0%;  1%;  1%;10.7;41.9;17.8;29.6;0;16.2;0;0;0;7.15;70.9;1.62;20.3;0;0;0;0;0;0.657;90;0;9.35;0;0;0;0;0;9.69;65.8;4.57;19.9;0;0;0;0;0;40.8;39.5;39.3;41.7;8.36 ;8.36 ;9.19 ;7.76 ;
2017-09-01;16:08:21.204;0.0744;1.55;0.0482;0.762;7.42;25.4;0.707;0.301;0.000291;0.000993;0.586;0.256;2.55e+04;1.65e+04;2.14e+03;3.09;77.3;0.149;3.72;867;6.32;69.5;0.736;23.4;0;6.01;0;0;0;162;30.1;0.0937;1.55;0.0607;0.761;1.79;8.96;0.8;0.286;0.000223;0.00111; 47840;17;61;0.129;0.0536;51;0.0539;1.52;0.0355;0.762;2.04;4.73;0.569;0.29;0.000441;0.00102; 30480;14;74;0.0982;0.0507;52;0.036;1.51;0.0238;0.762;1.42;3.31;0.569;0.258;0.000461;0.00107; 39040;35;31;0.262;0.0984;53;0.114;1.57;0.0727;0.762;2.17;8.36;0.74;0.336;0.000222;0.000854; 34960;22;96;0.0966;0.0537;51;37.2;110;49.2;  0%;  0%;  0%;43.4;134;37.6;  0%;  0%;  0%;58.5;130;46.4;  0%;  0%;  0%;58.1;124;38.3;  0%;  0%;  0%;7.97;53.5;2.01;36.5;0;24;0;0;0;4.66;80.3;0.0855;14.9;0;0;0;0;0;3.12;74.9;0;22;0;0;0;0;0;9.55;69.5;0.854;20.1;0;0;0;0;0;40.4;39.6;39.7;42.6;7.42 ;7.45 ;8.34 ;6.88 ;
2017-09-01;16:08:22.216;0.0739;1.53;0.0482;0.761;7.93;27.9;0.716;0.279;0.000316;0.00111;0.654;0.307;2.51e+04;1.64e+04;2.13e+03;3.07;76.6;0.148;3.69;963;6.33;66;1.75;25.9;0;0;0;0;0;160;30.1;0.132;1.52;0.0872;0.761;3.49;14;0.75;0.257;0.000311;0.00125; 44400;21;130;0.16;0.0955;50;0.0788;1.61;0.049;0.762;0.429;4.54;0.905;0.396;6.41e-05;0.000677; 30320;4;20;0.0918;0.0306;52;0.0354;1.49;0.0239;0.762;1.94;4.36;0.555;0.219;0.000644;0.00145; 44160;45;40;0.304;0.132;53;0.0492;1.5;0.0327;0.762;2.07;5.04;0.59;0.257;0.000494;0.0012; 35840;17;67;0.098;0.0489;51;37.1;161;150;  0%;  0%;  0%;60.1;18.5;30.2;  0%;  0%;  0%;53.4;175;57.5;  0%;  0%;  0%;58.4;17.3;145;  0%;  0%;  0%;11.5;54.4;5.08;29.1;0;0;0;0;0;6.44;73.8;0.000823;19.8;0;0;0;0;0;3.13;71.3;0.304;25.2;0;0;0;0;0;4.3;64.7;1.62;29.4;0;0;0;0;0;42;39.6;39.1;38.9;7.6 ;7.36 ;8.28 ;6.84 ;
2017-09-01;16:08:23.236;0.0777;1.49;0.052;0.762;13.3;33.4;0.601;0.263;0.000502;0.00126;1.01;0.47;2.66e+04;1.78e+04;2.13e+03;2.99;74.6;0.155;3.88;1.54e+03;6.83;53.8;1.48;37.9;0;6.85;0;0;0;157;32.1;0.108;1.49;0.0724;0.761;4.11;12.5;0.671;0.248;0.000447;0.00136; 43440;38;158;0.224;0.105;51;0.0761;1.48;0.0514;0.762;4.05;8.43;0.52;0.249;0.000623;0.0013; 30400;26;172;0.167;0.0807;52;0.067;1.46;0.0459;0.762;4.08;8.06;0.494;0.241;0.000711;0.00141; 48560;94;93;0.495;0.243;53;0.0601;1.56;0.0385;0.762;1.11;4.41;0.749;0.356;0.000215;0.000858; 35200;13;51;0.125;0.0412;52;145;236;46.6;  0%;  1%;  0%;180;84;139;  0%;  0%;  0%;189;248;67.7;  0%;  1%;  0%;74.8;87.3;39.4;  0%;  0%;  0%;9.51;35.9;4.31;50.3;0;27.4;0;0;0;6.75;66.5;0.851;25.9;0;0;0;0;0;6.02;63;0.511;30.4;0;0;0;0;0;5.05;49.9;0.244;44.8;0;0;0;0;0;39.5;39.3;40.2;38.1;7.82 ;7.89 ;8.98 ;7.36 ;
2017-09-01;16:08:24.248;0.0753;1.47;0.0511;0.762;15;33.5;0.553;0.243;0.000585;0.00131;1.14;0.449;2.57e+04;1.74e+04;2.14e+03;2.95;73.7;0.151;3.77;1.81e+03;6.71;66.5;2.1;24.7;0;2.69;0;0;0;161;32.8;0.0846;1.4;0.0604;0.762;5.09;13;0.61;0.228;0.000704;0.00181; 38480;43;196;0.258;0.129;50;0.0544;1.46;0.0371;0.762;3.32;6.08;0.454;0.22;0.000714;0.00131; 30400;18;141;0.175;0.0748;52;0.0825;1.56;0.0528;0.762;1.92;5.68;0.663;0.311;0.000273;0.00081; 44640;41;46;0.54;0.158;54;0.0798;1.47;0.0543;0.762;4.68;8.74;0.465;0.229;0.00069;0.00129; 41040;46;182;0.17;0.0866;52;145;147;224;  0%;  0%;  1%;114;114;154;  0%;  0%;  0%;131;159;152;  0%;  0%;  0%;146;114;212;  0%;  0%;  1%;7.92;48.8;6.32;37;0;10.8;0;0;0;4.88;73.1;0.364;21.7;0;0;0;0;0;6.93;78.9;0.43;13.8;0;0;0;0;0;7.12;65.4;1.26;26.2;0;0;0;0;0;39.8;38.5;42.1;40.5;8.17 ;8.06 ;9.14 ;7.46 ;
2017-09-01;16:08:25.259;0.0682;1.52;0.0449;0.762;8.74;26.5;0.671;0.273;0.000377;0.00114;0.691;0.296;2.32e+04;1.52e+04;2.13e+03;3.04;76;0.136;3.41;1.04e+03;5.89;71.2;0.798;22.1;0;2.78;0;0;0;160;30.4;0.0873;1.48;0.0592;0.762;3.22;11.3;0.715;0.246;0.000435;0.00153; 39360;25;113;0.165;0.0868;50;0.0563;1.49;0.0378;0.762;2.95;6.23;0.527;0.233;0.000615;0.0013; 31760;22;108;0.116;0.0639;52;0.0491;1.55;0.0317;0.762;1.46;3.82;0.617;0.285;0.000351;0.000915; 48000;35;34;0.315;0.107;53;0.0802;1.58;0.0507;0.762;1.11;5.15;0.785;0.357;0.000163;0.000756; 35760;11;45;0.0953;0.0389;52;198;84.2;36.1;  1%;  0%;  0%;59.2;30.3;203;  0%;  0%;  1%;82.4;93.8;90.5;  0%;  0%;  0%;103;29.1;30.7;  0%;  0%;  0%;7.77;55.9;2.78;33.5;0;11.1;0;0;0;4.97;80.7;0.278;14.1;0;0;0;0;0;4.16;79.5;0;16.4;0;0;0;0;0;6.66;68.8;0.136;24.4;0;0;0;0;0;40.1;39.5;40.3;40.4;7.58 ;7.5 ;8.35 ;6.98 ;
2017-09-01;16:08:26.274;0.0749;1.52;0.0492;0.762;10.8;28.2;0.618;0.266;0.000421;0.0011;0.828;0.322;2.55e+04;1.68e+04;2.12e+03;3.05;76.1;0.15;3.74;1.29e+03;6.46;71.6;2.41;19.5;0;1.2;0;0;0;163;31;0.101;1.55;0.0654;0.761;1.51;9.54;0.841;0.295;0.000175;0.00111; 38880;17;55;0.17;0.056;50;0.103;1.54;0.0669;0.762;4.01;8.55;0.531;0.258;0.000458;0.000976; 41760;25;151;0.145;0.0768;52;0.0313;1.52;0.0206;0.762;1.4;2.84;0.508;0.251;0.000525;0.00107; 38720;33;37;0.381;0.118;53;0.064;1.46;0.0438;0.762;3.83;7.22;0.47;0.24;0.000702;0.00132; 35520;36;149;0.131;0.0715;51;54.5;123;55.1;  0%;  0%;  0%;84.6;230;57.2;  0%;  1%;  0%;98;124;98.5;  0%;  0%;  0%;78;237;52.1;  0%;  1%;  0%;8.59;42.9;6.56;41.9;0;4.79;0;0;0;8.79;82.3;0.494;8.37;0;0;0;0;0;2.7;87.9;0.567;8.79;0;0;0;0;0;5.75;73.3;2.03;18.9;0;0;0;0;0;39.6;41.7;40.7;40.7;7.64 ;7.67 ;8.51 ;7.14 ;
2017-09-01;16:08:27.291;0.0767;1.47;0.0523;0.762;15.7;36.1;0.564;0.248;0.000601;0.00138;1.2;0.523;2.62e+04;1.79e+04;2.13e+03;2.93;73.3;0.153;3.84;1.86e+03;6.87;62.6;3.22;27.3;0;2.01;0;0;0;160;33;0.141;1.44;0.0977;0.761;7.58;19;0.602;0.238;0.000631;0.00158; 44560;71;295;0.3;0.181;50;0.0823;1.47;0.056;0.762;4.58;8.7;0.473;0.247;0.000653;0.00124; 31200;22;199;0.195;0.0916;52;0.0725;1.5;0.0483;0.762;3.26;7.49;0.565;0.271;0.000527;0.00121; 43520;75;70;0.568;0.217;53;0.0113;1.56;0.00726;0.762;0.32;0.899;0.644;0.278;0.000331;0.000931; 35680;3;12;0.137;0.0331;51;332;309;56.3;  1%;  1%;  0%;100;37.5;336;  0%;  0%;  1%;118;332;72.7;  0%;  1%;  0%;88.1;32.6;48.6;  0%;  0%;  0%;12.8;51.7;7.76;27.7;0;8.03;0;0;0;7.35;71.7;1.42;19.5;0;0;0;0;0;6.34;63.3;3.71;26.6;0;0;0;0;0;0.953;63.8;0;35.2;0;0;0;0;0;43.1;39.9;40.6;36.9;8.2 ;8.19 ;9.14 ;7.45 ;
2017-09-01;16:08:28.310;0.078;1.49;0.0523;0.762;12.9;33.2;0.612;0.25;0.000483;0.00125;0.972;0.354;2.67e+04;1.79e+04;2.13e+03;2.98;74.6;0.156;3.9;1.54e+03;6.87;66;1.59;25.5;0;0;0;0;0;162;32.4;0.0739;1.4;0.0529;0.761;4.44;12.6;0.648;0.191;0.000702;0.002; 37760;39;166;0.229;0.113;51;0.106;1.47;0.072;0.762;5.88;12;0.509;0.246;0.000651;0.00133; 31440;38;232;0.179;0.106;52;0.0801;1.61;0.0498;0.762;0.444;4.01;0.889;0.383;6.49e-05;0.000588; 47840;14;15;0.43;0.0792;53;0.0525;1.52;0.0344;0.762;2.12;4.62;0.54;0.272;0.000474;0.00103; 37200;23;85;0.135;0.0555;52;305;87.7;54.2;  1%;  0%;  0%;94;134;304;  0%;  0%;  1%;106;97.8;92.6;  0%;  0%;  0%;81.3;143;43;  0%;  0%;  0%;6.94;42.9;5.41;44.8;0;0;0;0;0;9.45;75.5;0.803;14.2;0;0;0;0;0;6.54;67.7;0;25.7;0;0;0;0;0;4.52;78;0.129;17.4;0;0;0;0;0;38.7;41.6;41;40.5;8.02 ;8.19 ;8.91 ;7.31 ;
2017-09-01;16:08:29.330;0.0785;1.5;0.0522;0.762;12.3;30.9;0.602;0.273;0.000457;0.00115;0.95;0.426;2.69e+04;1.79e+04;2.14e+03;3.01;75.2;0.157;3.92;1.44e+03;6.85;73.3;1.58;18.3;0;0;0;0;0;165;32.2;0.148;1.48;0.0997;0.762;5.46;16.6;0.671;0.275;0.00043;0.00131; 44480;46;202;0.227;0.134;51;0.0909;1.54;0.0591;0.762;3.42;7.46;0.542;0.283;0.000438;0.000956; 32080;20;144;0.151;0.0735;52;0.0632;1.51;0.0419;0.762;2.83;5.76;0.508;0.266;0.000522;0.00106; 44720;63;61;0.458;0.185;53;0.0121;1.5;0.00806;0.762;0.603;1.09;0.446;0.223;0.00058;0.00105; 34800;6;23;0.114;0.0329;52;245;232;33.1;  1%;  1%;  0%;81.2;24.1;245;  0%;  0%;  1%;89.2;250;87.1;  0%;  1%;  0%;83.4;33.2;37.6;  0%;  0%;  0%;13.1;53.8;4.84;28.3;0;0;0;0;0;7.76;80.2;1.35;10.7;0;0;0;0;0;5.5;76.7;0.154;17.7;0;0;0;0;0;1.06;82.5;0;16.5;0;0;0;0;0;43.5;41.1;41.2;38.9;7.99 ;7.98 ;9.06 ;7.19 ;
2017-09-01;16:08:30.342;0.0754;1.46;0.0517;0.762;17.4;37.1;0.53;0.228;0.000679;0.00145;1.31;0.598;2.57e+04;1.76e+04;2.14e+03;2.92;72.9;0.151;3.77;2.02e+03;6.78;71.2;3.27;18.7;0;0.116;0;0;0;163;33.7;0.143;1.44;0.0993;0.762;8.02;18.7;0.572;0.234;0.000659;0.00154; 42720;69;301;0.327;0.19;50;0.0638;1.46;0.0438;0.762;3.9;7.72;0.495;0.228;0.000717;0.00142; 31760;23;150;0.191;0.0795;52;0.0755;1.48;0.0509;0.762;4.71;8.85;0.467;0.209;0.000733;0.00138; 47760;116;106;0.644;0.288;53;0.0192;1.52;0.0127;0.762;0.814;1.8;0.548;0.262;0.000498;0.0011; 35200;10;31;0.151;0.0408;52;293;379;59.5;  1%;  1%;  0%;108;32.5;295;  0%;  0%;  1%;117;402;122;  0%;  2%;  0%;123;33.8;57.6;  0%;  0%;  0%;13;59.9;10.2;16.8;0;0.465;0;0;0;5.75;70.1;1.05;23.1;0;0;0;0;0;6.68;76;1.52;15.8;0;0;0;0;0;1.66;79;0.329;19;0;0;0;0;0;43.7;38.8;41.8;38.8;8.34 ;8.26 ;9.55 ;7.57 ;
2017-09-01;16:08:31.360;0.075;1.47;0.051;0.762;15;34.3;0.563;0.244;0.000584;0.00134;1.14;0.449;2.56e+04;1.75e+04;2.13e+03;2.94;73.5;0.15;3.75;1.79e+03;6.7;65.2;2.04;26;0;0.0109;0;0;0;161;33;0.0928;1.39;0.0667;0.762;5.7;15.1;0.623;0.209;0.000718;0.0019; 46000;48;210;0.261;0.14;51;0.0937;1.46;0.064;0.762;5.36;10.2;0.473;0.256;0.00067;0.00127; 32000;27;209;0.194;0.0997;52;0.081;1.56;0.0518;0.762;1.96;5.65;0.654;0.314;0.000283;0.000816; 39680;50;50;0.535;0.158;53;0.0325;1.5;0.0216;0.762;1.96;3.36;0.416;0.222;0.000707;0.00121; 36880;17;78;0.145;0.0515;52;376;119;58;  1%;  0%;  0%;99.1;36.8;376;  0%;  0%;  1%;117;134;193;  0%;  0%;  0%;181;44.4;55.7;  0%;  0%;  0%;8.75;50.1;7.77;33.4;0;0.0436;0;0;0;8.4;73.5;0.339;17.8;0;0;0;0;0;6.8;73.7;0.0276;19.5;0;0;0;0;0;2.84;63.6;0.0289;33.6;0;0;0;0;0;40.6;40.7;41.7;38.1;8.11 ;8.21 ;9.1 ;7.6 ;
2017-09-01;16:08:32.371;0.0755;1.45;0.0522;0.762;17;36.9;0.54;0.223;0.000662;0.00144;1.29;0.621;2.57e+04;1.77e+04;2.14e+03;2.9;72.4;0.151;3.78;1.93e+03;6.85;67.3;3.19;22.7;0;0.33;0;0;0;161;33.7;0.0981;1.39;0.0704;0.761;6.19;14.4;0.569;0.22;0.000743;0.00172; 38880;58;226;0.295;0.151;50;0.0591;1.52;0.0389;0.762;1.94;5.27;0.631;0.267;0.000387;0.00105; 44320;11;81;0.173;0.055;52;0.114;1.48;0.077;0.762;6.46;12.9;0.501;0.214;0.000667;0.00134; 38240;145;146;0.656;0.357;54;0.0309;1.38;0.0223;0.762;2.39;4.33;0.449;0.202;0.000911;0.00165; 35120;18;95;0.162;0.0583;52;104;416;87.6;  0%;  2%;  0%;116;72.6;89;  0%;  0%;  0%;135;434;160;  0%;  2%;  0%;173;57.5;89.7;  0%;  0%;  0%;9.25;43.8;8.45;38.5;0;1.32;0;0;0;5.11;76.3;0.354;18.3;0;0;0;0;0;10.1;77.8;2.24;9.83;0;0;0;0;0;2.93;71.1;1.73;24.2;0;0;0;0;0;39.6;39;43.7;38.4;8.26 ;8.2 ;9.74 ;7.47 ;
2017-09-01;16:08:33.382;0.079;1.53;0.0516;0.762;9.31;28.3;0.672;0.285;0.000347;0.00106;0.74;0.32;2.68e+04;1.75e+04;2.13e+03;3.06;76.5;0.158;3.95;1.12e+03;6.78;76.3;1.48;15.4;0;0;0;0;0;164;30.6;0.143;1.52;0.0943;0.762;3.57;14.6;0.756;0.285;0.000293;0.0012; 46720;30;145;0.172;0.0926;51;0.0353;1.5;0.0236;0.762;1.9;3.51;0.459;0.193;0.000633;0.00117; 38240;11;81;0.112;0.05;52;0.0356;1.53;0.0233;0.762;1.6;3.11;0.487;0.238;0.000527;0.00103; 38640;34;40;0.343;0.123;53;0.102;1.56;0.0653;0.762;2.24;7.12;0.685;0.341;0.000259;0.000822; 36160;24;84;0.113;0.0545;52;102;144;100;  0%;  0%;  0%;58;64.7;115;  0%;  0%;  0%;64.8;141;86.5;  0%;  0%;  0%;76.5;62.6;102;  0%;  0%;  0%;12.4;60.2;5.7;21.8;0;0;0;0;0;3.1;91.5;0.0878;5.27;0;0;0;0;0;3.06;81.2;0.0339;15.7;0;0;0;0;0;8.57;72.4;0.106;18.9;0;0;0;0;0;43.2;39.1;39.9;41.7;7.7 ;7.52 ;8.5 ;6.91 ;
2017-09-01;16:08:34.394;0.079;1.45;0.0546;0.762;19.3;40.6;0.526;0.213;0.000718;0.00151;1.45;0.626;2.68e+04;1.85e+04;2.12e+03;2.89;72.3;0.158;3.95;2.26e+03;7.17;67.8;4.61;20.4;0;0.0845;0;0;0;162;34.2;0.0844;1.4;0.0605;0.762;5.27;13.4;0.606;0.189;0.000735;0.00186; 38240;47;193;0.321;0.137;50;0.0943;1.46;0.0647;0.762;6.19;11.7;0.473;0.213;0.000773;0.00147; 37600;32;261;0.229;0.111;52;0.0805;1.46;0.0553;0.762;5.49;9.98;0.449;0.193;0.000803;0.00146; 38160;122;129;0.723;0.315;53;0.0566;1.5;0.0378;0.762;2.32;5.56;0.582;0.294;0.000483;0.00115; 41440;24;90;0.18;0.0622;51;199;277;107;  1%;  1%;  0%;300;123;195;  1%;  0%;  1%;320;285;118;  1%;  1%;  0%;114;119;104;  0%;  0%;  0%;7.94;51.6;12.3;28.1;0;0.338;0;0;0;8.5;80.3;1.61;9.58;0;0;0;0;0;7.26;79.2;2.26;11.3;0;0;0;0;0;4.96;60.2;2.27;32.5;0;0;0;0;0;40;41.3;42.1;38.7;8.39 ;8.38 ;9.77 ;7.72 ;
2017-09-01;16:08:35.405;0.074;1.48;0.0499;0.762;11.4;32.2;0.646;0.26;0.000453;0.00128;0.86;0.322;2.51e+04;1.7e+04;2.12e+03;2.97;74.1;0.148;3.7;1.36e+03;6.55;58.4;3.11;31.9;0;0.0375;0;0;0;157;31.5;0.111;1.45;0.0768;0.762;5.02;15.4;0.674;0.23;0.000531;0.00163; 47920;44;182;0.217;0.125;50;0.0383;1.54;0.0249;0.762;0.935;3.09;0.697;0.285;0.000287;0.000948; 34160;7;47;0.118;0.0381;52;0.0508;1.61;0.0316;0.762;0.329;2.72;0.879;0.352;7.62e-05;0.00063; 38560;6;9;0.379;0.0701;53;0.0954;1.44;0.0662;0.762;5.09;11;0.536;0.266;0.000628;0.00135; 35280;45;188;0.146;0.0889;51;38.1;88.3;324;  0%;  0%;  1%;54.8;59.8;62.2;  0%;  0%;  0%;73.7;93.7;91.5;  0%;  0%;  0%;83.8;56;331;  0%;  0%;  1%;10.1;42.8;8.6;38.5;0;0.15;0;0;0;3.27;65.5;0.18;31;0;0;0;0;0;4.15;69.5;0;26.4;0;0;0;0;0;8.69;55.9;3.67;31.7;0;0.000251;0;0;0;40.5;37.1;39.4;40.4;7.9 ;7.67 ;8.61 ;7.32 ;
2017-09-01;16:08:36.417;0.0724;1.49;0.0485;0.762;11.2;30.9;0.638;0.254;0.000454;0.00125;0.861;0.32;2.46e+04;1.65e+04;2.12e+03;2.99;74.7;0.145;3.62;1.36e+03;6.36;68.5;3.05;22;0;0.887;0;0;0;161;31.7;0.0879;1.41;0.0624;0.762;4.96;13.7;0.637;0.205;0.000664;0.00183; 38480;51;185;0.213;0.125;51;0.0564;1.6;0.0352;0.762;0.551;3.52;0.843;0.321;0.000115;0.000733; 42720;5;26;0.117;0.0341;52;0.0279;1.59;0.0176;0.762;0.338;2.04;0.834;0.302;0.000142;0.00086; 38640;11;8;0.38;0.0679;53;0.118;1.49;0.0787;0.762;5.34;11.7;0.543;0.277;0.000533;0.00117; 35520;52;198;0.151;0.0931;52;43.1;83.2;358;  0%;  0%;  1%;68;30.4;45.9;  0%;  0%;  0%;55.1;96.6;108;  0%;  0%;  0%;75.5;51.7;343;  0%;  0%;  1%;8.19;41.2;9.53;41;0;3.55;0;0;0;4.62;79.2;0;16.2;0;0;0;0;0;2.31;78.5;0;19.2;0;0;0;0;0;10.3;75.2;2.68;11.8;0;0;0;0;0;39.1;39.1;39.4;43.3;7.97 ;7.73 ;8.6 ;7.39 ;
2017-09-01;16:08:37.428;0.0758;1.46;0.0521;0.762;15;33.1;0.548;0.236;0.000581;0.00129;1.16;0.555;2.58e+04;1.77e+04;2.12e+03;2.91;72.8;0.152;3.79;1.74e+03;6.83;76.1;1.98;15.1;0;0;0;0;0;165;32.9;0.141;1.5;0.0941;0.762;5.23;15;0.653;0.257;0.000437;0.00126; 44880;47;195;0.271;0.135;50;0.0702;1.35;0.0521;0.762;4.32;8.04;0.463;0.206;0.000725;0.00135; 31760;25;173;0.179;0.0859;52;0.0828;1.49;0.0557;0.762;5.07;9.08;0.442;0.22;0.000721;0.00129; 45120;125;115;0.574;0.301;53;0.00944;1.48;0.00636;0.762;0.358;0.934;0.616;0.289;0.000447;0.00117; 35280;2;17;0.132;0.0333;51;186;287;41.2;  0%;  1%;  0%;234;37.6;186;  1%;  0%;  0%;239;292;78.9;  1%;  1%;  0%;72.5;31;59.7;  0%;  0%;  0%;12.4;69.1;7.2;11.3;0;0;0;0;0;6.83;81;0.373;11.8;0;0;0;0;0;7.32;79.9;0.331;12.4;0;0;0;0;0;0.835;74.5;0;24.7;0;0;0;0;0;44;40.5;42.5;37.9;8.11 ;8.06 ;9.36 ;7.4 ;
2017-09-01;16:08:38.440;0.0775;1.44;0.0539;0.762;11.3;30.8;0.631;0.26;0.000431;0.00117;0.861;0.363;2.63e+04;1.83e+04;2.12e+03;2.87;71.8;0.155;3.87;1.32e+03;7.08;69.1;3.45;20.4;0;4.6;0;0;0;163;31.6;0.09;1.41;0.0637;0.761;5.23;14;0.627;0.211;0.000685;0.00183; 39280;45;208;0.213;0.126;50;0.121;1.36;0.0887;0.762;4.06;9.98;0.593;0.282;0.000396;0.000973; 42160;22;171;0.151;0.08;52;0.0575;1.55;0.0372;0.762;1.66;4.34;0.619;0.292;0.000339;0.000889; 38240;35;35;0.393;0.127;53;0.0417;1.6;0.0262;0.762;0.388;2.43;0.84;0.359;0.000109;0.000685; 35040;4;17;0.105;0.0312;51;280;167;41.4;  1%;  0%;  0%;67.9;34.7;264;  0%;  0%;  1%;98.4;186;51.9;  0%;  0%;  0%;67.7;27.4;36.9;  0%;  0%;  0%;8.38;40.9;10.3;40.4;0;18.4;0;0;0;11.6;78.2;2.6;7.54;0;0;0;0;0;4.88;84.5;0.245;10.4;0;0;0;0;0;3.43;72.7;0.688;23.2;0;0;0;0;0;39.5;43;41.6;39.2;7.87 ;7.86 ;8.71 ;7.12 ;
2017-09-01;16:08:39.456;0.0779;1.38;0.0565;0.762;16.3;38.3;0.576;0.233;0.000612;0.00144;1.26;0.633;2.65e+04;1.93e+04;2.13e+03;2.75;68.9;0.156;3.89;1.88e+03;7.42;67;3.18;22.4;0;0;0;0;0;164;34;0.0973;1.43;0.068;0.762;5.44;15.4;0.646;0.21;0.000657;0.00186; 44960;51;193;0.29;0.141;50;0.0374;0.966;0.0387;0.762;1.56;3.38;0.539;0.245;0.000489;0.00106; 32720;8;63;0.168;0.0537;52;0.12;1.47;0.0817;0.762;6.82;13.7;0.501;0.233;0.000667;0.00134; 46080;169;148;0.642;0.377;53;0.0568;1.5;0.0378;0.762;2.44;5.9;0.587;0.279;0.000503;0.00122; 35680;21;106;0.16;0.0616;51;57.1;443;54.2;  0%;  2%;  0%;120;103;52.9;  0%;  0%;  0%;132;437;166;  0%;  2%;  0%;159;73;84.4;  0%;  0%;  0%;8.93;52.5;9.78;28.8;0;0;0;0;0;5.08;75.9;0.846;18.2;0;0;0;0;0;10.7;64.5;1.48;23.3;0;0;0;0;0;4.97;75.1;0.638;19.2;0;0;0;0;0;41.3;39.2;43.3;40.6;8.31 ;8.22 ;9.79 ;7.66 ;
2017-09-01;16:08:40.471;0.0766;1.46;0.0526;0.762;16.9;38.2;0.558;0.226;0.000646;0.00146;1.28;0.58;2.62e+04;1.8e+04;2.14e+03;2.91;72.8;0.153;3.83;1.98e+03;6.91;65;3.12;25;0;1.51;0;0;0;161;33.7;0.138;1.43;0.0967;0.762;8;20.1;0.601;0.21;0.000678;0.0017; 45600;67;308;0.313;0.185;50;0.0542;1.54;0.0352;0.762;1.83;4.22;0.566;0.291;0.000396;0.000912; 38560;12;74;0.179;0.0571;52;0.0762;1.47;0.0519;0.762;4.42;8.86;0.501;0.225;0.000679;0.00136; 37520;96;96;0.629;0.276;53;0.0376;1.42;0.0265;0.762;2.63;5.09;0.484;0.234;0.00082;0.00159; 35280;15;103;0.163;0.0611;51;154;383;200;  0%;  1%;  1%;103;33.6;147;  0%;  0%;  0%;104;408;110;  0%;  2%;  0%;93.8;40.9;202;  0%;  0%;  1%;12.7;52.5;10;24.8;0;6.05;0;0;0;4.61;63.8;0.175;31.4;0;0;0;0;0;6.81;69.9;1.71;21.6;0;0;0;0;0;3.48;73.7;0.581;22.3;0;0;0;0;0;42.9;37.8;41.4;39.3;8.31 ;8.25 ;9.55 ;7.6 ;
2017-09-01;16:08:41.474;0.0732;1.48;0.0496;0.762;14.2;32;0.555;0.245;0.000578;0.0013;1.08;0.457;2.46e+04;1.67e+04;2.09e+03;2.95;73.8;0.146;3.66;1.67e+03;6.51;70;2.57;20.9;0;0.229;0;0;0;160;32.6;0.114;1.44;0.0793;0.762;6.17;14.7;0.581;0.227;0.000644;0.00154; 38880;50;237;0.263;0.143;50;0.0804;1.46;0.0552;0.762;4.48;8.99;0.502;0.251;0.000664;0.00133; 34400;25;191;0.175;0.0869;52;0.0813;1.55;0.0525;0.762;2.65;6.38;0.585;0.28;0.000388;0.000935; 38400;60;66;0.512;0.187;53;0.0172;1.49;0.0115;0.762;0.926;1.86;0.503;0.223;0.000639;0.00129; 45200;9;35;0.129;0.0407;52;281;249;53.4;  1%;  1%;  0%;106;54.6;282;  0%;  0%;  1%;101;261;92.3;  0%;  1%;  0%;75.5;70.7;45.7;  0%;  0%;  0%;10.4;47.8;9.49;32.3;0;0.917;0;0;0;7.24;73.5;0.711;18.6;0;0;0;0;0;6.89;84.9;0.0279;8.22;0;0;0;0;0;1.51;73.8;0.046;24.6;0;0;0;0;0;40.5;39.6;42.3;37.7;8.11 ;8.06 ;9.12 ;7.34 ;
2017-09-01;16:08:42.486;0.0694;1.55;0.0449;0.762;7.85;24.6;0.681;0.273;0.000332;0.00104;0.651;0.332;2.37e+04;1.53e+04;2.14e+03;3.09;77.3;0.139;3.47;935;5.9;79.2;0.631;14.3;0;1.4;0;0;0;164;30.8;0.0605;1.49;0.0405;0.762;1.87;8.13;0.77;0.224;0.000362;0.00158; 38400;20;57;0.148;0.0613;50;0.0567;1.53;0.0371;0.762;2.06;5.26;0.607;0.302;0.000427;0.00109; 37600;13;83;0.105;0.0528;52;0.103;1.56;0.0662;0.762;3.3;8.04;0.59;0.26;0.000374;0.000912; 41920;77;82;0.31;0.185;53;0.0572;1.6;0.0358;0.762;0.622;3.18;0.805;0.358;0.000128;0.000654; 35520;6;26;0.0876;0.0333;52;51.3;138;36;  0%;  0%;  0%;162;18.1;40.7;  0%;  0%;  0%;137;158;65.7;  0%;  0%;  0%;48.5;51.3;27.5;  0%;  0%;  0%;5.31;67.4;1.4;25.8;0;5.6;0;0;0;4.87;79;0.217;15.9;0;0;0;0;0;8.69;88.1;0.0951;3.12;0;0;0;0;0;4.7;82.3;0.813;12.2;0;0;0;0;0;40.2;39.2;44.1;40.8;7.57 ;7.59 ;8.68 ;6.95 ;
2017-09-01;16:08:43.501;0.0777;1.51;0.0514;0.762;12.3;32.7;0.623;0.259;0.000465;0.00123;0.959;0.495;2.65e+04;1.75e+04;2.12e+03;3.02;75.5;0.155;3.89;1.4e+03;6.75;60.4;1.23;31.6;0;0;0;0;0;159;32.3;0.0606;1.43;0.0423;0.762;2.79;10.5;0.733;0.204;0.000542;0.00203; 38080;19;103;0.203;0.0815;50;0.0737;1.52;0.0485;0.762;3.52;7.08;0.502;0.257;0.000561;0.00113; 38000;21;135;0.152;0.0743;52;0.131;1.52;0.0868;0.762;5.69;12.4;0.541;0.264;0.000508;0.00111; 43360;135;145;0.49;0.308;53;0.0452;1.6;0.0282;0.762;0.321;2.76;0.883;0.398;8.34e-05;0.000715; 35120;2;17;0.114;0.0314;51;53.4;242;33.6;  0%;  1%;  0%;259;40.4;54.9;  1%;  0%;  0%;285;240;55.8;  1%;  1%;  0%;72.1;26.5;35.8;  0%;  0%;  0%;5.55;34.1;2.78;57.5;0;0;0;0;0;6.36;77.2;0.455;16;0;0;0;0;0;11.4;64.8;1.63;22.1;0;0;0;0;0;3.71;65.5;0.0695;30.7;0;0;0;0;0;37.1;39.9;43.3;38.6;7.84 ;7.96 ;9.2 ;7.29 ;
2017-09-01;16:08:44.516;0.077;1.49;0.0516;0.762;12.7;33.1;0.616;0.257;0.000484;0.00126;0.975;0.403;2.62e+04;1.76e+04;2.13e+03;2.99;74.6;0.154;3.85;1.52e+03;6.77;67.3;2.19;23.8;0;1.41;0;0;0;161;32.4;0.133;1.46;0.0909;0.762;6.01;17.3;0.653;0.238;0.000532;0.00153; 44960;55;222;0.24;0.142;50;0.0841;1.53;0.0551;0.762;3.27;7.36;0.556;0.27;0.000456;0.00103; 37280;17;133;0.155;0.071;51;0.0454;1.51;0.0301;0.762;1.82;4.2;0.567;0.269;0.00047;0.00109; 36720;44;41;0.451;0.142;53;0.0459;1.52;0.0303;0.762;1.61;4.23;0.619;0.292;0.000412;0.00108; 35440;16;53;0.129;0.0478;52;236;202;116;  1%;  1%;  0%;76.3;48.1;225;  0%;  0%;  1%;97.6;217;69.9;  0%;  1%;  0%;72.3;31.4;127;  0%;  0%;  0%;11.9;48;6.39;33.7;0;5.65;0;0;0;7.23;76.4;0.327;16.1;0;0;0;0;0;3.95;75.1;1.18;19.7;0;0;0;0;0;3.98;69.6;0.869;25.6;0;0;0;0;0;41.7;40.4;40.1;39;8.08 ;7.94 ;9 ;7.36 ;
2017-09-01;16:08:45.532;0.0725;1.46;0.0498;0.762;17;36.7;0.538;0.227;0.000686;0.00148;1.31;0.687;2.48e+04;1.7e+04;2.13e+03;2.91;72.8;0.145;3.62;1.94e+03;6.54;71.1;2.73;19.6;0;0.245;0;0;0;163;34.2;0.138;1.43;0.0964;0.762;8.34;20;0.584;0.22;0.00071;0.00171; 44320;74;297;0.323;0.198;50;0.0217;1.46;0.0149;0.762;1.3;2.55;0.493;0.218;0.000699;0.00138; 36240;4;52;0.169;0.0481;52;0.13;1.49;0.0875;0.762;7.29;14;0.478;0.238;0.000656;0.00126; 37360;179;168;0.677;0.412;53;0.000527;1.04;0.000509;0.762;0.0449;0.151;0.703;0.0939;0.000998;0.00336; 35280;1;2;0.143;0.0297;52;127;585;44.4;  0%;  2%;  0%;95;27.8;129;  0%;  0%;  0%;95.2;609;74.3;  0%;  3%;  0%;79.2;28.3;48.3;  0%;  0%;  0%;12.7;56.2;9.8;21.3;0;0.979;0;0;0;1.95;73;0.088;25;0;0;0;0;0;11.5;77.4;1.05;10.1;0;0;0;0;0;0.0668;77.9;0;22.1;0;0;0;0;0;43.5;37;44.9;37.8;8.43 ;8.3 ;9.94 ;7.57 ;
2017-09-01;16:08:46.547;0.0719;1.54;0.0468;0.762;7.79;25.1;0.69;0.295;0.000318;0.00103;0.637;0.312;2.45e+04;1.59e+04;2.13e+03;3.07;76.9;0.144;3.6;920;6.14;67.8;3.47;22.6;0;0;0;0;0;161;30.4;0.103;1.5;0.0688;0.762;3.38;11.4;0.705;0.277;0.000384;0.0013; 42080;34;125;0.157;0.0926;50;0.026;1.5;0.0173;0.762;1.14;2.62;0.564;0.253;0.000516;0.00118; 38240;8;45;0.0918;0.0375;52;0.138;1.58;0.0872;0.762;2.2;9.02;0.756;0.338;0.000187;0.000768; 36640;53;54;0.301;0.145;53;0.0207;1.5;0.0138;0.762;1.07;2.06;0.479;0.241;0.000609;0.00117; 35120;6;47;0.0868;0.0366;52;71.1;170;80.5;  0%;  0%;  0%;67.6;26.2;61.9;  0%;  0%;  0%;66.4;175;51.5;  0%;  0%;  0%;42.5;16.1;91.3;  0%;  0%;  0%;9.03;54.5;6.11;30.3;0;0;0;0;0;2.27;71;1.47;25.3;0;0;0;0;0;11.4;78.6;1.61;8.3;0;0;0;0;0;1.81;67;4.69;26.5;0;0;0;0;0;41;37.1;45;37.9;7.67 ;7.39 ;8.45 ;6.86 ;
2017-09-01;16:08:47.561;0.0807;1.38;0.0587;0.761;24;47.4;0.493;0.198;0.000873;0.00172;1.79;0.766;2.75e+04;2e+04;2.13e+03;2.75;68.8;0.161;4.04;2.8e+03;7.7;62.6;5.5;24.2;0;0.453;0;0;0;160;34.9;0.12;1.34;0.0895;0.76;8.49;18.7;0.546;0.197;0.000827;0.00182; 43920;67;307;0.412;0.203;50;0.00181;1.35;0.00134;0.762;0.0785;0.226;0.653;0.161;0.000508;0.00146; 31120;0;6;0.215;0.0378;52;0.0848;1.38;0.0613;0.762;6.93;12.7;0.453;0.192;0.000958;0.00175; 42800;159;153;0.893;0.387;53;0.116;1.41;0.0825;0.762;8.54;15.8;0.459;0.206;0.000864;0.0016; 42560;79;299;0.265;0.138;51;64;383;387;  0%;  1%;  1%;114;59.8;68;  0%;  0%;  0%;112;399;396;  0%;  2%;  2%;376;49.9;392;  1%;  0%;  2%;11.8;48.2;15.3;24.7;0;1.81;0;0;0;0.176;61.8;0;38;0;0;0;0;0;8.04;68.9;4.37;18.6;0;0;0;0;0;10.8;71.6;2.31;15.2;0;0;0;0;0;41.3;34.4;41.3;42.6;8.56 ;8.3 ;10.2 ;7.91 ;
2017-09-01;16:08:48.572;0.0774;1.47;0.0526;0.761;16.8;36.1;0.534;0.232;0.00064;0.00137;1.25;0.493;2.63e+04;1.79e+04;2.13e+03;2.94;73.5;0.155;3.87;1.98e+03;6.91;60.3;1.32;31.5;0;13.1;0;0;0;158;33.6;0.0479;1.38;0.0346;0.759;2.85;9.04;0.685;0.174;0.000699;0.00222; 38400;20;110;0.254;0.0793;50;0.114;1.48;0.0771;0.762;6.63;12.4;0.467;0.233;0.000684;0.00128; 31840;36;263;0.215;0.116;52;0.0624;1.49;0.0419;0.762;3.33;6.31;0.473;0.253;0.000628;0.00119; 39040;78;90;0.602;0.22;53;0.085;1.49;0.0569;0.762;4;8.29;0.517;0.27;0.000554;0.00115; 45360;40;153;0.175;0.0774;51;204;104;81.2;  1%;  0%;  0%;227;186;211;  1%;  0%;  1%;243;118;183;  1%;  0%;  0%;175;193;58.9;  0%;  0%;  0%;4.57;24.3;3.83;67.3;0;52.3;0;0;0;10.1;81.7;0.244;7.95;0;0;0;0;0;5.5;67.6;0.716;26.2;0;0;0;0;0;7.47;67.6;0.485;24.5;0;0;0;0;0;35.2;42.2;40.1;40.8;8.02 ;8.44 ;9.45 ;7.71 ;
2017-09-01;16:08:49.584;0.0638;1.52;0.0419;0.762;8.14;24.5;0.668;0.277;0.000375;0.00113;0.646;0.298;2.17e+04;1.42e+04;2.12e+03;3.05;76.2;0.128;3.19;949;5.5;66.8;1.09;26.7;0;6.39;0;0;0;158;30.2;0.0506;1.45;0.0349;0.761;2.19;8.39;0.739;0.215;0.000509;0.00195; 38160;23;77;0.139;0.0618;50;0.0822;1.55;0.0531;0.762;2.12;6.36;0.666;0.317;0.000304;0.00091; 32800;14;96;0.105;0.0524;51;0.054;1.53;0.0353;0.762;2.24;4.82;0.536;0.253;0.000487;0.00105; 46640;49;47;0.306;0.139;53;0.0685;1.55;0.0442;0.762;1.59;4.97;0.68;0.337;0.000273;0.000853; 36080;15;71;0.0961;0.0454;51;48.1;136;54.9;  0%;  0%;  0%;93.7;79.6;47.3;  0%;  0%;  0%;85.1;158;52.3;  0%;  0%;  0%;56.4;96.3;41.1;  0%;  0%;  0%;4.59;51.8;2.31;41.3;0;25.6;0;0;0;6.97;79;1.47;12.6;0;0;0;0;0;4.63;62.6;0.225;32.5;0;0;0;0;0;5.81;73.6;0.369;20.3;0;0;0;0;0;38.2;40.5;39.2;40.5;7.37 ;7.53 ;8.43 ;6.85 ;
2017-09-01;16:08:50.601;0.0724;1.49;0.0486;0.762;12.5;31.3;0.601;0.26;0.000505;0.00127;0.961;0.416;2.47e+04;1.66e+04;2.13e+03;2.98;74.5;0.145;3.62;1.48e+03;6.38;64.4;2.55;26.7;0;0.00036;0;0;0;160;32.6;0.0778;1.43;0.0542;0.761;4.27;11.6;0.633;0.214;0.000644;0.00175; 44320;39;169;0.22;0.112;50;0.103;1.53;0.0676;0.762;3.37;8.89;0.621;0.305;0.000382;0.00101; 39760;21;141;0.158;0.0739;52;0.0531;1.5;0.0354;0.762;2.39;5.1;0.531;0.274;0.000528;0.00112; 37600;55;59;0.449;0.17;53;0.0554;1.49;0.0371;0.762;2.44;5.66;0.569;0.261;0.000516;0.0012; 36480;23;87;0.134;0.0593;51;126;234;76.1;  0%;  1%;  0%;71.7;145;127;  0%;  0%;  0%;89.1;245;72.8;  0%;  1%;  0%;66.5;154;69.8;  0%;  0%;  0%;7.12;64.8;4.62;23.5;0;0.00144;0;0;0;8.87;68;1.67;21.5;0;0;0;0;0;4.64;64.3;0.708;30.3;0;0;0;0;0;4.87;60.5;3.19;31.4;0;0;0;0;0;41.1;40.5;39.3;39;7.97 ;8.13 ;9.16 ;7.33 ;
2017-09-01;16:08:51.613;0.0751;1.51;0.0498;0.762;11.1;28.8;0.613;0.276;0.000436;0.00113;0.87;0.372;2.56e+04;1.69e+04;2.13e+03;3.02;75.4;0.15;3.75;1.33e+03;6.54;59.5;2.28;31.7;0;0;0;0;0;158;31.7;0.106;1.53;0.0693;0.762;2.49;9.84;0.747;0.295;0.000277;0.00109; 38160;25;87;0.191;0.0756;50;0.0579;1.53;0.0379;0.762;1.84;4.84;0.619;0.288;0.000374;0.000982; 39600;9;79;0.129;0.052;52;0.0488;1.48;0.033;0.762;2.44;5.13;0.524;0.265;0.000588;0.00123; 37280;55;55;0.414;0.166;53;0.0878;1.49;0.0589;0.762;4.36;8.95;0.513;0.255;0.000584;0.0012; 45040;37;162;0.136;0.0791;51;47.8;131;122;  0%;  0%;  0%;59.6;140;37.6;  0%;  0%;  0%;77.4;134;171;  0%;  0%;  0%;165;119;124;  0%;  0%;  0%;9.1;41;6.95;43;0;0;0;0;0;4.97;71.1;0.0956;23.8;0;0;0;0;0;4.33;51.5;0.929;43.2;0;0;0;0;0;7.74;74.4;1.15;16.7;0;0;0;0;0;39.5;38.5;37.9;41.9;7.83 ;7.74 ;8.86 ;7.27 ;
2017-09-01;16:08:52.630;0.0759;1.37;0.0556;0.762;22.9;46.8;0.51;0.19;0.000885;0.00181;1.72;0.754;2.59e+04;1.89e+04;2.13e+03;2.73;68.3;0.152;3.8;2.68e+03;7.29;63.5;5.04;24.2;0;0.33;0;0;0;159;35.2;0.106;1.32;0.0806;0.761;8.06;18.8;0.571;0.187;0.000892;0.00208; 41680;54;309;0.391;0.196;50;0.00222;1.25;0.00177;0.762;0.159;0.706;0.774;0.0779;0.000842;0.00373; 31840;1;6;0.207;0.0365;52;0.0916;1.39;0.0659;0.762;7.03;13.2;0.466;0.197;0.0009;0.00168; 43200;150;174;0.864;0.394;53;0.104;1.41;0.0739;0.762;7.66;14.1;0.457;0.191;0.000865;0.00159; 42400;70;275;0.253;0.128;51;59.7;397;347;  0%;  2%;  1%;110;51.4;71.4;  0%;  0%;  0%;104;415;373;  0%;  2%;  1%;358;46.3;347;  1%;  0%;  1%;10.6;49.7;14.4;25.3;0;1.32;0;0;0;0.232;65.6;0;34.1;0;0;0;0;0;8.65;65.4;2.78;23.1;0;0;0;0;0;9.7;73;2.98;14.3;0;0;0;0;0;40.9;34.6;41.4;41.8;8.69 ;8.35 ;10.3 ;7.86 ;
2017-09-01;16:08:53.649;0.0756;1.39;0.0543;0.762;19;41.9;0.547;0.213;0.000732;0.00162;1.41;0.621;2.59e+04;1.86e+04;2.13e+03;2.78;69.6;0.151;3.78;2.19e+03;7.14;62.9;4.78;25.2;0;0.737;0;0;0;159;33.8;0.109;1.34;0.0808;0.761;7.43;18.1;0.59;0.196;0.0008;0.00195; 46080;67;266;0.329;0.178;50;0.0744;1.52;0.0489;0.762;2.5;6.72;0.628;0.288;0.000391;0.00105; 38000;16;103;0.197;0.0672;52;0.0689;1.36;0.0505;0.762;5.12;9.95;0.485;0.205;0.000867;0.00168; 37680;111;122;0.692;0.296;53;0.0507;1.36;0.0372;0.762;3.93;7.16;0.452;0.187;0.000904;0.00165; 37680;23;122;0.194;0.0791;51;199;326;178;  1%;  1%;  0%;98.8;38.4;214;  0%;  0%;  1%;112;343;238;  0%;  1%;  1%;225;44.6;174;  1%;  0%;  0%;10.6;45.5;12.4;31.5;0;2.95;0;0;0;6.42;75.9;0.284;17.4;0;0;0;0;0;6.63;64.3;2.36;26.7;0;0;0;0;0;4.88;65.9;4.08;25.1;0;0;0;0;0;40.5;39.4;39.9;38.8;8.3 ;8.25 ;9.67 ;7.62 ;
2017-09-01;16:08:54.662;0.0757;1.5;0.0503;0.762;10.4;29.1;0.642;0.282;0.000404;0.00113;0.816;0.37;2.58e+04;1.71e+04;2.14e+03;3.01;75.2;0.151;3.78;1.22e+03;6.6;59.2;2.32;31.8;0;0;0;0;0;158;31.1;0.141;1.49;0.0947;0.762;5.08;15.4;0.67;0.27;0.000421;0.00128; 48240;47;182;0.199;0.124;50;0.0632;1.52;0.0415;0.762;2.06;5.29;0.61;0.314;0.000383;0.000982; 31440;9;81;0.127;0.0538;52;0.0535;1.46;0.0365;0.762;2.31;4.94;0.531;0.261;0.000508;0.00108; 37920;48;46;0.383;0.154;53;0.0445;1.56;0.0285;0.762;0.964;3.49;0.724;0.307;0.000254;0.00092; 38080;6;40;0.106;0.0374;51;164;219;81.1;  0%;  1%;  0%;56.5;28;158;  0%;  0%;  0%;71.4;228;53.9;  0%;  1%;  0%;60.7;21.9;81.1;  0%;  0%;  0%;12.4;55.5;6.07;26;0;0;0;0;0;5.44;53.8;1.06;39.7;0;0;0;0;0;4.79;71.7;0.664;22.8;0;0;0;0;0;3.74;55.9;1.5;38.8;0;0;0;0;0;42.9;37.1;40.3;37.7;7.78 ;7.7 ;8.63 ;7.02 ;
2017-09-01;16:08:55.673;0.0742;1.46;0.0509;0.762;15.8;35.7;0.557;0.237;0.000626;0.00141;1.19;0.473;2.52e+04;1.73e+04;2.12e+03;2.92;73;0.148;3.71;1.89e+03;6.68;65.6;2.57;25.2;0;0;0;0;0;160;33.3;0.133;1.43;0.093;0.762;7.47;18.4;0.594;0.22;0.000661;0.00163; 45040;67;283;0.301;0.181;50;0.0944;1.48;0.0639;0.762;4.95;10.1;0.508;0.255;0.000618;0.00126; 39360;33;203;0.196;0.0968;52;0.0467;1.53;0.0305;0.762;1.72;4.01;0.569;0.285;0.000435;0.00101; 37440;39;38;0.548;0.146;53;0.0227;1.41;0.0161;0.762;1.64;3.19;0.485;0.21;0.000851;0.00165; 36960;18;57;0.15;0.0493;51;349;209;138;  1%;  1%;  0%;112;45.8;339;  0%;  0%;  1%;116;243;80.8;  0%;  1%;  0%;77;47.5;136;  0%;  0%;  0%;12.2;53.4;9.16;25.3;0;0;0;0;0;8.39;72.3;0.576;18.7;0;0;0;0;0;4;75.6;0.0955;20.3;0;0;0;0;0;2.11;61.1;0.442;36.3;0;0;0;0;0;42.5;40.3;40;37.2;8.33 ;8.24 ;9.2 ;7.48 ;
2017-09-01;16:08:56.686;0.0738;1.51;0.0489;0.762;11;29.5;0.626;0.268;0.00044;0.00118;0.855;0.386;2.51e+04;1.66e+04;2.12e+03;3.02;75.5;0.148;3.69;1.29e+03;6.42;65.6;2.11;25.8;0;3.23;0;0;0;160;31.6;0.0897;1.48;0.0606;0.761;3.39;11.2;0.696;0.255;0.000445;0.00147; 44880;36;125;0.197;0.092;50;0.0354;1.51;0.0235;0.762;1.4;3.34;0.58;0.279;0.000465;0.00111; 32080;6;64;0.12;0.0436;52;0.108;1.55;0.0696;0.762;2.92;8.46;0.655;0.301;0.000318;0.00092; 42800;61;74;0.41;0.184;53;0.0622;1.49;0.0419;0.762;3.33;6.58;0.494;0.237;0.000629;0.00124; 37520;30;128;0.129;0.0666;51;42.3;191;121;  0%;  0%;  0%;59.4;98.2;50.4;  0%;  0%;  0%;76.8;188;129;  0%;  0%;  0%;135;79;121;  0%;  0%;  0%;7.96;39.6;7.11;45.3;0;12.9;0;0;0;3.09;67.9;0.326;28.7;0;0;0;0;0;9.13;80.5;0.442;9.97;0;0;0;0;0;5.49;74.5;0.566;19.4;0;0;0;0;0;39;37.1;43.7;40.5;7.79 ;7.69 ;8.84 ;7.23 ;
2017-09-01;16:08:57.701;0.0794;1.5;0.053;0.762;13.6;34.7;0.607;0.253;0.000504;0.00128;1.06;0.547;2.71e+04;1.81e+04;2.13e+03;3;74.9;0.159;3.97;1.56e+03;6.95;66.6;1.78;24.6;0;0;0;0;0;162;32.5;0.0716;1.46;0.0492;0.762;2.92;10.8;0.729;0.227;0.000478;0.00177; 45360;21;110;0.222;0.087;50;0.0345;1.49;0.0231;0.762;2.09;3.95;0.471;0.209;0.000711;0.00134; 31680;12;88;0.15;0.0561;52;0.154;1.51;0.102;0.762;6.36;14.8;0.57;0.274;0.000484;0.00113; 43680;152;139;0.547;0.349;53;0.0573;1.52;0.0376;0.762;2.27;5.14;0.558;0.276;0.000465;0.00105; 37120;27;77;0.142;0.0554;51;44.1;248;54.8;  0%;  1%;  0%;196;28.2;52.2;  1%;  0%;  0%;207;245;204;  1%;  1%;  1%;197;28.1;55.2;  1%;  0%;  0%;6.46;65.4;3.66;24.4;0;0;0;0;0;3.03;72.5;0.465;24;0;0;0;0;0;13.4;69.3;2.25;15.1;0;0;0;0;0;4.94;59.3;0.734;35;0;0;0;0;0;40.4;37.7;45.1;38.6;7.84 ;7.96 ;9.36 ;7.33 ;
2017-09-01;16:08:58.717;0.0787;1.46;0.0538;0.762;16.1;35.7;0.55;0.244;0.000598;0.00133;1.24;0.632;2.69e+04;1.83e+04;2.13e+03;2.93;73.2;0.157;3.94;1.84e+03;7.06;63.8;3.34;25.8;0;0;0;0;0;162;33.7;0.102;1.44;0.0713;0.761;5.83;14.4;0.596;0.218;0.000669;0.00166; 43840;51;209;0.287;0.145;50;6.59e-05;0.281;0.000234;0.762;0.0193;0.0883;0.781;0.0843;0.00345;0.0157; 31040;0;2;0.151;0.0307;52;0.119;1.47;0.0811;0.762;6.94;13.2;0.474;0.24;0.000681;0.00129; 44960;152;153;0.632;0.384;53;0.0932;1.49;0.0625;0.762;3.28;7.96;0.588;0.294;0.000412;0.001; 38080;29;130;0.17;0.0727;51;43.8;416;116;  0%;  2%;  0%;77.8;32;46.5;  0%;  0%;  0%;74.1;426;240;  0%;  2%;  1%;226;29.6;115;  1%;  0%;  0%;9.37;40.7;7.93;42;0;0;0;0;0;0.0308;70;0;29.9;0;0;0;0;0;10.6;72.3;3.12;14;0;0;0;0;0;8.2;72.3;2.32;17.2;0;0;0;0;0;40;35.9;43.9;42.1;8.21 ;8.1 ;9.72 ;7.65 ;
2017-09-01;16:08:59.736;0.07;1.48;0.0473;0.762;13.7;32.7;0.581;0.245;0.00057;0.00136;1.04;0.494;2.4e+04;1.62e+04;2.14e+03;2.96;73.9;0.14;3.5;1.56e+03;6.22;58.7;4.24;30.8;0;7.76;0;0;0;158;32.6;0.11;1.49;0.0738;0.761;3.97;13.4;0.704;0.254;0.000421;0.00142; 46800;35;151;0.223;0.0975;50;0.0413;1.5;0.0276;0.762;1.9;4.27;0.554;0.254;0.000538;0.00121; 32080;10;87;0.147;0.0529;52;0.0818;1.47;0.0556;0.762;4.81;9.35;0.485;0.242;0.000687;0.00133; 37920;114;115;0.518;0.279;52;0.047;1.45;0.0323;0.762;2.99;5.65;0.47;0.222;0.000745;0.00141; 37280;27;115;0.147;0.0654;51;57.9;293;52;  0%;  1%;  0%;89.5;125;45.3;  0%;  0%;  0%;91.8;316;161;  0%;  1%;  0%;158;110;60.4;  0%;  0%;  0%;9.7;38.4;6.22;45.6;0;31;0;0;0;3.62;65.7;6.24;24.4;0;0;0;0;0;7.3;73;3.56;16.2;0;0;0;0;0;4.25;57.7;0.939;37.1;0;0;0;0;0;40;37.8;42.3;38.4;7.9 ;7.92 ;9.43 ;7.33 ;
2017-09-01;16:09:00.753;0.0783;1.49;0.0527;0.762;13.7;34.2;0.599;0.251;0.000513;0.00128;1.05;0.44;2.67e+04;1.8e+04;2.13e+03;2.97;74.3;0.157;3.91;1.64e+03;6.92;61.4;1.63;30.1;0;0.022;0;0;0;159;32.3;0.109;1.48;0.0736;0.762;3.67;13.4;0.725;0.245;0.000395;0.00144; 43680;31;139;0.237;0.105;50;0.101;1.52;0.0665;0.762;3.69;8.95;0.588;0.284;0.000426;0.00104; 39200;25;152;0.167;0.0779;52;0.0466;1.48;0.0315;0.762;2.8;4.98;0.437;0.218;0.000705;0.00125; 37920;70;68;0.494;0.185;53;0.0563;1.44;0.0391;0.762;3.54;6.89;0.486;0.239;0.000736;0.00143; 37360;36;137;0.154;0.0727;51;215;94.3;114;  1%;  0%;  0%;118;54.8;212;  0%;  0%;  1%;131;103;224;  0%;  0%;  1%;217;58.4;97.8;  1%;  0%;  0%;9.67;47.2;5.01;38.1;0;0.0881;0;0;0;8.73;71.8;0.54;18.9;0;0;0;0;0;4.14;72.7;0.519;22.6;0;0;0;0;0;5.13;53.8;0.46;40.6;0;0;0;0;0;40.5;40.7;39.9;38;7.86 ;8.09 ;9.04 ;7.29 ;
2017-09-01;16:09:01.775;0.0753;1.51;0.05;0.762;11.7;30.9;0.621;0.269;0.000455;0.0012;0.914;0.389;2.58e+04;1.71e+04;2.14e+03;3.01;75.3;0.151;3.76;1.4e+03;6.56;56.3;2.7;34.4;0;0;0;0;0;158;32;0.0719;1.5;0.048;0.762;2.14;8.97;0.761;0.254;0.000348;0.00146; 48160;19;78;0.195;0.0711;50;0.0447;1.49;0.03;0.762;2.43;4.72;0.486;0.234;0.000634;0.00123; 31440;11;102;0.135;0.0585;52;0.0591;1.49;0.0397;0.762;2.62;5.88;0.555;0.283;0.000518;0.00116; 37280;59;52;0.433;0.175;53;0.125;1.53;0.0822;0.762;4.54;11.4;0.601;0.287;0.000422;0.00106; 41680;45;169;0.151;0.0841;51;38.6;93.9;147;  0%;  0%;  0%;113;116;63;  0%;  0%;  0%;133;86.1;183;  0%;  0%;  0%;175;116;133;  0%;  0%;  0%;6.31;38.9;8.01;46.8;0;0;0;0;0;3.93;59.2;0.473;36.4;0;0;0;0;0;5.21;61.4;1.27;32.2;0;0;0;0;0;10.8;65.8;1.07;22.3;0;0;0;0;0;38.3;37;39.7;42.8;7.85 ;7.82 ;8.98 ;7.36 ;
2017-09-01;16:09:02.791;0.077;1.4;0.055;0.761;20.2;42;0.52;0.214;0.000766;0.00159;1.52;0.719;2.64e+04;1.88e+04;2.15e+03;2.8;70;0.154;3.85;2.31e+03;7.22;61;5.19;26.6;0;0.481;0;0;0;158;34.6;0.115;1.37;0.0841;0.76;7.15;17.4;0.589;0.215;0.000723;0.00176; 45840;67;255;0.348;0.176;50;0.0002;0.642;0.000312;0.762;0.0442;0.12;0.632;0.0749;0.00258;0.00701; 30800;0;3;0.183;0.0335;52;0.114;1.44;0.0797;0.762;7.63;13.9;0.45;0.208;0.000779;0.00142; 43200;171;168;0.777;0.412;53;0.0779;1.4;0.0557;0.762;5.37;10.7;0.496;0.224;0.000807;0.0016; 37760;51;184;0.208;0.0972;51;52.8;440;216;  0%;  2%;  1%;93.6;42.4;58.2;  0%;  0%;  0%;91.3;456;310;  0%;  2%;  1%;306;37.7;209;  1%;  0%;  1%;11.1;50.9;13.3;24.7;0;1.92;0;0;0;0.041;64;0;36;0;0;0;0;0;10.5;71.7;3.94;13.9;0;0;0;0;0;7.32;57.4;3.52;31.8;0;0;0;0;0;41.2;34.5;42.9;39.2;8.5 ;8.27 ;10.1 ;7.77 ;
2017-09-01;16:09:03.802;0.0712;1.49;0.0477;0.762;11.7;30.7;0.62;0.26;0.000482;0.00127;0.905;0.389;2.42e+04;1.62e+04;2.13e+03;2.98;74.6;0.142;3.56;1.38e+03;6.26;69.3;2.02;22.4;0;0.0637;0;0;0;160;31.9;0.137;1.47;0.0931;0.762;5.54;16.9;0.673;0.256;0.000476;0.00146; 43760;53;208;0.229;0.14;50;0.0372;1.52;0.0244;0.762;1.71;3.5;0.511;0.231;0.000541;0.00111; 36560;13;64;0.129;0.0503;52;0.0492;1.53;0.0322;0.762;2.16;4.15;0.48;0.252;0.000517;0.000994; 37040;50;51;0.422;0.145;53;0.0616;1.5;0.0412;0.762;2.25;6.13;0.633;0.292;0.000429;0.00117; 37440;22;88;0.124;0.0543;51;147;211;153;  0%;  1%;  0%;62.1;42.7;132;  0%;  0%;  0%;72.7;223;74.9;  0%;  1%;  0%;68.6;26;172;  0%;  0%;  0%;12.2;59.3;6.83;21.7;0;0.255;0;0;0;3.21;75.1;0.0259;21.7;0;0;0;0;0;4.22;78.7;0.369;16.7;0;0;0;0;0;5.4;64.4;0.847;29.4;0;0;0;0;0;42.9;37.9;40.4;39.2;7.97 ;7.87 ;8.78 ;7.31 ;