System;;;;;;;;;;;;;;;;;;;;;;System Core C-States;;;;;System Pack C-States;;;;;;Socket0;;;;;;;;;;;;;;;;Socket1;;;;;;;;;;;;;;;;Socket2;;;;;;;;;;;;;;;;Socket3;;;;;;;;;;;;;;;;SKT0trafficOut;;;SKT0trafficOut (percent);;;SKT1trafficOut;;;SKT1trafficOut (percent);;;SKT2trafficOut;;;SKT2trafficOut (percent);;;SKT3trafficOut;;;SKT3trafficOut (percent);;;SKT0 Core C-State;;;;;SKT0 Package C-State;;;;SKT1 Core C-State;;;;;SKT1 Package C-State;;;;SKT2 Core C-State;;;;;SKT2 Package C-State;;;;SKT3 Core C-State;;;;;SKT3 Package C-State;;;;Proc Energy (Joules);;;;DRAM Energy (Joules);;;;
Date;Time;EXEC;IPC;FREQ;AFREQ;L3MISS;L2MISS;L3HIT;L2HIT;L3MPI;L2MPI;READ;WRITE;INST;ACYC;TIME(ticks);PhysIPC;PhysIPC%;INSTnom;INSTnom%;TotalQPIout;C0res%;C1res%;C3res%;C6res%;C7res%;C2res%;C3res%;C6res%;C7res%;Proc Energy (Joules);DRAM Energy (Joules);EXEC;IPC;FREQ;AFREQ;L3MISS;L2MISS;L3HIT;L2HIT;L3MPI;L2MPI;L3OCC;LMB;RMB;READ;WRITE;TEMP;EXEC;IPC;FREQ;AFREQ;L3MISS;L2MISS;L3HIT;L2HIT;L3MPI;L2MPI;L3OCC;LMB;RMB;READ;WRITE;TEMP;EXEC;IPC;FREQ;AFREQ;L3MISS;L2MISS;L3HIT;L2HIT;L3MPI;L2MPI;L3OCC;LMB;RMB;READ;WRITE;TEMP;EXEC;IPC;FREQ;AFREQ;L3MISS;L2MISS;L3HIT;L2HIT;L3MPI;L2MPI;L3OCC;LMB;RMB;READ;WRITE;TEMP;QPI0;QPI1;QPI2;QPI0;QPI1;QPI2;QPI0;QPI1;QPI2;QPI0;QPI1;QPI2;QPI0;QPI1;QPI2;QPI0;QPI1;QPI2;QPI0;QPI1;QPI2;QPI0;QPI1;QPI2;C0res%;C1res%;C3res%;C6res%;C7res%;C2res%;C3res%;C6res%;C7res%;C0res%;C1res%;C3res%;C6res%;C7res%;C2res%;C3res%;C6res%;C7res%;C0res%;C1res%;C3res%;C6res%;C7res%;C2res%;C3res%;C6res%;C7res%;C0res%;C1res%;C3res%;C6res%;C7res%;C2res%;C3res%;C6res%;C7res%;SKT0;SKT1;SKT2;SKT3;SKT0;SKT1;SKT2;SKT3;
2017-09-04;06:39:16.384;0.015;1.39;0.0108;0.614;3.92;12.2;0.68;0.356;0.000764;0.00239;0.38;0.264;5.13e+03;3.68e+03;2.13e+03;2.79;69.7;0.03;0.75;578;1.75;19;0.0761;79.2;0;15.2;0;0;0;122;32.5;0.00443;0.422;0.0105;0.61;1.36;4.63;0.705;0.256;0.00361;0.0123; 42560;40;116;0.0808;0.0529;49;0.00729;0.645;0.0113;0.614;1.43;4.62;0.69;0.461;0.0023;0.00742; 42720;26;152;0.0901;0.0591;49;0.00215;0.381;0.00564;0.609;1.05;2.84;0.632;0.282;0.00571;0.0155; 29920;52;50;0.13;0.106;51;0.0462;2.95;0.0157;0.619;0.0745;0.147;0.492;0.439;1.89e-05;3.72e-05;  6320;3;1;0.0794;0.0464;50;80.3;61.3;19.6;  0%;  0%;  0%;99.4;19.6;43.8;  0%;  0%;  0%;67.8;98.9;33.8;  0%;  0%;  0%;20.2;16.3;16.6;  0%;  0%;  0%;1.72;14.7;0.144;83.4;0;19.6;0;0;0;1.84;14.6;0.148;83.4;0;22.4;0;0;0;0.926;16.5;0.0127;82.5;0;19;0;0;0;2.53;30.2;0;67.3;0;0;0;0;0;30.3;29;30;32.3;8.12 ;8.23 ;8.47 ;7.66 ;
2017-09-04;06:39:17.712;0.0332;0.0872;0.381;0.619;271;278;0.0268;0.0178;0.0196;0.0201;52.7;92.2;1.38e+04;1.59e+05;2.14e+03;0.174;4.36;0.0664;1.66;1.03e+05;61.5;16;0.0885;22.4;0;4.63;0;0;0;402;148;0.0365;0.0649;0.563;0.619;77.5;78.8;0.0158;0.0131;0.0215;0.0219; 51440;7086;21316;12.9;22.6;44;0.0388;0.0698;0.556;0.619;92.6;93.5;0.0105;0.0106;0.0231;0.0233; 45360;8239;24861;12.8;22.2;46;0.0396;0.094;0.421;0.619;100;101;0.0118;0.013;0.0237;0.024; 46160;7746;24842;12.5;22.1;46;0.0185;2.15;0.00861;0.618;0.487;4.52;0.892;0.268;0.000243;0.00225; 31920;26;5;14.5;25.3;48;1.09e+04;1.09e+04;6.94e+03; 45%; 45%; 29%;1.14e+04;7.64e+03;1.12e+04; 47%; 32%; 46%;1.14e+04;1.1e+04;7.57e+03; 47%; 46%; 31%;4.93e+03;4.96e+03;4.51e+03; 20%; 20%; 18%;90.9;2.77;0.0109;6.33;0;0;0;0;0;89.8;3.04;0.000425;7.2;0;4.49;0;0;0;67.9;23.4;0;8.66;0;0;0;0;0;1.39;33.3;0.33;65;0;13.6;0;0;0;108;106;113;74.9;36.6 ;36.8 ;37.5 ;37.5 ;
2017-09-04;06:39:18.419;0.0302;0.0638;0.474;0.619;178;181;0.0178;0.0225;0.0222;0.0226;28;52;7.99e+03;1.25e+05;2.09e+03;0.128;3.19;0.0605;1.51;5.32e+04;76.6;10.3;0.12;13;0;0;0;0;0;214;81.6;0.0355;0.0573;0.619;0.619;57.5;58.2;0.0116;0.0136;0.0228;0.023; 48480;5112;15412;6.86;12.5;45;0.0397;0.0642;0.619;0.619;61.2;61.8;0.00917;0.00975;0.0231;0.0233; 50560;5397;16382;6.78;12.4;46;0.0398;0.0643;0.619;0.619;58.3;58.9;0.00918;0.00984;0.023;0.0232; 49680;5104;15617;6.71;12.5;47;0.00438;0.731;0.00599;0.619;0.474;1.91;0.752;0.532;0.00174;0.00699; 41760;25;2;7.65;14.6;48;5.63e+03;5.65e+03;3.42e+03; 37%; 37%; 22%;6.1e+03;3.81e+03;5.79e+03; 40%; 25%; 38%;6.1e+03;5.83e+03;3.83e+03; 40%; 38%; 25%;2.44e+03;2.42e+03;2.19e+03; 16%; 16%; 14%;100;0.0419;0;0;0;0;0;0;0;99.9;0.0597;0;0;0;0;0;0;0;99.9;0.0601;0;0;0;0;0;0;0;0.968;43.5;0.51;55;0;0;0;0;0;57.9;55.9;60.1;40.2;20 ;20.2 ;20.6 ;20.9 ;
2017-09-04;06:39:19.453;0.0278;0.06;0.463;0.619;221;225;0.0173;0.0139;0.0229;0.0233;39.5;75;9.67e+03;1.61e+05;2.17e+03;0.12;3;0.0556;1.39;7.42e+04;74.8;10.4;0.105;14.6;0;0;0;0;0;301;118;0.0336;0.0543;0.619;0.619;67.2;68;0.012;0.0127;0.023;0.0233; 53120;5942;17879;9.69;18.2;45;0.0378;0.0612;0.619;0.619;76.3;77.1;0.0095;0.00973;0.0232;0.0234; 46240;6676;20414;9.57;17.7;46;0.0382;0.0624;0.613;0.619;77.1;77.9;0.01;0.00986;0.0232;0.0234; 56800;6692;20397;9.46;17.7;46;0.00156;0.529;0.00295;0.619;0.267;1.81;0.853;0.293;0.00197;0.0134; 43920;11;1;10.8;21.5;48;7.95e+03;7.95e+03;4.67e+03; 40%; 40%; 23%;8.51e+03;5.28e+03;8.18e+03; 42%; 26%; 41%;8.5e+03;8.17e+03;5.32e+03; 42%; 41%; 26%;3.36e+03;3.32e+03;2.96e+03; 16%; 16%; 14%;99.9;0.0669;0;0;0;0;0;0;0;99.9;0.0658;0;0;0;0;0;0;0;99;1.01;0;0;0;0;0;0;0;0.477;40.5;0.42;58.6;0;0;0;0;0;82;78.4;83.3;57;29.1 ;29.1 ;29.7 ;30.5 ;
2017-09-04;06:39:20.468;0.0296;0.0906;0.327;0.619;228;232;0.0155;0.0273;0.0224;0.0228;36.8;70.6;1.02e+04;1.12e+05;2.17e+03;0.181;4.53;0.0593;1.48;6.99e+04;52.8;17;0.111;30.1;0;0;0;0;0;281;114;0.0515;0.0861;0.599;0.619;110;111;0.00827;0.011;0.0248;0.025; 56000;8814;26609;8.24;15.3;44;0.0332;0.0782;0.424;0.619;65;66;0.0149;0.0097;0.0228;0.0231; 51760;5201;16194;9.1;17.1;47;0.0281;0.102;0.276;0.619;52.1;52.8;0.014;0.0112;0.0216;0.0219; 51520;3952;12978;9.06;17.6;46;0.00549;0.828;0.00664;0.619;0.871;1.82;0.521;0.689;0.00185;0.00386; 50240;71;63;10.4;20.6;48;9.45e+03;8.87e+03;6.99e+03; 48%; 45%; 35%;5.92e+03;4.18e+03;8.43e+03; 30%; 21%; 42%;5.73e+03;7.62e+03;3.47e+03; 29%; 38%; 17%;2.18e+03;2.67e+03;4.42e+03; 11%; 13%; 22%;96.7;2.07;0;1.22;0;0;0;0;0;68.6;6.92;0.000413;24.5;0;0;0;0;0;44.6;20;0;35.4;0;0;0;0;0;1.07;39.1;0.443;59.4;0;0;0;0;0;81.2;71.5;71.5;56.6;26.5 ;28.2 ;29.4 ;29.4 ;
2017-09-04;06:39:21.487;0.634;1.44;0.439;0.619;200;206;0.031;0.0511;0.000922;0.000951;13.1;22.8;2.17e+05;1.5e+05;2.13e+03;2.89;72.2;1.27;31.7;2.67e+04;71;5.59;0.119;23.3;0;1.26;0;0;0;212;73.1;0.836;1.43;0.585;0.619;68.4;70.2;0.0258;0.0356;0.000958;0.000983; 52320;2146;6459;3.23;5.34;47;0.838;1.45;0.579;0.619;65.2;66.8;0.0231;0.0337;0.00091;0.000932; 52400;1905;5656;3.29;5.47;47;0.841;1.44;0.583;0.619;65.4;66.9;0.022;0.0338;0.00091;0.000931; 50720;1893;5701;3.28;5.45;49;0.022;2.12;0.0104;0.619;0.817;2.38;0.656;0.618;0.000435;0.00127; 48800;79;66;3.31;6.53;49;3.04e+03;3.03e+03;1.59e+03; 15%; 15%;  8%;2.88e+03;1.44e+03;2.96e+03; 14%;  7%; 15%;2.89e+03;2.96e+03;1.46e+03; 14%; 15%;  7%;1.47e+03;1.45e+03;1.52e+03;  7%;  7%;  7%;94.5;1.21;0.000489;4.31;0;0;0;0;0;93.6;1.01;0.00468;5.38;0;0;0;0;0;94.1;0.404;0.000606;5.45;0;5.03;0;0;0;1.68;19.7;0.471;78.1;0;0;0;0;0;59.8;57.5;59.9;35;17.7 ;18.3 ;19.4 ;17.7 ;
2017-09-04;06:39:22.549;0.324;0.783;0.414;0.619;296;300;0.0134;0.017;0.0026;0.00264;29.8;51.8;1.14e+05;1.45e+05;2.14e+03;1.57;39.1;0.649;16.2;6.11e+04;66.9;7.94;0.00366;25.1;0;1.49;0;0;0;275;99.1;0.406;0.748;0.543;0.619;91.1;92.4;0.0141;0.018;0.00258;0.00262; 50560;4006;11937;7.47;12.5;44;0.412;0.759;0.544;0.619;101;101;0.00737;0.0158;0.00279;0.00281; 48000;4407;13347;7.46;12.3;46;0.435;0.779;0.558;0.619;104;105;0.00739;0.0158;0.00272;0.00274; 46720;4582;13686;7.48;12.3;46;0.0463;2.83;0.0164;0.619;0.0798;1.28;0.938;0.118;1.95e-05;0.000313; 48640;1;110;7.43;14.8;48;6.62e+03;6.7e+03;3.18e+03; 33%; 33%; 15%;7.04e+03;3.49e+03;6.61e+03; 35%; 17%; 32%;7.04e+03;6.71e+03;3.53e+03; 35%; 33%; 17%;3.53e+03;3.49e+03;3.18e+03; 17%; 17%; 15%;87.6;4.11;0;8.24;0;3.1;0;0;0;87.8;3.5;0;8.66;0;2.88;0;0;0;90.2;3.62;0;6.2;0;0;0;0;0;2.64;20.4;0.0145;76.9;0;0;0;0;0;75.7;72.7;77.6;49;24.3 ;24.7 ;25.4 ;24.7 ;
2017-09-04;06:39:23.583;0.102;0.228;0.447;0.619;297;336;0.114;0.131;0.0083;0.00937;29.5;35.8;3.58e+04;1.57e+05;2.23e+03;0.457;11.4;0.204;5.1;4.8e+04;72.2;7.23;0.00376;20.6;0;1.59;0;0;0;299;86.4;0.115;0.189;0.611;0.619;95.2;106;0.0979;0.114;0.00935;0.0104; 52480;2714;13038;4.18;5.59;46;0.134;0.231;0.58;0.619;116;131;0.119;0.134;0.00983;0.0112; 46800;10893;7326;17.2;17.8;44;0.111;0.193;0.578;0.619;86.3;97.7;0.117;0.145;0.00884;0.01; 48640;2068;11584;4.11;5.71;47;0.0471;2.9;0.0162;0.619;0.0837;1.14;0.927;0.147;2.03e-05;0.000278; 48240;4;126;4.07;6.72;48;6.95e+03;3.45e+03;1.83e+03; 34%; 17%;  9%;7.89e+03;2.03e+03;8.21e+03; 39%; 10%; 40%;6.63e+03;3.42e+03;1.54e+03; 33%; 17%;  7%;1.74e+03;2.32e+03;2.01e+03;  8%; 11%; 10%;98.7;0.705;0;0.628;0;0;0;0;0;93.6;1.12;0;5.25;0;3.35;0;0;0;93.4;1.37;0;5.2;0;3.01;0;0;0;2.62;25.9;0.0151;71.5;0;0;0;0;0;78.1;85.4;80;55.3;17.4 ;32.9 ;18.7 ;17.4 ;
2017-09-04;06:39:24.612;0.0885;0.189;0.468;0.619;262;314;0.166;0.184;0.00853;0.0102;26.4;25;3.07e+04;1.62e+05;2.17e+03;0.378;9.45;0.177;4.43;3.82e+04;75.7;6.39;0.00646;17.9;0;0;0;0;0;297;77.7;0.0873;0.141;0.619;0.619;73.2;87.5;0.163;0.192;0.00967;0.0116; 50640;1036;9889;2.36;2.3;45;0.128;0.207;0.619;0.619;114;136;0.161;0.172;0.0103;0.0123; 48800;12473;3946;19.4;17.8;44;0.0915;0.148;0.619;0.619;74.4;89.1;0.165;0.193;0.00938;0.0112; 51600;841;9748;2.34;2.27;47;0.0472;2.91;0.0163;0.619;0.101;1.31;0.923;0.193;2.46e-05;0.000321; 47600;7;121;2.32;2.66;48;6.19e+03;1.53e+03;719; 31%;  7%;  3%;7.99e+03;1.44e+03;7.98e+03; 40%;  7%; 40%;6.18e+03;1.5e+03;747; 31%;  7%;  3%;1.04e+03;1.85e+03;995;  5%;  9%;  5%;100;0;0;0;0;0;0;0;0;100;1.73e-05;0;0;0;0;0;0;0;100;0.00113;0;0;0;0;0;0;0;2.63;25.6;0.0259;71.8;0;0;0;0;0;75.4;87.9;79.4;54.7;14.3 ;34.1 ;15.5 ;13.8 ;
2017-09-04;06:39:25.641;0.0911;0.195;0.468;0.619;263;316;0.169;0.189;0.00835;0.01;26.5;25;3.15e+04;1.62e+05;2.16e+03;0.389;9.73;0.182;4.56;3.81e+04;75.6;6.16;0.00484;18.2;0;0;0;0;0;298;77.9;0.0916;0.148;0.619;0.619;73.5;88;0.165;0.2;0.00929;0.0111; 52240;1034;9904;2.38;2.31;45;0.131;0.212;0.619;0.619;115;137;0.164;0.177;0.0101;0.0121; 52960;12445;3957;19.4;17.8;44;0.0948;0.153;0.619;0.619;74.7;90.1;0.171;0.197;0.00913;0.011; 51600;853;9693;2.34;2.26;47;0.0469;2.91;0.0161;0.619;0.0894;1.21;0.926;0.193;2.21e-05;0.000299; 47360;6;124;2.31;2.65;48;6.16e+03;1.53e+03;724; 31%;  7%;  3%;7.99e+03;1.43e+03;7.98e+03; 40%;  7%; 40%;6.19e+03;1.51e+03;752; 31%;  7%;  3%;1.05e+03;1.82e+03;996;  5%;  9%;  5%;100;0;0;0;0;0;0;0;0;100;0.00177;0;0;0;0;0;0;0;100;0.000963;0;0;0;0;0;0;0;2.6;24.6;0.0194;72.8;0;0;0;0;0;75.6;88;79.8;54.6;14.3 ;34.2 ;15.6 ;13.9 ;
2017-09-04;06:39:26.672;0.0857;0.183;0.468;0.619;262;313;0.164;0.188;0.00882;0.0106;26.4;25.1;2.97e+04;1.62e+05;2.16e+03;0.367;9.16;0.171;4.29;3.82e+04;75.5;4.94;0.0708;19.4;0;0;0;0;0;297;78.1;0.0881;0.142;0.619;0.619;73.1;87.3;0.163;0.193;0.00959;0.0115; 56160;1018;9885;2.36;2.31;45;0.126;0.203;0.619;0.619;113;134;0.155;0.169;0.0104;0.0123; 50800;12398;3875;19.4;17.9;44;0.0924;0.149;0.619;0.619;75.5;90.4;0.165;0.202;0.00944;0.0113; 54880;850;9715;2.33;2.24;47;0.0369;2.67;0.0138;0.619;0.294;1.78;0.835;0.481;9.19e-05;0.000557; 47360;38;122;2.33;2.68;48;6.18e+03;1.56e+03;727; 31%;  7%;  3%;7.97e+03;1.43e+03;7.97e+03; 40%;  7%; 40%;6.18e+03;1.52e+03;760; 31%;  7%;  3%;1.06e+03;1.83e+03;1.01e+03;  5%;  9%;  5%;100;0.00096;0;0;0;0;0;0;0;100;0.00156;0;0;0;0;0;0;0;100;0.00111;0;0;0;0;0;0;0;2.23;19.8;0.283;77.7;0;0;0;0;0;75.5;87.9;79.7;54.3;14.4 ;34.2 ;15.6 ;13.9 ;
2017-09-04;06:39:27.707;0.0761;0.163;0.466;0.619;262;312;0.16;0.193;0.00991;0.0118;26.5;25.2;2.64e+04;1.62e+05;2.16e+03;0.327;8.17;0.152;3.81;3.83e+04;75.2;6.6;0.206;18;0;0;0;0;0;298;78.3;0.081;0.131;0.619;0.619;71.9;84.4;0.149;0.185;0.0102;0.012; 52880;1015;9812;2.37;2.33;45;0.13;0.21;0.619;0.619;115;137;0.158;0.179;0.0102;0.0121; 50880;12542;3983;19.5;17.9;43;0.0858;0.139;0.619;0.619;73.9;87.8;0.158;0.185;0.00993;0.0118; 51360;834;9684;2.31;2.25;47;0.00765;1.17;0.00653;0.619;1.02;2.87;0.645;0.658;0.00153;0.00432; 44160;89;106;2.34;2.72;48;6.25e+03;1.51e+03;730; 31%;  7%;  3%;8.01e+03;1.45e+03;8.01e+03; 40%;  7%; 40%;6.21e+03;1.48e+03;750; 31%;  7%;  3%;1.04e+03;1.85e+03;973;  5%;  9%;  4%;100;0.00176;0;0;0;0;0;0;0;100;0.00305;0;0;0;0;0;0;0;100;0;0;0;0;0;0;0;0;1.06;26.4;0.825;71.8;0;0;0;0;0;75.7;88.4;79.7;54.5;14.3 ;34.4 ;15.6 ;14 ;
2017-09-04;06:39:28.741;0.0791;0.171;0.463;0.619;264;315;0.163;0.2;0.00959;0.0115;26.5;25.2;2.75e+04;1.61e+05;2.17e+03;0.341;8.54;0.158;3.95;3.82e+04;74.8;7.03;0.52;17.6;0;0;0;0;0;298;77.8;0.0854;0.138;0.619;0.619;73.4;87.7;0.163;0.195;0.0099;0.0118; 51360;988;9939;2.34;2.28;45;0.133;0.22;0.608;0.619;115;136;0.158;0.188;0.00991;0.0118; 51520;12646;3882;19.4;17.9;43;0.0893;0.144;0.619;0.619;74.4;88.6;0.16;0.194;0.00958;0.0114; 52080;840;9696;2.32;2.25;46;0.00813;1.31;0.00622;0.619;0.904;2.46;0.632;0.653;0.00128;0.00348; 49280;82;4;2.36;2.72;48;6.19e+03;1.53e+03;746; 31%;  7%;  3%;7.99e+03;1.43e+03;7.97e+03; 40%;  7%; 40%;6.19e+03;1.51e+03;750; 31%;  7%;  3%;1.04e+03;1.84e+03;1.01e+03;  5%;  9%;  5%;100;0.00103;0;0;0;0;0;0;0;98.2;1.8;0;0;0;0;0;0;0;100;0.000992;0;0;0;0;0;0;0;1;26.3;2.08;70.6;0;0;0;0;0;75.8;88.3;79.8;54.5;14.2 ;34.2 ;15.5 ;13.9 ;
2017-09-04;06:39:29.771;0.0894;0.192;0.465;0.619;264;315;0.164;0.194;0.00851;0.0102;26.3;25.1;3.1e+04;1.61e+05;2.17e+03;0.385;9.62;0.179;4.47;3.79e+04;75.1;7.81;0.00488;17.1;0;0;0;0;0;298;77.9;0.0846;0.137;0.619;0.619;73.5;87;0.155;0.194;0.01;0.0119; 55120;1012;9890;2.33;2.29;45;0.131;0.217;0.604;0.619;115;136;0.153;0.193;0.0101;0.0119; 48640;12656;3878;19.3;17.9;43;0.0949;0.153;0.619;0.619;75.1;91.6;0.18;0.196;0.00914;0.0111; 51760;870;9659;2.32;2.23;46;0.0468;2.9;0.0161;0.619;0.0842;0.897;0.906;0.185;2.08e-05;0.000221; 49280;3;4;2.31;2.64;48;6.18e+03;1.52e+03;707; 31%;  7%;  3%;7.91e+03;1.42e+03;7.95e+03; 39%;  7%; 40%;6.13e+03;1.49e+03;749; 30%;  7%;  3%;1.05e+03;1.83e+03;977;  5%;  9%;  4%;100;0;0;0;0;0;0;0;0;97.6;2.36;0;0;0;0;0;0;0;100;0.00162;0;0;0;0;0;0;0;2.61;28.9;0.0195;68.5;0;0;0;0;0;75.4;87.9;79.7;55.1;14.3 ;34.2 ;15.5 ;13.9 ;
2017-09-04;06:39:30.798;0.0904;0.194;0.465;0.619;263;314;0.164;0.194;0.00841;0.0101;26.2;25;3.12e+04;1.61e+05;2.16e+03;0.389;9.72;0.181;4.52;3.79e+04;75.1;7.19;0.00384;17.7;0;0;0;0;0;297;77.6;0.0871;0.141;0.619;0.619;73.1;86.8;0.158;0.196;0.00971;0.0115; 52880;1029;9880;2.33;2.28;45;0.133;0.22;0.605;0.619;115;136;0.158;0.19;0.00996;0.0118; 49120;12616;3746;19.3;17.8;43;0.0948;0.153;0.619;0.619;75.1;90.6;0.172;0.198;0.00916;0.0111; 49360;876;9650;2.32;2.24;47;0.0466;2.92;0.016;0.619;0.0865;0.717;0.879;0.206;2.15e-05;0.000178; 48960;4;0;2.3;2.63;48;6.15e+03;1.52e+03;708; 31%;  7%;  3%;7.93e+03;1.42e+03;7.92e+03; 40%;  7%; 40%;6.14e+03;1.5e+03;738; 31%;  7%;  3%;1.03e+03;1.84e+03;972;  5%;  9%;  4%;100;0.00101;0;0;0;0;0;0;0;97.7;2.29;0;0;0;0;0;0;0;100;0;0;0;0;0;0;0;0;2.58;26.5;0.0154;70.9;0;0;0;0;0;75.3;87.7;79.5;54.7;14.2 ;34.2 ;15.4 ;13.8 ;
2017-09-04;06:39:31.826;0.0871;0.187;0.465;0.619;259;308;0.157;0.19;0.00863;0.0102;26.2;24.9;3.01e+04;1.6e+05;2.16e+03;0.375;9.37;0.174;4.35;3.77e+04;75.1;6.1;0.00327;18.8;0;0;0;0;0;297;77.3;0.0856;0.138;0.619;0.619;72.6;86;0.156;0.195;0.00982;0.0116; 55840;1024;9816;2.31;2.26;45;0.128;0.212;0.605;0.619;113;134;0.153;0.187;0.0102;0.0121; 50080;12755;3712;19.3;17.8;43;0.0879;0.142;0.619;0.619;73.5;87.7;0.161;0.189;0.00969;0.0116; 51360;818;9618;2.28;2.21;46;0.0466;2.93;0.0159;0.619;0.0782;0.591;0.868;0.23;1.94e-05;0.000147; 48720;3;1;2.27;2.6;48;6.13e+03;1.5e+03;706; 31%;  7%;  3%;7.92e+03;1.4e+03;7.92e+03; 40%;  7%; 40%;6.13e+03;1.48e+03;737; 31%;  7%;  3%;1.02e+03;1.81e+03;969;  5%;  9%;  4%;100;0.000716;0;0;0;0;0;0;0;97.8;2.25;0;0;0;0;0;0;0;100;0.00143;0;0;0;0;0;0;0;2.57;22.1;0.0131;75.3;0;0;0;0;0;75.4;87.6;79.3;54.4;14.2 ;34.1 ;15.3 ;13.7 ;
2017-09-04;06:39:32.859;0.0895;0.193;0.465;0.619;262;312;0.159;0.195;0.00847;0.0101;26.4;25.1;3.1e+04;1.61e+05;2.16e+03;0.385;9.63;0.179;4.47;3.81e+04;75;7.73;0.00362;17.2;0;0;0;0;0;299;78.4;0.0842;0.136;0.619;0.619;73.1;85.8;0.149;0.199;0.01;0.0118; 54000;1021;9871;2.33;2.28;45;0.134;0.221;0.605;0.619;115;136;0.157;0.191;0.00988;0.0117; 52080;12748;3871;19.4;17.9;43;0.0934;0.151;0.619;0.619;74.6;89.7;0.168;0.197;0.00923;0.0111; 50560;835;9681;2.29;2.22;46;0.0464;2.93;0.0158;0.619;0.0973;0.501;0.806;0.241;2.42e-05;0.000125; 49360;5;0;2.31;2.64;48;6.2e+03;1.52e+03;704; 31%;  7%;  3%;7.96e+03;1.43e+03;7.98e+03; 40%;  7%; 40%;6.15e+03;1.49e+03;746; 31%;  7%;  3%;1.04e+03;1.85e+03;967;  5%;  9%;  4%;100;0.00142;0;0;0;0;0;0;0;97.7;2.25;0;0;0;0;0;0;0;100;0.000737;0;0;0;0;0;0;0;2.56;28.6;0.0145;68.8;0;0;0;0;0;75.8;88.4;80;55.1;14.4 ;34.5 ;15.6 ;13.9 ;
2017-09-04;06:39:33.889;0.0894;0.192;0.465;0.619;262;315;0.168;0.191;0.00846;0.0102;26.4;25;3.1e+04;1.61e+05;2.17e+03;0.385;9.62;0.179;4.47;3.81e+04;75.1;8.3;0.00624;16.6;0;0;0;0;0;299;77.8;0.085;0.137;0.619;0.619;73.2;86.7;0.156;0.194;0.00993;0.0118; 54480;1017;9891;2.35;2.29;44;0.13;0.215;0.604;0.619;113;135;0.165;0.182;0.01;0.012; 53920;12670;3934;19.4;17.9;43;0.0961;0.155;0.619;0.619;75.7;92.2;0.18;0.199;0.00909;0.0111; 51760;863;9750;2.35;2.24;46;0.0465;2.92;0.0159;0.619;0.0947;0.67;0.859;0.316;2.35e-05;0.000166; 49760;14;0;2.33;2.66;48;6.18e+03;1.55e+03;723; 31%;  7%;  3%;7.95e+03;1.42e+03;7.96e+03; 40%;  7%; 40%;6.17e+03;1.52e+03;761; 31%;  7%;  3%;1.06e+03;1.83e+03;999;  5%;  9%;  5%;100;0.000685;0;0;0;0;0;0;0;97.6;2.38;0;0;0;0;0;0;0;100;0.00104;0;0;0;0;0;0;0;2.57;30.8;0.025;66.6;0;0;0;0;0;75.6;88;79.9;55.2;14.3 ;34.2 ;15.5 ;13.8 ;
2017-09-04;06:39:34.915;0.0834;0.181;0.461;0.619;265;319;0.168;0.207;0.00921;0.0111;26.4;25.1;2.88e+04;1.59e+05;2.16e+03;0.362;9.05;0.167;4.17;3.81e+04;74.4;6.77;0.602;18.2;0;0;0;0;0;297;77.9;0.0841;0.136;0.619;0.619;72.9;86.8;0.16;0.193;0.01;0.012; 53920;1109;9861;2.35;2.3;44;0.143;0.239;0.598;0.619;116;138;0.158;0.208;0.00938;0.0111; 52960;12496;4140;19.3;17.8;43;0.0982;0.159;0.619;0.619;75.6;92.1;0.179;0.198;0.00892;0.0109; 52320;881;9660;2.35;2.27;46;0.00804;1.39;0.0058;0.619;0.736;2.02;0.636;0.644;0.00106;0.00292; 51120;77;10;2.4;2.73;48;6.17e+03;1.55e+03;732; 31%;  7%;  3%;7.93e+03;1.45e+03;7.92e+03; 40%;  7%; 40%;6.16e+03;1.51e+03;763; 31%;  7%;  3%;1.06e+03;1.88e+03;1e+03;  5%;  9%;  5%;100;0.00122;0;0;0;0;0;0;0;96.6;3.39;0;0;0;0;0;0;0;100;0;0;0;0;0;0;0;0;0.937;23.7;2.41;72.9;0;0;0;0;0;75.2;88;79.6;53.8;14.2 ;34.2 ;15.5 ;13.9 ;
2017-09-04;06:39:35.943;0.0837;0.183;0.456;0.619;266;315;0.156;0.221;0.0092;0.0109;26.3;25.2;2.89e+04;1.58e+05;2.15e+03;0.367;9.17;0.167;4.19;3.8e+04;73.7;6.26;0.488;19.5;0;0;0;0;0;297;78.1;0.0863;0.139;0.619;0.619;73.7;86.5;0.148;0.205;0.00991;0.0116; 52080;1149;9810;2.36;2.31;44;0.154;0.265;0.582;0.619;118;139;0.153;0.229;0.00885;0.0104; 50320;12207;3890;19.2;17.9;43;0.087;0.141;0.619;0.619;73.2;87.2;0.16;0.188;0.00975;0.0116; 53200;813;9577;2.32;2.26;46;0.00741;1.11;0.0067;0.619;1.08;2.37;0.542;0.694;0.00169;0.0037; 55360;101;29;2.36;2.73;48;6.19e+03;1.5e+03;737; 31%;  7%;  3%;7.94e+03;1.45e+03;7.95e+03; 40%;  7%; 40%;6.18e+03;1.49e+03;728; 31%;  7%;  3%;1e+03;1.87e+03;994;  5%;  9%;  5%;100;0;0;0;0;0;0;0;0;93.9;6.06;0;0;0;0;0;0;0;100;0.00115;0;0;0;0;0;0;0;1.08;19;1.95;78;0;0;0;0;0;75.5;88.4;79.2;53.6;14.3 ;34.3 ;15.5 ;13.9 ;
2017-09-04;06:39:36.969;0.102;0.234;0.438;0.619;272;327;0.167;0.252;0.00773;0.00927;26.1;25.5;3.53e+04;1.51e+05;2.16e+03;0.467;11.7;0.204;5.11;3.93e+04;70.7;9.32;0.252;19.7;0;0;0;0;0;298;78.1;0.0879;0.142;0.619;0.619;74.7;88;0.152;0.193;0.00984;0.0116; 52880;1174;10179;2.41;2.37;45;0.194;0.388;0.499;0.619;121;145;0.167;0.309;0.00721;0.00866; 50880;12957;3852;18.9;18;43;0.0938;0.152;0.619;0.619;76.7;92.9;0.174;0.191;0.00949;0.0115; 49840;885;9928;2.4;2.32;46;0.0333;2.5;0.0133;0.619;0.523;1.31;0.6;0.645;0.000182;0.000456; 50720;46;33;2.44;2.82;48;6.36e+03;1.55e+03;741; 32%;  7%;  3%;8.21e+03;1.52e+03;8.22e+03; 41%;  7%; 41%;6.35e+03;1.52e+03;773; 32%;  7%;  3%;1.08e+03;1.95e+03;1e+03;  5%;  9%;  5%;100;0.000676;0;0;0;0;0;0;0;80.6;18.6;0;0.824;0;0;0;0;0;100;0.0011;0;0;0;0;0;0;0;2.15;18.7;1.01;78.2;0;0;0;0;0;75.5;88.8;79.7;54;14.5 ;34 ;15.6 ;14.1 ;
2017-09-04;06:39:37.992;0.127;0.328;0.387;0.619;270;329;0.18;0.335;0.00619;0.00755;25;26.4;4.36e+04;1.33e+05;2.15e+03;0.655;16.4;0.253;6.33;4.46e+04;62.5;13.4;0.149;24;0;0;0;0;0;297;78.1;0.0996;0.161;0.619;0.619;89.4;106;0.153;0.184;0.0104;0.0123; 53040;1346;12162;2.51;2.44;44;0.252;0.864;0.292;0.619;87.4;113;0.223;0.51;0.00402;0.00518; 50400;11624;3531;17.5;18.7;43;0.108;0.174;0.619;0.619;92.8;110;0.16;0.182;0.00999;0.0119; 52560;1008;12032;2.48;2.37;46;0.0465;2.93;0.0159;0.619;0.0623;0.417;0.851;0.238;1.56e-05;0.000104; 51040;5;1;2.47;2.89;48;7.15e+03;1.85e+03;821; 36%;  9%;  4%;9.64e+03;1.49e+03;9.54e+03; 49%;  7%; 48%;7.24e+03;1.81e+03;892; 36%;  9%;  4%;1.25e+03;1.81e+03;1.15e+03;  6%;  9%;  5%;100;0.000732;0;0;0;0;0;0;0;47.2;34.3;0.56;17.9;0;0;0;0;0;100;0;0;0;0;0;0;0;0;2.56;19.2;0.0345;78.2;0;0;0;0;0;76.4;85.5;80.6;54.1;14.5 ;33.7 ;15.7 ;14.1 ;
2017-09-04;06:39:39.014;0.0884;0.286;0.309;0.619;228;274;0.168;0.244;0.0075;0.00902;22.5;25.5;3.04e+04;1.06e+05;2.15e+03;0.572;14.3;0.177;4.42;4.75e+04;49.9;8.56;0.0078;41.5;0;4.36;0;0;0;281;74.9;0.119;0.193;0.616;0.619;108;128;0.153;0.177;0.0106;0.0125; 53360;1614;14652;2.15;1.93;44;0.039;2.89;0.0135;0.619;3.19;7.67;0.584;0.742;0.000952;0.00229; 51760;102;271;16.2;19.3;43;0.149;0.252;0.591;0.619;116;138;0.156;0.219;0.00908;0.0108; 52240;1305;14739;2.14;1.83;45;0.0465;2.92;0.0159;0.619;0.0852;0.481;0.823;0.222;2.13e-05;0.00012; 50960;4;4;2.07;2.42;48;7.44e+03;2.17e+03;912; 37%; 11%;  4%;1.09e+04;981;1.07e+04; 55%;  4%; 54%;7.64e+03;2.11e+03;988; 38%; 10%;  5%;1.42e+03;982;1.32e+03;  7%;  5%;  6%;99.5;0.523;0;0;0;0;0;0;0;2.18;17.7;0;80.1;0;17.4;0;0;0;95.4;4.57;0;0;0;0;0;0;0;2.57;11.4;0.0312;86;0;0;0;0;0;77.5;67.2;82.6;53.3;13.6 ;33.3 ;14.7 ;13.3 ;
2017-09-04;06:39:40.034;0.0941;0.316;0.297;0.619;232;278;0.165;0.269;0.0072;0.00862;22.5;25.7;3.23e+04;1.02e+05;2.15e+03;0.633;15.8;0.188;4.7;4.75e+04;48;20.4;0.00761;31.5;0;0;0;0;0;284;75;0.138;0.235;0.589;0.619;111;132;0.157;0.211;0.00938;0.0111; 48800;1704;14558;2.2;1.97;44;0.031;2.9;0.0107;0.619;2.57;5.67;0.548;0.8;0.000965;0.00213; 51840;81;226;16;19.3;44;0.161;0.28;0.574;0.619;119;140;0.155;0.24;0.0086;0.0102; 52480;1340;14522;2.18;1.88;45;0.0465;2.94;0.0158;0.619;0.0761;0.342;0.778;0.271;1.91e-05;8.59e-05; 50000;3;4;2.14;2.51;48;7.41e+03;2.23e+03;942; 37%; 11%;  4%;1.08e+04;944;1.05e+04; 55%;  4%; 53%;7.64e+03;2.18e+03;1.04e+03; 38%; 11%;  5%;1.49e+03;946;1.36e+03;  7%;  4%;  6%;95.1;4.85;0;0;0;0;0;0;0;1.73;52.2;0;46;0;0;0;0;0;92.7;7.29;0;0;0;0;0;0;0;2.56;17.3;0.0305;80.1;0;0;0;0;0;78;69.5;82.8;53.4;13.7 ;33.1 ;14.7 ;13.4 ;
2017-09-04;06:39:41.053;0.125;0.463;0.271;0.619;253;306;0.174;0.344;0.00589;0.00713;22.8;26.6;4.3e+04;9.27e+04;2.14e+03;0.926;23.2;0.251;6.27;4.8e+04;43.7;24.4;0.00667;31.8;0;0;0;0;0;287;76.3;0.187;0.349;0.535;0.619;119;142;0.16;0.29;0.00745;0.00887; 55200;1793;14482;2.43;2.23;44;0.031;2.9;0.0107;0.619;2.52;5.38;0.531;0.805;0.00095;0.00203; 51920;76;225;15.6;19.5;44;0.238;0.456;0.521;0.619;131;159;0.174;0.336;0.00644;0.0078; 48560;1663;14268;2.41;2.08;45;0.0465;2.93;0.0158;0.619;0.079;0.297;0.734;0.294;1.99e-05;7.46e-05; 49360;4;7;2.39;2.83;48;7.39e+03;2.49e+03;1.04e+03; 37%; 12%;  5%;1.05e+04;897;1.03e+04; 53%;  4%; 52%;7.66e+03;2.4e+03;1.19e+03; 39%; 12%;  6%;1.7e+03;898;1.49e+03;  8%;  4%;  7%;86.4;12.9;0;0.606;0;0;0;0;0;1.73;49.2;0;49.1;0;0;0;0;0;84.2;14.5;0;1.24;0;0;0;0;0;2.56;21.1;0.0267;76.3;0;0;0;0;0;79.3;69.3;84.9;53.9;14.1 ;33 ;15.3 ;13.9 ;
2017-09-04;06:39:42.070;0.157;1.28;0.123;0.619;205;269;0.237;0.501;0.00382;0.005;16;19.3;5.37e+04;4.19e+04;2.14e+03;2.56;64.1;0.315;7.86;3.3e+04;19.8;30.2;0.041;50;0;3.73;0;0;0;245;65.6;0.369;1.01;0.366;0.619;155;195;0.207;0.429;0.00491;0.0062; 51120;2376;17153;2.19;1.73;45;0.00566;2.62;0.00216;0.619;0.503;1.15;0.562;0.829;0.00104;0.00238; 51760;18;42;9.49;12.7;46;0.228;2.01;0.113;0.619;49.8;71.9;0.307;0.619;0.00256;0.00369; 52320;900;4319;2.15;2.21;47;0.0265;2.77;0.00958;0.619;0.144;0.487;0.705;0.566;6.33e-05;0.000215; 46080;19;14;2.14;2.61;48;7.65e+03;2.13e+03;1.37e+03; 39%; 10%;  7%;2.42e+03;504;1.03e+04; 12%;  2%; 52%;2.02e+03;2.46e+03;703; 10%; 12%;  3%;946;503;1.95e+03;  4%;  2%;  9%;59.1;21.3;0.124;19.6;0;0;0;0;0;0.349;52.5;0.000502;47.1;0;0;0;0;0;18.3;23;0.00124;58.7;0;14.9;0;0;0;1.55;23.8;0.0378;74.6;0;0;0;0;0;75.6;58.2;63.4;48.2;13 ;24.8 ;14.7 ;13.1 ;
2017-09-04;06:39:43.236;0.334;0.787;0.425;0.619;650;725;0.103;0.224;0.00505;0.00563;56.1;48.3;1.29e+05;1.64e+05;2.14e+03;1.57;39.4;0.668;16.7;8.99e+04;68.6;8.29;0.252;22.9;0;0;0;0;0;387;119;0.42;0.76;0.553;0.619;189;212;0.105;0.242;0.00484;0.00541; 50240;4230;15850;11.9;9.25;42;0.518;0.904;0.573;0.619;259;288;0.0992;0.217;0.0052;0.00577; 46800;9839;15172;20.5;19.1;42;0.404;0.698;0.579;0.619;201;222;0.0971;0.214;0.00508;0.00562; 47840;4563;16936;11.8;9.11;43;0.00207;0.847;0.00244;0.619;0.501;2.74;0.818;0.315;0.00248;0.0136; 47040;22;13;11.8;10.8;48;1.13e+04;7.65e+03;3.56e+03; 51%; 34%; 16%;1.12e+04;4.3e+03;1.14e+04; 51%; 19%; 51%;1.12e+04;7.62e+03;3.63e+03; 51%; 34%; 16%;5.59e+03;6.85e+03;5.54e+03; 25%; 31%; 25%;89.3;4.77;0.00358;5.9;0;0;0;0;0;92.6;4.14;0.000445;3.3;0;0;0;0;0;93.5;1.32;0;5.19;0;0;0;0;0;0.394;22.7;0.987;76;0;0;0;0;0;103;112;109;63.4;26.8 ;37 ;28.4 ;26.5 ;
2017-09-04;06:39:44.255;0.345;0.738;0.467;0.619;624;692;0.0985;0.204;0.00519;0.00575;51.1;44.3;1.2e+05;1.63e+05;2.45e+03;1.48;36.9;0.69;17.2;8.2e+04;75.5;6.97;0.159;17.4;0;0;0;0;0;346;108;0.414;0.669;0.619;0.619;191;211;0.0966;0.203;0.00511;0.00566; 51520;4340;16339;10.8;8.42;42;0.535;0.864;0.619;0.619;249;275;0.0965;0.202;0.00534;0.00591; 54960;10765;16178;19;17.7;41;0.422;0.682;0.619;0.619;184;204;0.0969;0.206;0.00509;0.00563; 47760;4322;16044;10.7;8.32;44;0.00152;0.928;0.00164;0.619;0.174;1.65;0.895;0.275;0.00133;0.0126; 46960;9;0;10.7;9.86;47;1.05e+04;6.92e+03;3.22e+03; 52%; 34%; 16%;1.03e+04;3.93e+03;1.05e+04; 51%; 19%; 52%;1.03e+04;6.83e+03;3.27e+03; 51%; 34%; 16%;5.06e+03;6.24e+03;4.93e+03; 25%; 31%; 24%;99.9;0.059;0;0;0;0;0;0;0;100;0;0;0;0;0;0;0;0;100;0;0;0;0;0;0;0;0;0.265;28.3;0.648;70.8;0;0;0;0;0;91.7;102;94.9;57.6;24.3 ;33.8 ;25.6 ;24 ;
2017-09-04;06:39:45.272;0.345;0.742;0.465;0.619;611;678;0.0987;0.204;0.00518;0.00575;51.3;44.4;1.18e+05;1.59e+05;2.14e+03;1.48;37.1;0.69;17.2;8.23e+04;75.1;8.38;0.0149;16.5;0;0;0;0;0;347;108;0.411;0.664;0.619;0.619;181;200;0.0964;0.202;0.00514;0.00569; 49840;4117;15531;10.8;8.48;41;0.539;0.87;0.619;0.619;245;272;0.0967;0.203;0.00533;0.0059; 52000;10409;15995;19;17.7;41;0.428;0.692;0.619;0.619;185;205;0.0975;0.207;0.00505;0.0056; 49200;4358;16204;10.7;8.36;43;0.00138;0.928;0.00148;0.619;0.165;1.6;0.897;0.272;0.0014;0.0135; 46960;10;3;10.8;9.9;47;1.06e+04;6.97e+03;3.23e+03; 54%; 35%; 16%;1.03e+04;3.96e+03;1.06e+04; 52%; 20%; 53%;1.03e+04;6.87e+03;3.29e+03; 52%; 35%; 16%;5.1e+03;6.28e+03;4.95e+03; 26%; 32%; 25%;100;0.00202;0;0;0;0;0;0;0;100;0.000623;0;0;0;0;0;0;0;100;0.000889;0;0;0;0;0;0;0;0.24;33.5;0.0597;66.2;0;0;0;0;0;91.7;102;95.1;58;24.4 ;33.9 ;25.5 ;23.9 ;
2017-09-04;06:39:46.287;0.352;1.11;0.318;0.619;528;591;0.107;0.248;0.00439;0.00492;42.2;37.8;1.2e+05;1.09e+05;2.14e+03;2.21;55.4;0.705;17.6;7.27e+04;51.4;8.34;0.331;39.9;0;5.35;0;0;0;327;97.8;0.587;1.13;0.519;0.619;214;240;0.11;0.257;0.00427;0.0048; 50960;4311;15987;9.2;6.83;44;0.23;1.28;0.18;0.619;71.5;82.2;0.129;0.316;0.00364;0.00418; 51840;2224;4025;14.7;15.9;44;0.591;1.03;0.572;0.619;242;268;0.096;0.217;0.0048;0.00531; 48160;5352;19506;9.19;6.55;45;0.00084;0.6;0.0014;0.619;0.168;0.806;0.792;0.34;0.00234;0.0112; 46960;7;0;9.15;8.48;48;7.17e+03;8.01e+03;3.29e+03; 36%; 41%; 16%;1e+04;2.05e+03;9.03e+03; 51%; 10%; 46%;7.86e+03;7.73e+03;3.6e+03; 40%; 39%; 18%;5.85e+03;2.74e+03;5.29e+03; 30%; 14%; 27%;83.9;9.81;0.00882;6.28;0;0;0;0;0;29;7.96;0;63;0;21.4;0;0;0;92.4;3.98;0;3.59;0;0;0;0;0;0.226;11.6;1.32;86.8;0;0;0;0;0;95.4;74.9;102;54.4;22 ;30.2 ;23.4 ;22.1 ;
2017-09-04;06:39:47.306;0.302;0.759;0.398;0.619;518;564;0.0813;0.224;0.00501;0.00546;43.9;40.7;1.03e+05;1.36e+05;2.13e+03;1.52;38;0.604;15.1;6.74e+04;64.3;5.78;0.299;29.6;0;2.53;0;0;0;312;99;0.346;0.648;0.534;0.619;152;164;0.0753;0.208;0.00514;0.00556; 49600;3714;13240;9.36;7.9;42;0.462;0.869;0.532;0.619;205;223;0.0788;0.218;0.00519;0.00564; 49120;7745;11927;15.9;15.4;42;0.399;0.761;0.524;0.619;161;175;0.0819;0.244;0.00471;0.00513; 53520;3879;13524;9.24;7.77;43;0.00182;0.762;0.00238;0.619;0.427;2.01;0.787;0.335;0.00275;0.0129; 49040;18;2;9.31;9.55;48;8.82e+03;5.9e+03;2.48e+03; 45%; 30%; 12%;8.37e+03;2.94e+03;8.66e+03; 42%; 15%; 44%;8.44e+03;5.67e+03;2.52e+03; 43%; 29%; 12%;4.34e+03;5.14e+03;4.08e+03; 22%; 26%; 20%;86.2;1.67;0.0813;12.1;0;0;0;0;0;85.9;0.464;0;13.6;0;10.1;0;0;0;84.7;4.04;0;11.3;0;0;0;0;0;0.385;16.9;1.11;81.6;0;0;0;0;0;81.2;90.9;86.8;52.8;22.3 ;30.6 ;23.8 ;22.3 ;
2017-09-04;06:39:48.325;0.332;0.719;0.461;0.619;598;648;0.0773;0.205;0.00526;0.0057;50.4;46.6;1.14e+05;1.58e+05;2.14e+03;1.44;36;0.663;16.6;7.76e+04;74.5;5.31;0.113;20.1;0;0;0;0;0;341;109;0.378;0.61;0.619;0.619;175;188;0.0698;0.198;0.00542;0.00582; 50400;4327;14994;10.7;9.03;42;0.521;0.841;0.619;0.619;237;257;0.0781;0.206;0.00531;0.00576; 52400;9754;15203;18.4;17.8;41;0.427;0.706;0.605;0.619;185;201;0.0764;0.21;0.00507;0.00549; 48320;4644;16354;10.6;8.87;43;0.000956;0.673;0.00142;0.619;0.291;1.79;0.837;0.151;0.00355;0.0218; 49520;3;8;10.7;10.9;47;1.02e+04;6.78e+03;2.84e+03; 51%; 34%; 14%;9.66e+03;3.39e+03;9.96e+03; 49%; 17%; 50%;9.76e+03;6.5e+03;2.91e+03; 49%; 33%; 14%;5.01e+03;5.92e+03;4.67e+03; 25%; 30%; 23%;100;0.00131;0;0;0;0;0;0;0;100;0.00146;0;0;0;0;0;0;0;97.7;2.29;0;0;0;0;0;0;0;0.229;18.9;0.45;80.4;0;0;0;0;0;88.7;101;94.9;56.6;24.4 ;33.9 ;26 ;24.4 ;
2017-09-04;06:39:49.345;0.334;0.725;0.461;0.619;599;649;0.0775;0.206;0.00523;0.00567;50.5;46.9;1.14e+05;1.58e+05;2.14e+03;1.45;36.3;0.669;16.7;7.77e+04;74.5;5.68;0.116;19.7;0;0;0;0;0;342;109;0.379;0.613;0.619;0.619;176;189;0.0702;0.198;0.00542;0.00582; 42800;4263;14944;10.8;9.11;42;0.525;0.848;0.619;0.619;238;258;0.0776;0.206;0.00529;0.00573; 44160;9053;14005;18.4;17.9;41;0.431;0.714;0.604;0.619;185;200;0.0753;0.212;0.00502;0.00542; 50800;4588;15804;10.6;8.94;43;0.00171;0.821;0.00208;0.619;0.371;2.34;0.842;0.232;0.00253;0.016; 50240;17;20;10.7;11;47;1.02e+04;6.78e+03;2.84e+03; 52%; 34%; 14%;9.68e+03;3.42e+03;1e+04; 49%; 17%; 51%;9.77e+03;6.53e+03;2.91e+03; 49%; 33%; 14%;4.99e+03;5.94e+03;4.67e+03; 25%; 30%; 23%;100;0.000489;0;0;0;0;0;0;0;100;0.00144;0;0;0;0;0;0;0;97.6;2.39;0;0;0;0;0;0;0;0.336;20.3;0.463;78.9;0;0;0;0;0;89;101;95.1;56.8;24.6 ;33.8 ;26 ;24.6 ;
2017-09-04;06:39:50.360;0.336;0.82;0.41;0.619;591;640;0.0772;0.213;0.00514;0.00557;49.1;45.9;1.15e+05;1.4e+05;2.14e+03;1.64;41;0.673;16.8;7.82e+04;66.3;8.1;0.278;25.3;0;0;0;0;0;338;107;0.438;0.707;0.619;0.619;206;221;0.0679;0.196;0.00551;0.00591; 46800;4986;17571;10.6;8.57;41;0.426;1;0.425;0.619;174;191;0.0886;0.238;0.00478;0.00524; 48640;6183;10821;17.4;18.2;41;0.481;0.806;0.596;0.619;210;227;0.0726;0.209;0.00512;0.00552; 50240;5525;17562;10.5;8.45;42;0.000898;0.604;0.00149;0.619;0.213;1.25;0.83;0.226;0.00277;0.0163; 50640;6;4;10.5;10.7;47;9.67e+03;7.54e+03;3.1e+03; 49%; 38%; 15%;9.79e+03;2.76e+03;1.05e+04; 50%; 14%; 53%;9.02e+03;7.32e+03;3.13e+03; 46%; 37%; 16%;5.46e+03;4.72e+03;5.22e+03; 27%; 24%; 26%;100;0.00095;0;0;0;0;0;0;0;68.6;6.73;0;24.7;0;0;0;0;0;96.3;3.66;0;0;0;0;0;0;0;0.24;22;1.11;76.6;0;0;0;0;0;92.4;92.2;96.6;56.7;24.2 ;33.4 ;25.4 ;24.4 ;
2017-09-04;06:39:51.376;0.383;1.49;0.258;0.619;297;319;0.0712;0.238;0.00227;0.00244;21.9;23.1;1.31e+05;8.8e+04;2.13e+03;2.97;74.4;0.767;19.2;3.74e+04;41.7;14.7;0.268;43.4;0;8.7;0;0;0;250;76.8;0.72;1.48;0.486;0.619;191;206;0.0706;0.241;0.00311;0.00335; 50320;4324;14520;5.09;4;44;0.341;1.45;0.234;0.619;27.6;28.8;0.041;0.107;0.00095;0.00099; 52240;781;2348;6.59;7.97;44;0.471;1.52;0.309;0.619;77.3;83.1;0.0695;0.265;0.00192;0.00207; 50960;1968;5932;5.1;5.11;47;0.00144;0.709;0.00203;0.619;0.292;1.52;0.807;0.363;0.00238;0.0124; 50400;17;3;5.12;6.03;49;4.44e+03;3.98e+03;2.35e+03; 22%; 20%; 12%;2.91e+03;1.04e+03;6.55e+03; 14%;  5%; 33%;2.24e+03;5.18e+03;1.39e+03; 11%; 26%;  7%;2.06e+03;1.07e+03;4.23e+03; 10%;  5%; 21%;78.5;10.9;0.0175;10.6;0;0;0;0;0;37.9;10.5;0;51.7;0;24.1;0;0;0;50;10.5;0.00119;39.5;0;10.7;0;0;0;0.328;26.8;1.05;71.8;0;0;0;0;0;79.6;57.6;67.1;45.8;17.4 ;21.3 ;20 ;18.2 ;
2017-09-04;06:39:52.393;0.62;1.47;0.423;0.619;193;199;0.0295;0.0363;0.000913;0.00094;12.4;21.4;2.12e+05;1.44e+05;2.13e+03;2.93;73.3;1.24;31;2.52e+04;68.3;11.5;0.131;20.1;0;0;0;0;0;205;71.4;0.848;1.46;0.581;0.619;66;67.7;0.0249;0.0346;0.000912;0.000935; 49360;1978;5721;3.1;5.09;45;0.822;1.46;0.563;0.619;63.9;65.1;0.0187;0.0336;0.000911;0.000928; 52640;1854;5567;3.09;5.1;45;0.809;1.48;0.547;0.619;63;64.7;0.0262;0.035;0.000912;0.000936; 51760;1826;5489;3.08;5.09;47;0.00108;0.675;0.0016;0.619;0.315;1.58;0.801;0.225;0.00342;0.0172; 50560;7;0;3.08;6.1;48;2.82e+03;2.8e+03;1.44e+03; 14%; 14%;  7%;2.75e+03;1.39e+03;2.84e+03; 14%;  7%; 14%;2.75e+03;2.81e+03;1.38e+03; 14%; 14%;  7%;1.38e+03;1.4e+03;1.44e+03;  7%;  7%;  7%;93.8;4.39;0;1.83;0;0;0;0;0;90.9;3.25;0;5.8;0;0;0;0;0;88.3;6.55;0;5.14;0;0;0;0;0;0.258;31.7;0.522;67.5;0;0;0;0;0;58.4;55.4;57.3;33.9;17.3 ;18 ;18.9 ;17.2 ;
2017-09-04;06:39:53.425;0.123;0.391;0.314;0.619;309;312;0.0112;0.0185;0.0073;0.00738;35.7;47;4.23e+04;1.08e+05;2.14e+03;0.781;19.5;0.245;6.14;8.43e+04;50.8;7.83;0.255;41.2;0;6.28;0;0;0;286;94.2;0.165;0.389;0.424;0.619;104;105;0.0103;0.014;0.00736;0.00744; 45680;5358;16064;8.81;12.5;43;0.165;0.397;0.416;0.619;101;102;0.00459;0.016;0.00711;0.00715; 51200;5342;15505;9.32;13;43;0.159;0.383;0.414;0.619;103;103;0.00325;0.014;0.00749;0.00751; 51760;5332;16079;8.8;12.6;44;0.00209;0.734;0.00285;0.619;0.376;1.98;0.81;0.389;0.00208;0.011; 51680;27;6;8.77;8.84;48;8.78e+03;8.77e+03;5.47e+03; 44%; 44%; 27%;8.83e+03;5.36e+03;8.83e+03; 44%; 27%; 44%;8.78e+03;8.76e+03;5.47e+03; 44%; 44%; 27%;5.11e+03;5.02e+03;5.12e+03; 25%; 25%; 26%;68.5;2.9;0.0484;28.5;0;8.18;0;0;0;67.3;3.13;0;29.6;0;1.55;0;0;0;66.9;1.66;0;31.4;0;15.4;0;0;0;0.46;23.6;0.97;75;0;0;0;0;0;76.5;76;80.2;53.1;23.8 ;24.7 ;24.7 ;21 ;
2017-09-04;06:39:54.454;0.0745;0.16;0.465;0.619;259;311;0.168;0.175;0.01;0.0121;26.3;24.8;2.58e+04;1.61e+05;2.17e+03;0.32;8.01;0.149;3.73;3.78e+04;75.1;4.19;0.292;20.4;0;0;0;0;0;296;77.7;0.0817;0.132;0.619;0.619;72.9;86.6;0.158;0.174;0.0103;0.0123; 50720;1110;9748;2.33;2.24;43;0.125;0.202;0.619;0.619;112;134;0.158;0.165;0.0104;0.0124; 48480;12206;3734;19.4;17.8;42;0.0887;0.143;0.619;0.619;73.3;88.6;0.173;0.181;0.00955;0.0115; 53280;1038;9620;2.27;2.19;44;0.00304;0.886;0.00343;0.619;0.406;2.48;0.836;0.422;0.00154;0.00942; 51760;33;5;2.26;2.6;48;6.14e+03;1.49e+03;736; 31%;  7%;  3%;7.96e+03;1.4e+03;7.94e+03; 40%;  7%; 40%;6.13e+03;1.48e+03;719; 31%;  7%;  3%;991;1.79e+03;1.01e+03;  5%;  9%;  5%;100;0.00601;0;0;0;0;0;0;0;100;0.00879;0;0;0;0;0;0;0;100;0.00598;0;0;0;0;0;0;0;0.555;16.7;1.17;81.6;0;0;0;0;0;75.7;87.9;79.6;53;14.2 ;34.4 ;15.4 ;13.7 ;
2017-09-04;06:39:55.487;0.0796;0.171;0.466;0.619;260;312;0.164;0.183;0.00944;0.0113;26.4;25;2.76e+04;1.61e+05;2.16e+03;0.342;8.54;0.159;3.98;3.8e+04;75.3;3.81;0.199;20.7;0;3.57;0;0;0;298;78.2;0.0873;0.141;0.619;0.619;73.8;88;0.161;0.188;0.00977;0.0116; 50160;1112;9810;2.36;2.28;43;0.124;0.201;0.619;0.619;112;133;0.157;0.169;0.0104;0.0124; 52160;12186;3705;19.5;17.9;42;0.091;0.147;0.619;0.619;74.1;88.5;0.162;0.194;0.0094;0.0112; 52240;1074;9665;2.29;2.22;45;0.0158;2.22;0.00711;0.618;0.254;2.07;0.877;0.34;0.000186;0.00151; 52400;17;5;2.27;2.62;48;6.19e+03;1.52e+03;741; 31%;  7%;  3%;7.98e+03;1.4e+03;7.98e+03; 40%;  7%; 40%;6.16e+03;1.51e+03;735; 31%;  7%;  3%;1.02e+03;1.78e+03;1.02e+03;  5%;  8%;  5%;100;0.00132;0;0;0;0;0;0;0;100;0.00121;0;0;0;0;0;0;0;100;0.00206;0;0;0;0;0;0;0;1.15;15.2;0.796;82.8;0;14.3;0;0;0;76.2;88.4;80.1;53.4;14.3 ;34.6 ;15.6 ;13.8 ;
2017-09-04;06:39:56.518;0.0883;0.189;0.468;0.619;262;314;0.166;0.184;0.00856;0.0103;26.3;25;3.06e+04;1.62e+05;2.17e+03;0.377;9.43;0.177;4.42;3.8e+04;75.7;3.53;0.0087;20.8;0;0;0;0;0;298;78.1;0.0872;0.141;0.619;0.619;73.7;87.6;0.159;0.191;0.00974;0.0116; 54400;1105;9771;2.33;2.27;43;0.129;0.209;0.619;0.619;115;137;0.162;0.177;0.0102;0.0122; 52320;12214;3847;19.4;17.9;42;0.0899;0.145;0.619;0.619;73.9;88.6;0.166;0.19;0.00949;0.0114; 50960;1065;9632;2.33;2.26;44;0.047;2.84;0.0165;0.619;0.0483;1.55;0.969;0.105;1.19e-05;0.000381; 52560;0;1;2.27;2.62;48;6.16e+03;1.52e+03;718; 31%;  7%;  3%;7.99e+03;1.41e+03;7.94e+03; 40%;  7%; 40%;6.2e+03;1.53e+03;726; 31%;  7%;  3%;1e+03;1.82e+03;994;  5%;  9%;  5%;100;6.07e-05;0;0;0;0;0;0;0;100;0.000238;0;0;0;0;0;0;0;100;0.00108;0;0;0;0;0;0;0;2.67;14.1;0.0348;83.2;0;0;0;0;0;76;88.4;80;53.9;14.3 ;34.5 ;15.6 ;13.8 ;
2017-09-04;06:39:57.551;0.09;0.192;0.468;0.619;263;317;0.172;0.183;0.00842;0.0102;26.5;25.1;3.12e+04;1.62e+05;2.16e+03;0.384;9.61;0.18;4.5;3.82e+04;75.7;7.45;0.00626;16.9;0;0;0;0;0;301;78.2;0.0895;0.145;0.619;0.619;74;88.9;0.168;0.19;0.00954;0.0115; 52720;1119;9841;2.36;2.29;43;0.128;0.207;0.619;0.619;114;135;0.159;0.17;0.0102;0.0121; 52400;12269;3780;19.5;17.9;41;0.0953;0.154;0.619;0.619;75.1;91.8;0.182;0.196;0.00908;0.0111; 50080;1111;9651;2.36;2.27;45;0.0471;2.86;0.0165;0.619;0.0605;1.57;0.962;0.105;1.48e-05;0.000385; 52400;1;0;2.32;2.67;48;6.19e+03;1.53e+03;745; 31%;  7%;  3%;7.98e+03;1.42e+03;7.97e+03; 40%;  7%; 40%;6.17e+03;1.53e+03;744; 31%;  7%;  3%;1.04e+03;1.81e+03;1.03e+03;  5%;  9%;  5%;100;0.00232;0;0;0;0;0;0;0;100;0.00261;0;0;0;0;0;0;0;100;0.000733;0;0;0;0;0;0;0;2.66;29.8;0.025;67.5;0;0;0;0;0;76.4;88.6;80.3;55.4;14.2 ;34.4 ;15.7 ;13.9 ;
2017-09-04;06:39:58.581;0.0893;0.191;0.468;0.619;262;317;0.171;0.185;0.00847;0.0102;26.3;25;3.1e+04;1.62e+05;2.17e+03;0.381;9.53;0.179;4.47;3.8e+04;75.7;6.34;0.00526;18;0;0;0;0;0;299;77.9;0.0859;0.139;0.619;0.619;73.8;88.8;0.17;0.186;0.00991;0.0119; 46880;1122;9796;2.36;2.29;43;0.129;0.209;0.619;0.619;113;135;0.161;0.174;0.0101;0.012; 53520;12245;3753;19.4;17.8;42;0.0949;0.153;0.619;0.619;75.3;90.9;0.171;0.2;0.00916;0.011; 53360;1088;9712;2.33;2.26;45;0.0471;2.85;0.0165;0.619;0.0696;1.69;0.959;0.106;1.71e-05;0.000414; 52160;3;2;2.25;2.6;47;6.16e+03;1.53e+03;722; 31%;  7%;  3%;7.99e+03;1.39e+03;7.95e+03; 40%;  7%; 40%;6.18e+03;1.52e+03;738; 31%;  7%;  3%;1.02e+03;1.77e+03;1e+03;  5%;  8%;  5%;100;7.62e-05;0;0;0;0;0;0;0;100;0.00207;0;0;0;0;0;0;0;100;0;0;0;0;0;0;0;0;2.67;25.4;0.021;72;0;0;0;0;0;76.1;88.4;79.9;54.8;14.3 ;34.3 ;15.5 ;13.8 ;
2017-09-04;06:39:59.610;0.0919;0.198;0.465;0.619;264;316;0.166;0.197;0.00829;0.00994;26.4;25;3.18e+04;1.61e+05;2.16e+03;0.396;9.89;0.184;4.6;3.8e+04;75.1;6.4;0.00411;18.5;0;0;0;0;0;299;78;0.0947;0.153;0.619;0.619;74.7;90.1;0.17;0.203;0.00912;0.011; 53440;1137;9832;2.36;2.27;43;0.135;0.224;0.604;0.619;115;136;0.159;0.194;0.0098;0.0117; 49920;12298;3724;19.4;17.8;41;0.091;0.147;0.619;0.619;74.3;88.4;0.159;0.196;0.00943;0.0112; 50960;1085;9670;2.32;2.24;45;0.0467;2.85;0.0164;0.619;0.105;1.32;0.921;0.114;2.6e-05;0.000328; 52000;5;0;2.31;2.64;47;6.12e+03;1.53e+03;744; 30%;  7%;  3%;7.97e+03;1.41e+03;7.92e+03; 40%;  7%; 40%;6.16e+03;1.54e+03;734; 31%;  7%;  3%;1.01e+03;1.81e+03;1.04e+03;  5%;  9%;  5%;100;0;0;0;0;0;0;0;0;97.6;2.39;0;0;0;0;0;0;0;100;0.00114;0;0;0;0;0;0;0;2.65;23.2;0.0165;74.1;0;0;0;0;0;76.1;88.5;79.9;54.9;14.3 ;34.3 ;15.6 ;13.8 ;
2017-09-04;06:40:00.638;0.0898;0.193;0.465;0.619;261;313;0.166;0.19;0.00842;0.0101;26.2;24.9;3.1e+04;1.61e+05;2.16e+03;0.386;9.66;0.18;4.49;3.77e+04;75.1;6.67;0.00491;18.3;0;0;0;0;0;298;77.6;0.0887;0.143;0.619;0.619;73.8;88.1;0.163;0.19;0.00962;0.0115; 51760;1134;9792;2.31;2.23;43;0.133;0.221;0.604;0.619;114;135;0.162;0.19;0.00986;0.0118; 52560;12323;3746;19.3;17.8;42;0.0899;0.145;0.619;0.619;73.8;88.5;0.166;0.193;0.00951;0.0114; 50560;1076;9597;2.31;2.23;45;0.047;2.88;0.0163;0.619;0.0975;1.27;0.923;0.124;2.4e-05;0.000313; 52160;5;0;2.26;2.6;48;6.09e+03;1.51e+03;731; 30%;  7%;  3%;7.95e+03;1.38e+03;7.9e+03; 40%;  7%; 40%;6.16e+03;1.51e+03;720; 31%;  7%;  3%;994;1.78e+03;1.02e+03;  5%;  9%;  5%;100;0.00116;0;0;0;0;0;0;0;97.6;2.4;0;0;0;0;0;0;0;100;0.000745;0;0;0;0;0;0;0;2.64;24.3;0.0197;73;0;0;0;0;0;75.9;88.2;79.7;54.6;14.1 ;34.4 ;15.5 ;13.7 ;
2017-09-04;06:40:01.668;0.0796;0.172;0.463;0.619;259;308;0.158;0.19;0.00942;0.0112;26.2;24.9;2.75e+04;1.6e+05;2.16e+03;0.344;8.6;0.159;3.98;3.77e+04;74.7;8.51;0.159;16.6;0;0;0;0;0;299;78;0.0864;0.14;0.619;0.619;72.9;87;0.162;0.186;0.00977;0.0117; 48480;1097;9726;2.3;2.23;43;0.129;0.214;0.605;0.619;112;133;0.154;0.185;0.01;0.0119; 51440;12455;3624;19.3;17.9;41;0.0845;0.137;0.619;0.619;73.9;87.1;0.152;0.195;0.0101;0.0119; 51040;1076;9640;2.25;2.18;44;0.0181;2.45;0.00739;0.619;0.242;1.23;0.803;0.436;0.000155;0.000784; 50560;27;0;2.27;2.61;47;6.11e+03;1.5e+03;729; 30%;  7%;  3%;7.94e+03;1.4e+03;7.89e+03; 40%;  7%; 39%;6.13e+03;1.51e+03;726; 31%;  7%;  3%;995;1.8e+03;1e+03;  5%;  9%;  5%;100;0;0;0;0;0;0;0;0;97.8;2.23;0;0;0;0;0;0;0;100;0.00158;0;0;0;0;0;0;0;1.19;31.8;0.637;66.4;0;0;0;0;0;76.1;88.3;79.7;54.7;14.2 ;34.6 ;15.4 ;13.7 ;
2017-09-04;06:40:02.698;0.077;0.167;0.461;0.619;263;312;0.157;0.198;0.00989;0.0117;26.2;25;2.66e+04;1.6e+05;2.16e+03;0.334;8.34;0.154;3.85;3.78e+04;74.5;4.78;0.126;20.6;0;0;0;0;0;298;78.4;0.0834;0.135;0.619;0.619;72.4;85.7;0.155;0.185;0.01;0.0119; 53280;1105;9694;2.32;2.25;43;0.138;0.227;0.605;0.619;117;138;0.153;0.203;0.00981;0.0116; 50480;12625;3815;19.3;17.9;41;0.0853;0.138;0.619;0.619;73.9;87.5;0.156;0.197;0.01;0.0119; 55280;1071;9581;2.3;2.24;45;0.00179;0.772;0.00231;0.619;0.328;1.34;0.755;0.463;0.00213;0.00866; 50880;21;29;2.29;2.63;48;6.12e+03;1.49e+03;725; 30%;  7%;  3%;7.94e+03;1.42e+03;7.89e+03; 40%;  7%; 39%;6.17e+03;1.49e+03;720; 31%;  7%;  3%;995;1.83e+03;995;  5%;  9%;  5%;100;0.000362;0;0;0;0;0;0;0;97.8;2.23;0;0;0;0;0;0;0;100;0.000323;0;0;0;0;0;0;0;0.374;16.9;0.504;82.2;0;0;0;0;0;75.9;88.7;79.8;53.2;14.3 ;34.7 ;15.6 ;13.8 ;
2017-09-04;06:40:03.725;0.0803;0.174;0.461;0.619;265;316;0.163;0.204;0.00953;0.0114;26.3;25;2.78e+04;1.59e+05;2.16e+03;0.348;8.71;0.161;4.02;3.79e+04;74.5;6.37;0.194;18.9;0;0;0;0;0;298;77.9;0.0874;0.141;0.619;0.619;74.5;88.6;0.159;0.202;0.00985;0.0117; 50880;1100;9830;2.34;2.26;43;0.138;0.228;0.604;0.619;116;137;0.157;0.201;0.00969;0.0115; 49120;12454;3641;19.3;17.9;41;0.0936;0.151;0.619;0.619;74.3;88.9;0.165;0.203;0.00919;0.011; 51840;1081;9571;2.33;2.26;44;0.00221;0.808;0.00273;0.619;0.363;1.65;0.781;0.468;0.0019;0.00868; 51440;28;14;2.32;2.67;47;6.16e+03;1.52e+03;746; 31%;  7%;  3%;7.91e+03;1.41e+03;7.89e+03; 40%;  7%; 39%;6.12e+03;1.53e+03;731; 30%;  7%;  3%;1.01e+03;1.82e+03;1.03e+03;  5%;  9%;  5%;100;0.0014;0;0;0;0;0;0;0;97.6;2.36;0;0;0;0;0;0;0;100;0.000201;0;0;0;0;0;0;0;0.441;23.1;0.775;75.7;0;0;0;0;0;75.9;88.4;79.8;53.7;14.3 ;34.2 ;15.5 ;13.9 ;
2017-09-04;06:40:04.751;0.0814;0.177;0.459;0.619;263;315;0.165;0.206;0.00939;0.0112;26.2;25;2.81e+04;1.58e+05;2.16e+03;0.355;8.87;0.163;4.07;3.78e+04;74.2;8.76;0.243;16.8;0;0;0;0;0;298;77.7;0.0901;0.146;0.619;0.619;73.8;88.1;0.162;0.198;0.0095;0.0113; 58240;1127;9723;2.34;2.27;43;0.144;0.242;0.595;0.619;116;138;0.159;0.215;0.00936;0.0111; 49680;12598;3440;19.3;17.8;41;0.0883;0.143;0.619;0.619;72.8;87.3;0.166;0.188;0.00957;0.0115; 50240;1050;9547;2.31;2.25;45;0.00294;0.927;0.00317;0.619;0.472;1.63;0.71;0.528;0.00186;0.00642; 50960;37;8;2.32;2.66;48;6.11e+03;1.51e+03;739; 31%;  7%;  3%;7.93e+03;1.43e+03;7.9e+03; 40%;  7%; 40%;6.13e+03;1.51e+03;721; 31%;  7%;  3%;992;1.85e+03;1.01e+03;  5%;  9%;  5%;100;0;0;0;0;0;0;0;0;96.1;3.76;0;0.135;0;0;0;0;0;100;0.000351;0;0;0;0;0;0;0;0.512;31.3;0.973;67.2;0;0;0;0;0;75.9;88.4;79.5;54.2;14.2 ;34.3 ;15.5 ;13.7 ;
2017-09-04;06:40:05.775;0.0948;0.213;0.446;0.619;273;327;0.166;0.239;0.00835;0.01;26.4;25.4;3.27e+04;1.54e+05;2.15e+03;0.425;10.6;0.19;4.74;3.85e+04;72;10.7;0.0307;17.2;0;0;0;0;0;299;78.6;0.0901;0.146;0.619;0.619;73.8;87.8;0.16;0.199;0.00951;0.0113; 52160;1123;9727;2.45;2.39;43;0.197;0.363;0.543;0.619;125;150;0.165;0.284;0.00736;0.00881; 50640;13071;3845;19.2;17.8;41;0.0904;0.146;0.619;0.619;73.4;88.2;0.168;0.192;0.00943;0.0113; 51760;1065;9544;2.41;2.36;44;0.00128;0.719;0.00178;0.619;0.245;1.09;0.775;0.394;0.00222;0.00986; 51440;17;0;2.41;2.76;47;6.25e+03;1.52e+03;749; 31%;  7%;  3%;7.99e+03;1.51e+03;7.97e+03; 40%;  7%; 40%;6.23e+03;1.52e+03;732; 31%;  7%;  3%;1.01e+03;1.96e+03;1.04e+03;  5%;  9%;  5%;100;0.000534;0;0;0;0;0;0;0;87.7;12.2;0;0.0308;0;0;0;0;0;100;0.00152;0;0;0;0;0;0;0;0.288;30.6;0.123;69;0;0;0;0;0;75.8;89.8;79.6;54;14.5 ;34.2 ;15.8 ;14 ;
2017-09-04;06:40:06.799;0.0956;0.223;0.429;0.619;273;327;0.165;0.249;0.0083;0.00994;25.9;25.5;3.29e+04;1.48e+05;2.15e+03;0.446;11.1;0.191;4.78;3.93e+04;69.4;10.9;0.249;19.5;0;0;0;0;0;298;78.1;0.0929;0.15;0.619;0.619;76.7;91;0.158;0.196;0.00959;0.0114; 52640;1163;10162;2.41;2.35;43;0.192;0.403;0.477;0.619;119;142;0.165;0.305;0.00716;0.00857; 52240;13667;3477;18.7;18.1;41;0.0966;0.156;0.619;0.619;77.9;93.4;0.165;0.203;0.00938;0.0112; 54960;1131;10056;2.38;2.31;44;0.000781;0.502;0.00156;0.619;0.199;0.979;0.797;0.274;0.00295;0.0146; 51280;5;4;2.38;2.75;48;6.33e+03;1.58e+03;761; 32%;  8%;  3%;8.26e+03;1.47e+03;8.23e+03; 42%;  7%; 41%;6.37e+03;1.56e+03;768; 32%;  7%;  3%;1.07e+03;1.87e+03;1.05e+03;  5%;  9%;  5%;100;0.000773;0;0;0;0;0;0;0;77.1;21.8;0;1.07;0;0;0;0;0;100;0.000939;0;0;0;0;0;0;0;0.252;21.7;0.994;77;0;0;0;0;0;76.1;88.5;79.9;53.2;14.4 ;34.2 ;15.7 ;13.8 ;
2017-09-04;06:40:07.820;0.115;0.287;0.402;0.619;277;337;0.178;0.308;0.007;0.00851;25.5;26.2;3.96e+04;1.38e+05;2.15e+03;0.573;14.3;0.23;5.76;4.29e+04;64.9;16.4;0.129;18.6;0;0;0;0;0;299;78.4;0.104;0.168;0.619;0.619;85.6;103;0.17;0.192;0.00955;0.0115; 53600;1233;11364;2.52;2.43;43;0.248;0.677;0.367;0.619;105;130;0.195;0.432;0.00491;0.0061; 47920;13367;3760;17.9;18.4;41;0.106;0.172;0.619;0.619;86.3;102;0.157;0.197;0.00947;0.0112; 51280;1235;11179;2.54;2.45;44;0.00201;0.816;0.00247;0.619;0.367;1.21;0.696;0.524;0.00212;0.00698; 50480;27;26;2.5;2.92;47;6.86e+03;1.75e+03;835; 34%;  8%;  4%;9.16e+03;1.53e+03;9.01e+03; 46%;  7%; 45%;6.97e+03;1.77e+03;822; 35%;  9%;  4%;1.14e+03;1.9e+03;1.17e+03;  5%;  9%;  5%;100;0.00128;0;0;0;0;0;0;0;59.2;35.8;0;5.01;0;0;0;0;0;100;0;0;0;0;0;0;0;0;0.399;29.7;0.515;69.4;0;0;0;0;0;76.6;88.4;80.4;54;14.5 ;34 ;15.9 ;14.1 ;
2017-09-04;06:40:08.839;0.0834;0.269;0.31;0.619;229;278;0.174;0.281;0.00803;0.00973;22.5;25.6;2.86e+04;1.06e+05;2.14e+03;0.538;13.5;0.167;4.17;4.75e+04;50.1;13.6;0.301;36;0;0;0;0;0;282;75.2;0.122;0.197;0.618;0.619;109;127;0.147;0.183;0.0104;0.0122; 51360;1540;14406;2.17;1.95;43;0.0669;2.86;0.0234;0.619;5.86;13.3;0.559;0.755;0.00102;0.00232; 51920;195;487;16.1;19.2;41;0.143;0.239;0.596;0.619;115;136;0.158;0.216;0.00939;0.0112; 51440;1594;14419;2.15;1.9;44;0.00201;0.837;0.0024;0.619;0.359;1.2;0.701;0.542;0.00208;0.00697; 48480;26;36;2.11;2.5;47;7.42e+03;2.12e+03;941; 37%; 10%;  4%;1.09e+04;1.02e+03;1.07e+04; 55%;  5%; 54%;7.65e+03;2.09e+03;975; 39%; 10%;  4%;1.4e+03;1.03e+03;1.34e+03;  7%;  5%;  6%;99.8;0.236;0;0;0;0;0;0;0;3.79;17.5;0;78.7;0;0;0;0;0;96.2;3.23;0;0.529;0;0;0;0;0;0.388;33.5;1.2;64.9;0;0;0;0;0;77.7;68.2;82.3;54.1;13.6 ;33.4 ;14.7 ;13.4 ;
2017-09-04;06:40:09.841;0.0936;0.316;0.296;0.619;231;276;0.165;0.283;0.00734;0.00879;22.2;25.3;3.15e+04;9.97e+04;2.1e+03;0.631;15.8;0.187;4.68;4.67e+04;47.9;18.2;0.106;33.8;0;0;0;0;0;279;74;0.136;0.228;0.596;0.619;110;130;0.157;0.213;0.00961;0.0114; 52400;1552;14304;2.19;1.95;43;0.0317;2.9;0.0109;0.619;2.54;5.55;0.542;0.809;0.000955;0.00208; 51920;79;221;15.7;19;42;0.175;0.308;0.568;0.619;118;140;0.155;0.262;0.00805;0.00952; 51760;1596;14267;2.18;1.88;44;0.0318;2.72;0.0117;0.619;0.179;0.775;0.769;0.454;6.7e-05;0.00029; 48080;10;29;2.12;2.48;47;7.26e+03;2.21e+03;962; 37%; 11%;  5%;1.06e+04;930;1.03e+04; 55%;  4%; 53%;7.53e+03;2.18e+03;1e+03; 39%; 11%;  5%;1.42e+03;930;1.4e+03;  7%;  4%;  7%;96.2;3.71;0;0.0629;0;0;0;0;0;1.76;35.2;0;63;0;0;0;0;0;91.7;8.3;0;0;0;0;0;0;0;1.89;25.5;0.422;72.2;0;0;0;0;0;76.9;66.9;82;53;13.5 ;32.7 ;14.7 ;13.2 ;
2017-09-04;06:40:10.860;0.119;0.438;0.271;0.619;250;301;0.17;0.312;0.00615;0.0074;22.7;26.4;4.07e+04;9.29e+04;2.14e+03;0.876;21.9;0.237;5.94;4.77e+04;43.8;17.1;0.00295;39.1;0;0;0;0;0;285;76.3;0.178;0.32;0.555;0.619;118;141;0.16;0.271;0.00775;0.00922; 53680;1704;14342;2.38;2.12;42;0.00608;2.45;0.00248;0.619;0.562;1.63;0.654;0.712;0.00108;0.00312; 51680;19;47;15.6;19.5;42;0.245;0.48;0.51;0.619;131;159;0.172;0.336;0.00627;0.00757; 54320;1696;15269;2.38;2.02;44;0.0464;2.89;0.016;0.619;0.0645;0.414;0.844;0.251;1.62e-05;0.000104; 47920;1;40;2.31;2.71;48;7.34e+03;2.46e+03;1.04e+03; 37%; 12%;  5%;1.05e+04;856;1.03e+04; 53%;  4%; 52%;7.66e+03;2.41e+03;1.16e+03; 39%; 12%;  5%;1.64e+03;854;1.49e+03;  8%;  4%;  7%;89.7;10.3;0;0;0;0;0;0;0;0.401;16.2;0;83.4;0;0;0;0;0;82.4;17.1;0;0.578;0;0;0;0;0;2.59;24.9;0.0118;72.5;0;0;0;0;0;79.7;65.2;85.5;54.3;14 ;33.2 ;15.2 ;13.8 ;
2017-09-04;06:40:11.880;0.203;1.3;0.156;0.619;253;328;0.228;0.5;0.00365;0.00473;19.2;23.2;6.94e+04;5.35e+04;2.14e+03;2.59;64.8;0.405;10.1;3.94e+04;25.3;31.9;0.00704;42.8;0;0;0;0;0;268;71.9;0.43;1.18;0.366;0.619;157;200;0.215;0.472;0.00427;0.00544; 47200;2468;14882;2.73;2.29;44;0.000853;1.65;0.000518;0.619;0.107;0.275;0.612;0.757;0.00146;0.00377; 51600;4;10;11;15;44;0.333;1.37;0.243;0.619;95.9;128;0.248;0.537;0.00337;0.00448; 52480;1770;11979;2.73;2.61;46;0.0463;2.9;0.016;0.619;0.0678;0.224;0.698;0.37;1.71e-05;5.66e-05; 48400;3;121;2.72;3.27;48;7.11e+03;2.78e+03;1.54e+03; 36%; 14%;  7%;5.48e+03;565;9.3e+03; 28%;  2%; 47%;4.26e+03;2.99e+03;1.09e+03; 21%; 15%;  5%;1.5e+03;565;2.2e+03;  7%;  2%; 11%;59.1;28.8;0.00608;12;0;0;0;0;0;0.0837;41.4;0;58.5;0;0;0;0;0;39.2;27.1;0;33.7;0;0;0;0;0;2.58;30.4;0.0221;67;0;0;0;0;0;80.8;60.2;75.3;51.5;14.3 ;27.4 ;16 ;14.3 ;
2017-09-04;06:40:13.366;0.324;0.787;0.411;0.619;688;765;0.101;0.219;0.00493;0.00548;69.5;60;1.4e+05;1.77e+05;2.15e+03;1.57;39.4;0.647;16.2;1.11e+05;66.4;10.7;0.00388;22.9;0;1.98;0;0;0;489;148;0.388;0.71;0.547;0.619;191;212;0.0995;0.228;0.00499;0.00554; 49280;4378;16194;14.7;11.5;41;0.489;0.872;0.561;0.619;275;305;0.0972;0.201;0.00534;0.00591; 51280;11451;15650;25.6;23.8;40;0.4;0.717;0.558;0.619;221;247;0.102;0.233;0.00495;0.00551; 52160;4616;17321;14.6;11.4;42;0.0428;2.88;0.0149;0.619;0.108;1.58;0.932;0.117;2.2e-05;0.000321; 48240;5;106;14.5;13.4;47;1.42e+04;9.35e+03;4.36e+03; 57%; 37%; 17%;1.41e+04;5.34e+03;1.41e+04; 57%; 21%; 57%;1.41e+04;9.3e+03;4.43e+03; 57%; 37%; 17%;6.84e+03;8.48e+03;6.75e+03; 27%; 34%; 27%;88.3;1.61;0;10.1;0;8.65;0;0;0;90.6;3.77;0;5.62;0;0.0115;0;0;0;90.1;2.89;0;6.99;0;0;0;0;0;2.4;32.3;0.0145;65.3;0;0;0;0;0;130;140;136;82.9;33.5 ;46.6 ;35.2 ;33 ;
2017-09-04;06:40:14.589;0.357;0.753;0.475;0.619;844;936;0.0977;0.202;0.00505;0.0056;61.4;53.3;1.67e+05;2.22e+05;3.12e+03;1.51;37.6;0.714;17.9;9.86e+04;76.7;7.1;0.00574;16.2;0;0;0;0;0;425;130;0.411;0.664;0.619;0.619;259;286;0.0947;0.204;0.00517;0.00571; 47600;5466;20104;13;10.1;41;0.535;0.864;0.619;0.619;339;375;0.0965;0.2;0.00534;0.00591; 49760;14954;20415;22.7;21.3;40;0.416;0.672;0.619;0.619;247;273;0.0953;0.204;0.00515;0.00569; 49200;5161;19508;12.9;10.1;42;0.0512;2.85;0.018;0.619;0.143;2.41;0.941;0.11;2.47e-05;0.000418; 48240;8;118;12.8;11.8;47;1.26e+04;8.24e+03;3.86e+03; 47%; 30%; 14%;1.25e+04;4.72e+03;1.26e+04; 46%; 17%; 47%;1.25e+04;8.19e+03;3.89e+03; 46%; 30%; 14%;6e+03;7.49e+03;5.95e+03; 22%; 28%; 22%;100;0;0;0;0;0;0;0;0;100;0;0;0;0;0;0;0;0;100;0.000155;0;0;0;0;0;0;0;2.9;29.5;0.0239;67.5;0;0;0;0;0;113;123;118;70.6;29 ;41 ;30.9 ;28.7 ;
2017-09-04;06:40:15.604;0.369;0.826;0.447;0.619;633;704;0.1;0.218;0.00486;0.00541;50.3;44.2;1.3e+05;1.58e+05;2.57e+03;1.65;41.3;0.738;18.4;8.29e+04;72.1;8.49;0.0463;19.3;0;0.0893;0;0;0;355;107;0.444;0.718;0.619;0.619;215;237;0.0937;0.202;0.00522;0.00576; 51520;4625;17113;10.7;8.25;40;0.532;1.03;0.518;0.619;215;242;0.109;0.246;0.00455;0.00511; 50640;8080;12133;18.3;17.9;40;0.453;0.732;0.619;0.619;203;224;0.0936;0.202;0.00521;0.00574; 51520;4353;16493;10.7;8.24;41;0.032;2.71;0.0118;0.619;0.188;1.39;0.864;0.378;6.9e-05;0.000508; 47120;23;99;10.6;9.8;47;1.02e+04;7.36e+03;3.37e+03; 50%; 36%; 16%;1.07e+04;3.57e+03;1.07e+04; 53%; 17%; 53%;1.01e+04;7.32e+03;3.4e+03; 50%; 36%; 16%;5.32e+03;5.52e+03;5.26e+03; 26%; 27%; 26%;100;0.000442;0;0;0;0;0;0;0;83.6;5.65;0;10.7;0;0.354;0;0;0;100;0;0;0;0;0;0;0;0;1.91;29.2;0.191;68.7;0;0;0;0;0;95.7;98.8;102;58.3;24.1 ;33.7 ;25.6 ;23.7 ;
2017-09-04;06:40:16.626;0.295;1.02;0.289;0.619;457;507;0.098;0.246;0.00453;0.00502;37.2;33.9;1.01e+05;9.91e+04;2.13e+03;2.04;50.9;0.589;14.7;6.19e+04;46.8;9.79;0.402;43.1;0;16.7;0;0;0;301;90.9;0.512;1.06;0.484;0.619;193;214;0.102;0.263;0.00439;0.00489; 48080;4527;16093;8.11;6.13;41;0.161;0.846;0.19;0.619;72.4;78.8;0.0809;0.205;0.00525;0.00571; 56800;3311;4632;13;13.9;41;0.504;1.05;0.482;0.619;192;213;0.0973;0.242;0.00444;0.00492; 52960;3990;14658;8.08;6.12;42;0.00164;0.783;0.00209;0.619;0.271;1.1;0.754;0.457;0.00193;0.00786; 47840;17;20;8.04;7.74;47;6.6e+03;6.63e+03;2.83e+03; 33%; 33%; 14%;8.02e+03;1.78e+03;8.12e+03; 40%;  9%; 41%;6.5e+03;6.6e+03;2.83e+03; 33%; 33%; 14%;4.71e+03;2.57e+03;4.71e+03; 24%; 13%; 24%;78.2;7.65;0.00792;14.2;0;0;0;0;0;30.7;2.38;0;66.9;0;60.5;0;0;0;77.8;5.85;0;16.3;0;6.29;0;0;0;0.338;23.3;1.6;74.8;0;0;0;0;0;87.4;69.1;92;52.8;20.7 ;27.9 ;21.8 ;20.5 ;
2017-09-04;06:40:17.646;0.323;0.694;0.465;0.619;587;635;0.0756;0.203;0.0053;0.00574;49.4;46.2;1.11e+05;1.59e+05;2.15e+03;1.39;34.7;0.645;16.1;7.66e+04;75.1;5.53;0.225;19.2;0;0;0;0;0;342;109;0.379;0.612;0.619;0.619;173;186;0.0709;0.201;0.00533;0.00573; 48640;3869;14186;10.5;8.89;41;0.516;0.833;0.619;0.619;236;256;0.077;0.204;0.00535;0.00579; 60640;10399;14388;18.3;17.9;40;0.394;0.637;0.619;0.619;177;191;0.0721;0.205;0.00524;0.00565; 50640;3953;15125;10.4;8.81;42;0.00106;0.735;0.00145;0.619;0.127;1.44;0.912;0.205;0.00139;0.0158; 47840;3;0;10.3;10.6;47;1.01e+04;6.42e+03;2.74e+03; 51%; 32%; 13%;9.89e+03;3.42e+03;9.91e+03; 50%; 17%; 50%;1e+04;6.3e+03;2.75e+03; 51%; 32%; 14%;4.64e+03;5.91e+03;4.53e+03; 23%; 30%; 23%;100;0;0;0;0;0;0;0;0;100;0.00127;0;0;0;0;0;0;0;100;0.000926;0;0;0;0;0;0;0;0.233;22.1;0.901;76.8;0;0;0;0;0;89.2;101;94.3;56.9;24.4 ;34 ;25.8 ;24.4 ;
2017-09-04;06:40:18.667;0.323;0.695;0.465;0.619;592;640;0.0755;0.203;0.00534;0.00578;49.9;46.6;1.11e+05;1.59e+05;2.14e+03;1.39;34.7;0.646;16.1;7.75e+04;75.1;4.92;0.162;19.9;0;0;0;0;0;342;109;0.375;0.607;0.619;0.619;174;187;0.0711;0.2;0.0054;0.00581; 48560;3938;14784;10.6;8.97;40;0.524;0.847;0.619;0.619;240;259;0.0763;0.205;0.00533;0.00577; 57600;10657;14925;18.4;18;39;0.391;0.631;0.619;0.619;178;192;0.0715;0.203;0.00532;0.00573; 50880;3840;14622;10.5;8.88;42;0.0011;0.698;0.00157;0.619;0.129;1.66;0.923;0.159;0.00137;0.0177; 48400;7;1;10.4;10.7;47;1.02e+04;6.48e+03;2.76e+03; 52%; 33%; 14%;9.98e+03;3.45e+03;9.99e+03; 50%; 17%; 50%;1.01e+04;6.37e+03;2.8e+03; 51%; 32%; 14%;4.69e+03;6e+03;4.58e+03; 23%; 30%; 23%;100;0.000931;0;0;0;0;0;0;0;100;0.00118;0;0;0;0;0;0;0;100;0.00146;0;0;0;0;0;0;0;0.254;19.7;0.649;79.4;0;0;0;0;0;89.3;102;94.4;56.8;24.6 ;34 ;25.9 ;24.3 ;
2017-09-04;06:40:19.686;0.322;0.694;0.464;0.619;589;637;0.0757;0.202;0.00534;0.00577;49.7;46.5;1.1e+05;1.59e+05;2.14e+03;1.39;34.7;0.645;16.1;7.72e+04;75;4.93;0.246;19.8;0;0;0;0;0;342;109;0.378;0.61;0.619;0.619;174;187;0.0703;0.2;0.00538;0.00579; 53600;3859;14163;10.6;8.96;40;0.515;0.834;0.618;0.619;237;257;0.0771;0.203;0.00537;0.00582; 51600;10262;14378;18.3;18;39;0.395;0.639;0.619;0.619;178;192;0.0717;0.204;0.00526;0.00566; 54000;3807;14568;10.4;8.88;41;0.00111;0.652;0.00171;0.619;0.14;1.68;0.917;0.154;0.00147;0.0177; 48560;4;2;10.4;10.7;47;1.02e+04;6.48e+03;2.77e+03; 52%; 33%; 14%;9.94e+03;3.44e+03;9.96e+03; 50%; 17%; 50%;1.01e+04;6.36e+03;2.78e+03; 51%; 32%; 14%;4.67e+03;5.96e+03;4.57e+03; 23%; 30%; 23%;100;0.000248;0;0;0;0;0;0;0;99.8;0.224;0;0;0;0;0;0;0;100;0.000481;0;0;0;0;0;0;0;0.276;19.5;0.986;79.2;0;0;0;0;0;89.2;101;94.3;56.7;24.5 ;34 ;25.7 ;24.5 ;
2017-09-04;06:40:20.700;0.307;0.924;0.332;0.619;547;590;0.0735;0.22;0.00522;0.00563;44.5;42.3;1.05e+05;1.13e+05;2.14e+03;1.85;46.2;0.614;15.3;7.45e+04;53.7;15.6;0.0213;30.7;0;0;0;0;0;330;102;0.51;0.848;0.602;0.619;238;255;0.0675;0.198;0.00546;0.00586; 45280;5188;19376;9.64;7.21;40;0.177;1.35;0.131;0.619;62.8;70.7;0.112;0.335;0.00416;0.00468; 52480;1930;3973;15.6;18.3;42;0.539;0.907;0.595;0.619;246;263;0.0675;0.204;0.00534;0.00573; 42800;5060;19553;9.61;7.16;41;0.0006;0.599;0.001;0.619;0.132;0.568;0.767;0.319;0.00259;0.0111; 48480;3;2;9.56;9.57;47;7.86e+03;8.22e+03;3.24e+03; 40%; 42%; 16%;1.02e+04;1.63e+03;1.02e+04; 52%;  8%; 52%;7.76e+03;8.09e+03;3.28e+03; 39%; 41%; 16%;5.87e+03;2.43e+03;5.72e+03; 30%; 12%; 29%;97.3;2.75;0;0;0;0;0;0;0;21.1;30.2;0;48.7;0;0;0;0;0;96.1;2.94;0;0.998;0;0;0;0;0;0.162;26.5;0.0855;73.3;0;0;0;0;0;97.2;76.5;99.6;56.6;22.6 ;32.4 ;24 ;23.2 ;
2017-09-04;06:40:21.742;0.13;0.381;0.342;0.619;273;287;0.0475;0.14;0.00604;0.00634;38.8;49.8;4.52e+04;1.19e+05;2.13e+03;0.762;19;0.261;6.52;7.43e+04;55.3;12.4;0.111;32.1;0;1.88;0;0;0;312;101;0.229;0.472;0.486;0.619;106;113;0.061;0.188;0.00539;0.00574; 53600;4918;14348;9.66;12.2;41;0.0998;0.235;0.424;0.619;67;68.3;0.0182;0.0198;0.00776;0.0079; 42880;4488;13374;9.8;12.8;41;0.193;0.418;0.46;0.619;99.4;104;0.0413;0.153;0.00594;0.0062; 46080;5534;16719;9.74;12.2;41;0.000936;0.588;0.00159;0.619;0.167;1.34;0.875;0.188;0.00206;0.0165; 49120;7;1;9.62;12.6;47;7.38e+03;8.13e+03;3.68e+03; 37%; 41%; 18%;8.33e+03;3.87e+03;7.89e+03; 42%; 19%; 39%;7.96e+03;8.28e+03;4.42e+03; 40%; 41%; 22%;5.32e+03;4.36e+03;4.71e+03; 26%; 22%; 23%;78.5;7.94;0.00556;13.6;0;0;0;0;0;68.5;8.62;0;22.9;0;0;0;0;0;74.4;4.69;0;20.9;0;7.52;0;0;0;0.257;28.5;0.438;70.8;0;0;0;0;0;86.3;78.6;89.5;57.5;24.7 ;26 ;26.3 ;24.3 ;
2017-09-04;06:40:22.768;0.0979;0.216;0.452;0.619;282;288;0.0212;0.0144;0.0083;0.00848;43.5;59.7;3.39e+04;1.57e+05;2.19e+03;0.433;10.8;0.196;4.89;8.64e+04;73.1;6.21;0.127;20.6;0;0.218;0;0;0;333;112;0.104;0.169;0.619;0.619;75.9;77.3;0.0181;0.0138;0.00836;0.00851; 51280;4835;14424;11;15.3;40;0.137;0.221;0.619;0.619;96.9;98.4;0.0151;0.0128;0.00817;0.0083; 52800;6200;18821;10.8;14.7;41;0.149;0.262;0.569;0.619;109;110;0.0144;0.0133;0.00842;0.00855; 32720;6748;20295;10.8;14.6;42;0.00119;0.63;0.00189;0.619;0.161;1.78;0.91;0.168;0.00156;0.0172; 48240;5;1;10.9;15.1;47;8.75e+03;9.19e+03;4.17e+03; 44%; 46%; 21%;1.01e+04;5e+03;8.58e+03; 50%; 25%; 43%;1e+04;8.95e+03;5.29e+03; 50%; 45%; 26%;6e+03;5.66e+03;4.69e+03; 30%; 28%; 23%;100;0.0373;0;0;0;0;0;0;0;99.9;0.0522;0;0;0;0;0;0;0;91.9;4.12;0;4.03;0;0.875;0;0;0;0.306;20.7;0.509;78.5;0;0;0;0;0;89;89.2;95.5;59.7;28 ;28.2 ;28.7 ;26.9 ;
2017-09-04;06:40:23.790;0.263;0.692;0.38;0.619;515;556;0.0739;0.182;0.00569;0.00614;46.3;43.9;9.05e+04;1.31e+05;2.16e+03;1.38;34.6;0.526;13.2;7.75e+04;61.4;5.55;0.159;32.9;0;4.31;0;0;0;326;105;0.354;0.599;0.591;0.619;189;201;0.0601;0.154;0.00619;0.00658; 46640;5866;19543;10.1;8.47;41;0.408;0.847;0.482;0.619;195;211;0.0769;0.192;0.00556;0.00602; 48080;8589;13825;16.1;16.1;39;0.289;0.649;0.446;0.619;131;143;0.0799;0.204;0.00528;0.00574; 41440;3007;10987;10.1;9.35;41;0.000992;0.591;0.00168;0.619;0.201;1.58;0.873;0.17;0.00235;0.0185; 49840;5;2;10;9.96;47;1.03e+04;7.05e+03;4.41e+03; 52%; 35%; 22%;8.23e+03;3.51e+03;1.05e+04; 41%; 17%; 53%;8.34e+03;7.37e+03;2.53e+03; 42%; 37%; 12%;3.83e+03;5.36e+03;6.03e+03; 19%; 27%; 30%;95.5;2.05;0;2.48;0;0;0;0;0;77.9;1.72;0;20.4;0;17.2;0;0;0;72;1.85;0;26.1;0;0;0;0;0;0.271;16.6;0.636;82.5;0;0;0;0;0;90.8;92.6;85.8;56.6;23.7 ;31.9 ;25.6 ;23.7 ;
2017-09-04;06:40:24.810;0.335;0.721;0.465;0.619;602;658;0.0852;0.204;0.00523;0.00572;50.6;42.5;1.15e+05;1.59e+05;2.14e+03;1.44;36.1;0.67;16.8;8.06e+04;75.1;3.64;0.193;21.1;0;0;0;0;0;344;106;0.406;0.656;0.619;0.619;179;195;0.0805;0.206;0.00515;0.0056; 46560;3807;14451;10.7;7.89;40;0.53;0.856;0.619;0.619;243;266;0.086;0.203;0.00535;0.00585; 50400;10446;15044;18.9;17.5;39;0.403;0.652;0.619;0.619;179;195;0.0807;0.204;0.00518;0.00563; 54800;4175;15179;10.6;7.88;42;0.00137;0.721;0.0019;0.619;0.143;1.86;0.923;0.161;0.00122;0.0158; 49120;5;1;10.5;9.22;47;1.04e+04;6.65e+03;3.15e+03; 52%; 33%; 16%;1.02e+04;3.8e+03;1.02e+04; 52%; 19%; 52%;1.03e+04;6.62e+03;3.15e+03; 52%; 33%; 16%;4.91e+03;6.21e+03;4.9e+03; 25%; 31%; 25%;100;0.000205;0;0;0;0;0;0;0;100;0.00106;0;0;0;0;0;0;0;100;0.00115;0;0;0;0;0;0;0;0.307;14.6;0.772;84.3;0;0;0;0;0;90.4;103;95;56.5;23.8 ;34 ;25.1 ;23.5 ;
2017-09-04;06:40:25.830;0.336;0.722;0.465;0.619;602;658;0.085;0.205;0.00524;0.00572;50.6;42.5;1.15e+05;1.59e+05;2.14e+03;1.44;36.1;0.671;16.8;8.07e+04;75.1;3.68;0.167;21.1;0;0;0;0;0;344;106;0.396;0.639;0.619;0.619;178;194;0.0811;0.202;0.00526;0.00572; 41280;3759;14046;10.7;7.91;40;0.543;0.877;0.619;0.619;244;267;0.0851;0.207;0.00525;0.00574; 45600;10507;15216;18.8;17.5;39;0.402;0.65;0.619;0.619;179;195;0.0811;0.204;0.00521;0.00567; 48000;4249;15117;10.6;7.9;41;0.00111;0.617;0.0018;0.619;0.133;1.77;0.925;0.16;0.00141;0.0186; 49520;4;3;10.5;9.23;47;1.04e+04;6.68e+03;3.15e+03; 53%; 34%; 16%;1.03e+04;3.81e+03;1.03e+04; 52%; 19%; 52%;1.03e+04;6.63e+03;3.14e+03; 52%; 33%; 16%;4.93e+03;6.21e+03;4.91e+03; 25%; 31%; 25%;100;0.00092;0;0;0;0;0;0;0;100;0.00133;0;0;0;0;0;0;0;100;0.000781;0;0;0;0;0;0;0;0.29;14.7;0.669;84.3;0;0;0;0;0;90.1;103;95.1;56.4;24 ;33.7 ;25.5 ;23.4 ;
2017-09-04;06:40:26.846;0.339;0.829;0.408;0.619;587;643;0.0868;0.22;0.00507;0.00555;48.4;41.6;1.16e+05;1.4e+05;2.14e+03;1.66;41.5;0.677;16.9;8.06e+04;66;4.77;0.187;29.1;0;4.21;0;0;0;343;104;0.463;0.748;0.619;0.619;210;228;0.0784;0.202;0.00531;0.00576; 52640;4513;16894;10.3;7.39;40;0.421;1.07;0.393;0.619;162;181;0.103;0.26;0.00451;0.00504; 50080;6173;9916;17.7;17.9;40;0.47;0.759;0.619;0.619;214;232;0.0781;0.202;0.00533;0.00578; 56800;4925;17388;10.3;7.37;41;0.000853;0.522;0.00163;0.619;0.159;1.18;0.865;0.227;0.00219;0.0162; 50320;7;0;10.2;8.93;47;9.56e+03;7.5e+03;3.38e+03; 48%; 38%; 17%;1.07e+04;3.03e+03;1.06e+04; 54%; 15%; 54%;9.58e+03;7.43e+03;3.39e+03; 49%; 38%; 17%;5.46e+03;4.67e+03;5.4e+03; 27%; 23%; 27%;100;0.00176;0;0;0;0;0;0;0;63.6;7.17;0;29.3;0;16.8;0;0;0;100;0.00084;0;0;0;0;0;0;0;0.264;11.9;0.749;87.1;0;0;0;0;0;93.9;92.1;101;55.9;23.2 ;33.4 ;24.9 ;22.8 ;
2017-09-04;06:40:27.867;0.307;1.03;0.297;0.619;477;532;0.102;0.265;0.00455;0.00506;38.8;33;1.05e+05;1.02e+05;2.13e+03;2.06;51.6;0.613;15.3;6.47e+04;48;10.1;0.139;41.7;0;7.13;0;0;0;306;92.4;0.513;1.06;0.484;0.619;195;217;0.101;0.263;0.00444;0.00494; 47840;3825;13531;8.44;5.94;40;0.201;0.899;0.224;0.619;87.7;98.2;0.106;0.246;0.00509;0.0057; 46480;3271;4989;13.7;13.8;40;0.512;1.07;0.48;0.619;195;216;0.0985;0.276;0.00444;0.00492; 47120;4092;14398;8.4;5.9;42;0.000763;0.506;0.00151;0.619;0.183;0.984;0.814;0.261;0.0028;0.015; 50080;6;4;8.34;7.33;47;6.89e+03;6.67e+03;2.92e+03; 35%; 34%; 14%;8.41e+03;2.15e+03;8.42e+03; 42%; 10%; 43%;6.89e+03;6.68e+03;2.95e+03; 35%; 34%; 15%;4.85e+03;3e+03;4.85e+03; 24%; 15%; 24%;78.2;8.6;0.00671;13.2;0;0;0;0;0;36.2;9.93;0;53.9;0;28.5;0;0;0;77.6;10.2;0.000795;12.3;0;0;0;0;0;0.243;11.8;0.55;87.4;0;0;0;0;0;87.8;72.7;93.1;52;20.9 ;28.5 ;22.3 ;20.7 ;
2017-09-04;06:40:28.887;0.346;0.745;0.465;0.619;614;682;0.0991;0.206;0.00517;0.00574;51.3;44.2;1.19e+05;1.59e+05;2.14e+03;1.49;37.3;0.693;17.3;8.24e+04;75.1;4.88;0.025;20;0;0;0;0;0;355;107;0.423;0.684;0.619;0.619;183;203;0.0965;0.208;0.00506;0.0056; 50720;4000;14642;10.8;8.38;40;0.546;0.882;0.619;0.619;247;274;0.0989;0.205;0.00527;0.00584; 45760;10295;15704;19;17.7;39;0.415;0.67;0.619;0.619;184;203;0.0956;0.204;0.00517;0.00571; 53680;4018;14606;10.8;8.33;41;0.00115;0.722;0.00159;0.619;0.161;1.67;0.904;0.196;0.00163;0.017; 51040;9;83;10.7;9.74;47;1.05e+04;6.86e+03;3.23e+03; 53%; 35%; 16%;1.05e+04;3.96e+03;1.05e+04; 53%; 20%; 53%;1.05e+04;6.86e+03;3.24e+03; 53%; 34%; 16%;4.99e+03;6.3e+03;4.99e+03; 25%; 32%; 25%;100;0.00234;0;0;0;0;0;0;0;100;0.0016;0;0;0;0;0;0;0;100;0.0048;0;0;0;0;0;0;0;0.257;19.5;0.1;80.1;0;0;0;0;0;95;103;99.6;57;24.1 ;34 ;25.5 ;23.9 ;
2017-09-04;06:40:29.907;0.345;0.743;0.465;0.619;612;680;0.0994;0.205;0.00518;0.00575;51.3;44.2;1.18e+05;1.59e+05;2.14e+03;1.49;37.1;0.69;17.3;8.23e+04;75.1;3.53;0.0088;21.4;0;0;0;0;0;351;107;0.419;0.677;0.619;0.619;183;202;0.0964;0.207;0.00508;0.00562; 46480;4179;15218;10.8;8.39;39;0.545;0.88;0.619;0.619;246;273;0.099;0.204;0.00528;0.00586; 44880;9975;14959;19;17.7;38;0.416;0.672;0.619;0.619;184;203;0.0964;0.204;0.00515;0.0057; 53760;4133;15040;10.7;8.34;41;0.00117;0.747;0.00157;0.619;0.158;1.68;0.906;0.199;0.00158;0.0168; 50960;6;116;10.7;9.75;47;1.05e+04;6.87e+03;3.23e+03; 53%; 35%; 16%;1.05e+04;3.96e+03;1.04e+04; 53%; 20%; 53%;1.05e+04;6.85e+03;3.25e+03; 53%; 35%; 16%;4.99e+03;6.29e+03;4.98e+03; 25%; 32%; 25%;100;0.000252;0;0;0;0;0;0;0;100;0.00092;0;0;0;0;0;0;0;100;0.0024;0;0;0;0;0;0;0;0.253;14.1;0.0352;85.6;0;0;0;0;0;95;103;96;56.5;24.1 ;33.9 ;25.5 ;23.9 ;
2017-09-04;06:40:30.923;0.363;0.805;0.451;0.619;615;685;0.102;0.215;0.00496;0.00552;51;44.3;1.24e+05;1.54e+05;2.14e+03;1.61;40.2;0.726;18.1;8.34e+04;72.8;3.82;0.128;23.2;0;0;0;0;0;355;107;0.432;0.699;0.619;0.619;190;210;0.0951;0.204;0.00515;0.00569; 52000;4167;15349;10.9;8.37;39;0.579;1.03;0.563;0.619;230;258;0.108;0.234;0.00464;0.0052; 51360;7846;13012;18.6;17.8;38;0.439;0.709;0.619;0.619;195;216;0.0953;0.203;0.0052;0.00574; 49440;4274;15462;10.8;8.32;40;0.000973;0.545;0.00178;0.619;0.16;1.41;0.886;0.212;0.00192;0.0169; 50480;5;50;10.7;9.8;47;1.04e+04;7.16e+03;3.31e+03; 53%; 36%; 16%;1.08e+04;3.83e+03;1.06e+04; 55%; 19%; 54%;1.05e+04;7.11e+03;3.36e+03; 53%; 36%; 17%;5.2e+03;6.03e+03;5.12e+03; 26%; 30%; 26%;100;0.00014;0;0;0;0;0;0;0;91;5.69;0;3.29;0;0;0;0;0;100;0.00313;0;0;0;0;0;0;0;0.288;9.6;0.512;89.6;0;0;0;0;0;95.3;103;101;56;24.1 ;33.7 ;25.6 ;24 ;
2017-09-04;06:40:31.956;0.266;0.935;0.285;0.619;405;461;0.121;0.289;0.00442;0.00503;33.1;30.1;9.17e+04;9.8e+04;2.13e+03;1.87;46.8;0.532;13.3;5.61e+04;46;10.9;0.175;42.9;0;5.28;0;0;0;304;87.3;0.5;0.974;0.513;0.619;193;216;0.11;0.246;0.00449;0.00505; 51840;3956;14904;6.61;4.75;42;0.0562;0.411;0.137;0.619;26.3;31.9;0.178;0.268;0.00544;0.00661; 51280;2620;1012;13.5;14.4;41;0.509;1.04;0.488;0.619;186;211;0.121;0.331;0.00423;0.00481; 45040;3684;14053;6.55;4.77;43;0.000866;0.52;0.00166;0.619;0.207;1.17;0.822;0.269;0.00277;0.0156; 51360;8;29;6.49;6.1;47;5.79e+03;6.07e+03;2.64e+03; 29%; 30%; 13%;7.88e+03;1.25e+03;8.23e+03; 40%;  6%; 41%;5.55e+03;6.15e+03;2.6e+03; 28%; 31%; 13%;4.23e+03;1.34e+03;4.37e+03; 21%;  6%; 22%;82.9;7.11;0;10;0;0.122;0;0;0;22.1;4.6;0;73.3;0;21;0;0;0;78.9;9.89;0;11.2;0;0;0;0;0;0.269;22;0.699;77;0;0;0;0;0;89.4;65.8;95.1;53.2;19.1 ;29 ;20.4 ;18.9 ;
2017-09-04;06:40:32.987;0.0742;0.16;0.465;0.619;259;309;0.163;0.179;0.0101;0.012;26.3;25;2.57e+04;1.61e+05;2.17e+03;0.319;7.98;0.148;3.71;3.79e+04;75.1;4.42;0.161;20.3;0;0;0;0;0;298;77.7;0.0863;0.139;0.619;0.619;73;87.2;0.162;0.188;0.00976;0.0116; 49600;994;9366;2.31;2.24;42;0.126;0.204;0.619;0.619;113;134;0.16;0.166;0.0103;0.0123; 49920;12652;3871;19.4;17.9;40;0.0827;0.134;0.618;0.619;72.7;86;0.155;0.188;0.0101;0.012; 46320;896;9274;2.3;2.24;43;0.00129;0.614;0.00209;0.619;0.169;1.87;0.91;0.206;0.00152;0.0168; 51040;7;23;2.25;2.59;47;6.17e+03;1.45e+03;722; 31%;  7%;  3%;8.01e+03;1.43e+03;7.94e+03; 40%;  7%; 40%;6.24e+03;1.46e+03;707; 31%;  7%;  3%;969;1.83e+03;996;  4%;  9%;  5%;100;0.00122;0;0;0;0;0;0;0;100;0.00138;0;0;0;0;0;0;0;99.9;0.0972;0;0;0;0;0;0;0;0.338;17.6;0.645;81.4;0;0;0;0;0;76;88.6;80.2;53.2;14.1 ;34.3 ;15.5 ;13.7 ;
2017-09-04;06:40:34.014;0.0778;0.167;0.465;0.619;262;316;0.17;0.188;0.00975;0.0118;26.4;25;2.69e+04;1.61e+05;2.16e+03;0.335;8.37;0.156;3.89;3.82e+04;75.1;4.14;0.154;20.6;0;0;0;0;0;298;77.9;0.0883;0.143;0.619;0.619;73.5;87.5;0.16;0.194;0.00963;0.0115; 54640;981;9404;2.38;2.3;42;0.13;0.209;0.619;0.619;114;137;0.165;0.175;0.0102;0.0123; 48880;12629;3909;19.4;17.8;40;0.0923;0.149;0.619;0.619;74.3;89.6;0.171;0.2;0.00932;0.0112; 47760;941;9304;2.36;2.28;43;0.00118;0.597;0.00198;0.619;0.141;1.84;0.923;0.178;0.00138;0.018; 50960;5;24;2.29;2.63;47;6.22e+03;1.52e+03;732; 31%;  7%;  3%;7.98e+03;1.44e+03;7.98e+03; 40%;  7%; 40%;6.2e+03;1.52e+03;729; 31%;  7%;  3%;1.01e+03;1.84e+03;1.01e+03;  5%;  9%;  5%;100;8.66e-05;0;0;0;0;0;0;0;100;0.00125;0;0;0;0;0;0;0;100;0.00132;0;0;0;0;0;0;0;0.32;16.6;0.618;82.5;0;0;0;0;0;75.9;88.6;80.2;53.1;14.2 ;34.3 ;15.6 ;13.8 ;
2017-09-04;06:40:35.043;0.079;0.17;0.465;0.619;263;316;0.166;0.19;0.00964;0.0116;26.4;25.1;2.73e+04;1.61e+05;2.16e+03;0.34;8.5;0.158;3.95;3.82e+04;75.1;2.25;0.16;22.5;0;13.4;0;0;0;297;78;0.0916;0.148;0.619;0.619;73.8;88.9;0.169;0.197;0.00933;0.0112; 49840;1002;9335;2.37;2.3;42;0.134;0.216;0.619;0.619;115;137;0.157;0.181;0.00996;0.0118; 52720;12632;3940;19.3;17.8;40;0.089;0.144;0.619;0.619;73.9;87.9;0.159;0.198;0.00961;0.0114; 50960;908;9304;2.34;2.28;43;0.00155;0.685;0.00227;0.606;0.165;2.05;0.919;0.196;0.00123;0.0153; 50800;12;0;2.31;2.66;47;6.18e+03;1.51e+03;741; 31%;  7%;  3%;8e+03;1.45e+03;7.93e+03; 40%;  7%; 40%;6.22e+03;1.5e+03;733; 31%;  7%;  3%;1e+03;1.87e+03;1.02e+03;  5%;  9%;  5%;100;0.000854;0;0;0;0;0;0;0;100;0.00261;0;0;0;0;0;0;0;100;0;0;0;0;0;0;0;0;0.374;9.01;0.641;90;0;53.7;0;0;0;76.2;88.7;80.1;52.3;14.2 ;34.4 ;15.7 ;13.8 ;
2017-09-04;06:40:36.070;0.0777;0.167;0.465;0.619;261;313;0.167;0.186;0.00973;0.0117;26.4;25;2.68e+04;1.61e+05;2.16e+03;0.334;8.35;0.155;3.88;3.81e+04;75.1;5.21;0.131;19.6;0;0;0;0;0;298;78;0.0867;0.14;0.619;0.619;72.9;87.6;0.168;0.185;0.00973;0.0117; 50560;990;9312;2.39;2.32;42;0.13;0.209;0.619;0.619;114;136;0.159;0.175;0.0102;0.0121; 50160;12701;3866;19.4;17.8;40;0.093;0.15;0.619;0.619;73.9;88.2;0.163;0.204;0.0092;0.011; 47680;903;9344;2.33;2.26;43;0.00127;0.618;0.00206;0.619;0.155;1.87;0.917;0.203;0.00141;0.0171; 50320;4;8;2.28;2.62;47;6.2e+03;1.53e+03;731; 31%;  7%;  3%;7.99e+03;1.44e+03;7.95e+03; 40%;  7%; 40%;6.18e+03;1.52e+03;732; 31%;  7%;  3%;1.01e+03;1.83e+03;1.01e+03;  5%;  9%;  5%;100;0.00105;0;0;0;0;0;0;0;100;0.00115;0;0;0;0;0;0;0;100;0.00148;0;0;0;0;0;0;0;0.332;20.9;0.522;78.3;0;0;0;0;0;76;88.5;80.1;53.4;14.3 ;34.3 ;15.6 ;13.8 ;
2017-09-04;06:40:37.101;0.0773;0.167;0.464;0.619;262;315;0.168;0.187;0.0098;0.0118;26.4;25.1;2.67e+04;1.6e+05;2.16e+03;0.334;8.34;0.155;3.87;3.81e+04;74.9;5.44;0.109;19.5;0;0;0;0;0;299;78.2;0.0863;0.139;0.619;0.619;73.8;88.1;0.162;0.195;0.0099;0.0118; 49360;990;9387;2.35;2.28;42;0.133;0.216;0.615;0.619;115;137;0.163;0.18;0.01;0.0119; 50880;12626;3900;19.4;17.9;40;0.0889;0.144;0.619;0.619;73.1;87.9;0.168;0.187;0.00952;0.0114; 51120;928;9274;2.34;2.28;44;0.00119;0.631;0.00189;0.619;0.167;1.69;0.901;0.207;0.00162;0.0164; 50160;5;0;2.31;2.64;48;6.21e+03;1.49e+03;728; 31%;  7%;  3%;8e+03;1.44e+03;7.97e+03; 40%;  7%; 40%;6.2e+03;1.5e+03;724; 31%;  7%;  3%;1e+03;1.86e+03;1.01e+03;  5%;  9%;  5%;100;0.00189;0;0;0;0;0;0;0;99.3;0.652;0;0;0;0;0;0;0;100;0.000354;0;0;0;0;0;0;0;0.305;21.1;0.437;78.2;0;0;0;0;0;76.4;88.9;80.2;53.6;14.3 ;34.5 ;15.7 ;13.8 ;
2017-09-04;06:40:38.127;0.0805;0.175;0.461;0.619;263;316;0.169;0.194;0.00946;0.0114;26.3;25;2.78e+04;1.59e+05;2.16e+03;0.349;8.73;0.161;4.02;3.81e+04;74.5;5.86;0.146;19.5;0;0;0;0;0;298;77.9;0.089;0.144;0.619;0.619;73.9;88.3;0.163;0.194;0.00961;0.0115; 54560;998;9397;2.38;2.3;42;0.141;0.234;0.604;0.619;116;139;0.166;0.194;0.00947;0.0114; 53040;12628;3903;19.3;17.8;40;0.0903;0.146;0.619;0.619;73.3;87.7;0.164;0.192;0.00941;0.0112; 47040;933;9239;2.32;2.25;43;0.00124;0.606;0.00205;0.619;0.171;1.8;0.905;0.209;0.0016;0.0168; 50240;13;0;2.3;2.63;48;6.2e+03;1.48e+03;742; 31%;  7%;  3%;7.98e+03;1.45e+03;7.96e+03; 40%;  7%; 40%;6.19e+03;1.47e+03;718; 31%;  7%;  3%;992;1.86e+03;1.01e+03;  5%;  9%;  5%;100;0;0;0;0;0;0;0;0;97.6;2.44;0;0;0;0;0;0;0;100;0.00113;0;0;0;0;0;0;0;0.331;21;0.585;78.1;0;0;0;0;0;76;88.9;79.9;53.4;14.2 ;34.2 ;15.6 ;13.9 ;
2017-09-04;06:40:39.156;0.0793;0.172;0.461;0.619;262;313;0.163;0.195;0.00956;0.0114;26.3;25;2.74e+04;1.59e+05;2.16e+03;0.344;8.6;0.159;3.97;3.81e+04;74.5;5.6;0.134;19.8;0;0;0;0;0;299;77.9;0.0881;0.142;0.619;0.619;74.3;87.1;0.147;0.207;0.00977;0.0115; 52480;985;9391;2.33;2.26;42;0.138;0.229;0.605;0.619;115;137;0.161;0.192;0.00959;0.0114; 52240;12646;3818;19.3;17.9;40;0.0897;0.145;0.619;0.619;72.9;87.7;0.169;0.188;0.0094;0.0113; 52240;915;9248;2.34;2.27;43;0.00101;0.541;0.00187;0.619;0.167;1.41;0.881;0.227;0.00192;0.0161; 50240;6;2;2.3;2.62;47;6.2e+03;1.51e+03;732; 31%;  7%;  3%;7.97e+03;1.43e+03;7.96e+03; 40%;  7%; 40%;6.18e+03;1.5e+03;726; 31%;  7%;  3%;997;1.86e+03;1.01e+03;  5%;  9%;  5%;100;0.00101;0;0;0;0;0;0;0;97.7;2.31;0;0;0;0;0;0;0;100;0.00111;0;0;0;0;0;0;0;0.302;20.1;0.534;79.1;0;0;0;0;0;76.2;88.9;80.1;53.3;14.2 ;34.3 ;15.6 ;13.8 ;
2017-09-04;06:40:40.183;0.0798;0.173;0.461;0.619;263;315;0.165;0.197;0.00956;0.0114;26.3;25;2.76e+04;1.59e+05;2.16e+03;0.346;8.65;0.16;3.99;3.8e+04;74.5;5.78;0.15;19.6;0;0;0;0;0;298;77.9;0.0921;0.149;0.619;0.619;74.2;88.6;0.162;0.203;0.00933;0.0111; 51200;996;9407;2.36;2.29;42;0.138;0.228;0.605;0.619;116;137;0.157;0.197;0.00969;0.0115; 51120;12626;3802;19.3;17.8;40;0.0879;0.142;0.619;0.619;73.4;88.5;0.171;0.191;0.00967;0.0117; 51360;922;9248;2.32;2.25;43;0.000948;0.533;0.00178;0.619;0.18;1.22;0.852;0.251;0.0022;0.0149; 50480;7;3;2.32;2.64;48;6.19e+03;1.51e+03;739; 31%;  7%;  3%;7.93e+03;1.44e+03;7.94e+03; 40%;  7%; 40%;6.15e+03;1.51e+03;723; 31%;  7%;  3%;999;1.86e+03;1.02e+03;  5%;  9%;  5%;100;0.000194;0;0;0;0;0;0;0;97.7;2.27;0;0;0;0;0;0;0;100;0.000414;0;0;0;0;0;0;0;0.287;20.9;0.6;78.3;0;0;0;0;0;76.3;88.7;79.9;53.4;14.3 ;34.1 ;15.6 ;13.9 ;
2017-09-04;06:40:41.212;0.0788;0.171;0.461;0.619;262;313;0.162;0.195;0.00962;0.0115;26.4;25;2.72e+04;1.59e+05;2.16e+03;0.342;8.55;0.158;3.94;3.81e+04;74.5;5.86;0.0685;19.6;0;0;0;0;0;299;77.9;0.0896;0.145;0.619;0.619;73.5;87.7;0.162;0.196;0.00951;0.0114; 53200;1011;9375;2.35;2.26;42;0.134;0.222;0.605;0.619;114;136;0.157;0.191;0.00986;0.0117; 49200;12536;3894;19.4;17.8;40;0.0904;0.146;0.619;0.619;73.8;88.2;0.163;0.2;0.00945;0.0113; 50720;922;9273;2.31;2.23;43;0.000919;0.574;0.0016;0.619;0.177;1.05;0.832;0.29;0.00223;0.0132; 49280;7;22;2.35;2.65;47;6.17e+03;1.49e+03;735; 31%;  7%;  3%;7.98e+03;1.46e+03;7.94e+03; 40%;  7%; 40%;6.16e+03;1.48e+03;732; 31%;  7%;  3%;1.02e+03;1.89e+03;1.01e+03;  5%;  9%;  5%;100;0.000873;0;0;0;0;0;0;0;97.7;2.26;0;0;0;0;0;0;0;100;0.00046;0;0;0;0;0;0;0;0.258;21.2;0.274;78.3;0;0;0;0;0;76.4;88.8;80.1;53.4;14.2 ;34.4 ;15.6 ;13.8 ;
2017-09-04;06:40:42.243;0.0787;0.171;0.461;0.619;263;315;0.165;0.193;0.00964;0.0115;26.4;25;2.72e+04;1.6e+05;2.16e+03;0.341;8.54;0.157;3.94;3.82e+04;74.5;3.84;0.114;21.5;0;9.58;0;0;0;298;77.9;0.0875;0.141;0.619;0.619;73.5;88;0.164;0.192;0.00971;0.0116; 50000;980;9417;2.35;2.27;42;0.139;0.23;0.605;0.619;116;138;0.162;0.197;0.00961;0.0115; 48080;12452;3798;19.4;17.9;40;0.0872;0.141;0.619;0.619;73.2;87.2;0.16;0.189;0.00971;0.0116; 55280;928;9268;2.35;2.28;44;0.00109;0.571;0.0019;0.61;0.186;1.46;0.872;0.238;0.00198;0.0155; 48720;7;20;2.31;2.62;48;6.21e+03;1.5e+03;741; 31%;  7%;  3%;8.01e+03;1.44e+03;7.97e+03; 40%;  7%; 40%;6.2e+03;1.51e+03;720; 31%;  7%;  3%;992;1.86e+03;1.02e+03;  5%;  9%;  5%;100;0.00136;0;0;0;0;0;0;0;97.7;2.28;0;0;0;0;0;0;0;100;0.00131;0;0;0;0;0;0;0;0.312;13.1;0.455;86.2;0;38.3;0;0;0;76.4;89;80.1;52.8;14.2 ;34.3 ;15.6 ;13.7 ;
2017-09-04;06:40:43.270;0.0803;0.174;0.461;0.619;264;315;0.161;0.203;0.00952;0.0113;26.4;25.1;2.77e+04;1.59e+05;2.16e+03;0.348;8.7;0.161;4.01;3.82e+04;74.5;5.79;0.141;19.6;0;0.181;0;0;0;298;77.9;0.0924;0.149;0.619;0.619;74.7;88.8;0.159;0.208;0.00936;0.0111; 51600;1007;9424;2.38;2.29;42;0.141;0.233;0.605;0.619;116;138;0.157;0.203;0.00955;0.0113; 53120;12465;4027;19.3;17.8;40;0.087;0.141;0.619;0.619;73;86.7;0.158;0.195;0.00972;0.0115; 52640;902;9263;2.33;2.26;44;0.00105;0.572;0.00184;0.616;0.199;1.31;0.848;0.255;0.00219;0.0144; 47840;10;1;2.33;2.65;47;6.22e+03;1.5e+03;748; 31%;  7%;  3%;7.97e+03;1.45e+03;7.96e+03; 40%;  7%; 40%;6.18e+03;1.51e+03;720; 31%;  7%;  3%;991;1.88e+03;1.03e+03;  5%;  9%;  5%;100;3.79e-05;0;0;0;0;0;0;0;97.7;2.3;0;0;0;0;0;0;0;100;0.000964;0;0;0;0;0;0;0;0.298;20.9;0.563;78.3;0;0.723;0;0;0;76.4;88.9;79.9;53.3;14.3 ;34.3 ;15.6 ;13.8 ;
2017-09-04;06:40:44.300;0.0811;0.177;0.457;0.619;264;314;0.159;0.205;0.00943;0.0112;26.4;25.1;2.8e+04;1.58e+05;2.16e+03;0.355;8.87;0.162;4.05;3.82e+04;73.9;6.34;0.233;19.5;0;0;0;0;0;299;78.1;0.0872;0.141;0.619;0.619;73.7;87.7;0.16;0.195;0.00978;0.0116; 52880;982;9340;2.38;2.3;42;0.149;0.254;0.588;0.619;118;139;0.155;0.216;0.00911;0.0108; 53200;12814;4159;19.3;17.9;40;0.0862;0.139;0.619;0.619;72.7;85.9;0.153;0.194;0.00976;0.0115; 48560;896;9228;2.33;2.27;44;0.00156;0.49;0.00318;0.619;0.225;1.22;0.815;0.293;0.00168;0.00903; 47520;12;12;2.34;2.66;47;6.2e+03;1.49e+03;740; 31%;  7%;  3%;8.01e+03;1.48e+03;7.96e+03; 40%;  7%; 40%;6.22e+03;1.5e+03;714; 31%;  7%;  3%;976;1.92e+03;1.02e+03;  4%;  9%;  5%;100;0.00098;0;0;0;0;0;0;0;95.1;4.95;0;0;0;0;0;0;0;100;0.000683;0;0;0;0;0;0;0;0.513;20.4;0.933;78.2;0;0;0;0;0;76.4;89.2;80;53.4;14.4 ;34.3 ;15.7 ;13.8 ;
2017-09-04;06:40:45.330;0.102;0.226;0.45;0.619;274;329;0.169;0.239;0.00777;0.00935;26.6;25.6;3.52e+04;1.56e+05;2.16e+03;0.452;11.3;0.203;5.08;3.9e+04;72.6;7.67;0.0877;19.6;0;0;0;0;0;301;78.9;0.0927;0.15;0.619;0.619;74.2;89.3;0.17;0.198;0.00924;0.0111; 51760;1004;9452;2.47;2.41;42;0.198;0.359;0.551;0.619;126;151;0.168;0.284;0.00735;0.00884; 53840;12364;4245;19.2;17.9;40;0.0893;0.144;0.619;0.619;73.2;87.7;0.165;0.19;0.00948;0.0114; 50000;916;9320;2.46;2.41;44;0.0268;2.66;0.0101;0.619;0.155;0.734;0.789;0.317;6.68e-05;0.000316; 48960;8;3;2.46;2.8;47;6.34e+03;1.52e+03;748; 32%;  7%;  3%;8.09e+03;1.57e+03;8.07e+03; 40%;  7%; 40%;6.33e+03;1.53e+03;739; 32%;  7%;  3%;1.01e+03;2.06e+03;1.03e+03;  5%; 10%;  5%;100;0;0;0;0;0;0;0;0;89;10.8;0;0.197;0;0;0;0;0;100;0.00168;0;0;0;0;0;0;0;1.63;19.9;0.351;78.2;0;0;0;0;0;76.5;90.7;80.2;54;14.5 ;34.4 ;16 ;14.1 ;
2017-09-04;06:40:46.351;0.146;0.38;0.383;0.619;279;346;0.193;0.36;0.00558;0.00691;25.6;26.9;5.01e+04;1.32e+05;2.16e+03;0.761;19;0.291;7.28;4.53e+04;61.8;10.5;0.00579;27.7;0;0;0;0;0;299;78.9;0.105;0.171;0.614;0.619;89.4;106;0.155;0.196;0.0099;0.0117; 53600;1243;11498;2.68;2.6;42;0.31;1.06;0.293;0.619;97.3;129;0.243;0.518;0.00364;0.00481; 51520;9248;4145;17.6;18.6;41;0.12;0.198;0.606;0.619;92.6;111;0.166;0.216;0.00895;0.0107; 49440;1201;11441;2.69;2.59;44;0.0464;2.86;0.0162;0.619;0.0687;0.492;0.86;0.217;1.73e-05;0.000124; 49120;0;0;2.65;3.06;48;7.27e+03;1.83e+03;863; 36%;  9%;  4%;9.63e+03;1.63e+03;9.51e+03; 48%;  8%; 48%;7.36e+03;1.81e+03;882; 37%;  9%;  4%;1.24e+03;2.02e+03;1.21e+03;  6%; 10%;  6%;99.1;0.88;0;0;0;0;0;0;0;47.4;26.5;0;26.1;0;0;0;0;0;97.9;2.06;0;0;0;0;0;0;0;2.62;12.7;0.0232;84.7;0;0;0;0;0;77.2;87.1;81.5;53.5;14.7 ;33.7 ;16.1 ;14.3 ;
2017-09-04;06:40:47.371;0.0941;0.309;0.304;0.619;231;276;0.166;0.256;0.00715;0.00857;22.5;25.5;3.23e+04;1.04e+05;2.14e+03;0.619;15.5;0.188;4.71;4.74e+04;49.1;11.3;0.00566;39.6;0;0.334;0;0;0;282;74.7;0.14;0.234;0.599;0.619;112;133;0.155;0.212;0.00935;0.0111; 49360;1644;13917;2.16;1.9;42;0.0396;2.94;0.0135;0.619;3.2;7.03;0.544;0.743;0.000945;0.00207; 51760;99;285;16.1;19.3;41;0.151;0.257;0.588;0.619;115;136;0.155;0.223;0.00892;0.0106; 50960;1443;14061;2.14;1.86;43;0.0462;2.86;0.0161;0.619;0.0789;0.416;0.81;0.241;1.99e-05;0.000105; 49200;2;2;2.1;2.44;47;7.42e+03;2.15e+03;967; 37%; 10%;  4%;1.09e+04;976;1.06e+04; 55%;  4%; 54%;7.62e+03;2.12e+03;974; 38%; 10%;  4%;1.4e+03;975;1.4e+03;  7%;  4%;  7%;96.7;3.3;0;0;0;0;0;0;0;2.18;22.8;0;75;0;1.34;0;0;0;95;5.03;0;0;0;0;0;0;0;2.61;14;0.0226;83.4;0;0;0;0;0;78.4;67.8;82.9;53.2;13.6 ;33.2 ;14.7 ;13.2 ;
2017-09-04;06:40:48.389;0.0938;0.322;0.291;0.619;233;278;0.163;0.262;0.00724;0.00865;22.3;25.5;3.21e+04;9.98e+04;2.14e+03;0.644;16.1;0.188;4.69;4.72e+04;47.1;20;0.00858;33;0;0;0;0;0;284;74.7;0.152;0.262;0.579;0.619;114;135;0.162;0.232;0.00872;0.0104; 50000;1774;13800;2.18;1.9;42;0.00862;2.68;0.00322;0.619;0.739;1.7;0.564;0.849;0.001;0.0023; 51600;25;59;15.9;19.3;41;0.168;0.297;0.567;0.619;118;140;0.157;0.256;0.00822;0.00975; 47360;1337;14054;2.14;1.83;43;0.0463;2.87;0.0161;0.619;0.0759;0.414;0.817;0.246;1.91e-05;0.000104; 49280;3;1;2.1;2.42;48;7.36e+03;2.22e+03;981; 37%; 11%;  5%;1.08e+04;898;1.04e+04; 54%;  4%; 53%;7.62e+03;2.19e+03;997; 38%; 11%;  5%;1.42e+03;899;1.41e+03;  7%;  4%;  7%;93.5;6.15;0;0.325;0;0;0;0;0;0.519;55.5;0;43.9;0;0;0;0;0;91.6;8.42;0;0;0;0;0;0;0;2.61;9.8;0.0343;87.6;0;0;0;0;0;78.8;69;83.2;52.7;13.5 ;33.1 ;14.7 ;13.3 ;
2017-09-04;06:40:49.409;0.13;0.49;0.264;0.619;255;310;0.177;0.344;0.00575;0.00698;22.8;26.6;4.44e+04;9.05e+04;2.14e+03;0.981;24.5;0.259;6.48;4.79e+04;42.7;24.2;0.00679;33.1;0;0;0;0;0;289;76;0.216;0.411;0.524;0.619;123;148;0.171;0.31;0.00665;0.00803; 46240;1961;14263;2.43;2.14;42;0.0155;2.75;0.00562;0.619;1.3;2.94;0.558;0.851;0.000983;0.00222; 51840;43;111;15.5;19.5;42;0.241;0.472;0.511;0.619;131;158;0.173;0.331;0.00635;0.00768; 51520;1607;14355;2.43;2.09;43;0.0462;2.87;0.0161;0.619;0.0905;0.374;0.758;0.263;2.29e-05;9.44e-05; 48640;3;0;2.39;2.78;48;7.34e+03;2.49e+03;1.1e+03; 37%; 12%;  5%;1.06e+04;867;1.02e+04; 54%;  4%; 51%;7.71e+03;2.45e+03;1.16e+03; 39%; 12%;  5%;1.64e+03;868;1.58e+03;  8%;  4%;  8%;84.7;15.3;0;0;0;0;0;0;0;0.908;46.6;0;52.5;0;0;0;0;0;82.6;16.4;0;1.05;0;0;0;0;0;2.6;18.7;0.0272;78.7;0;0;0;0;0;80.8;68.4;85.6;53.9;14 ;32.7 ;15.4 ;13.9 ;
2017-09-04;06:40:50.430;0.166;1.34;0.124;0.619;198;262;0.241;0.508;0.00349;0.0046;15.2;18.4;5.69e+04;4.26e+04;2.14e+03;2.67;66.8;0.332;8.3;3.14e+04;20.1;24.4;0.00473;55.5;0;3.11;0;0;0;240;63.6;0.345;1.05;0.327;0.619;135;171;0.212;0.437;0.00456;0.00579; 51440;2048;13599;2.11;1.75;44;0.011;2.73;0.00401;0.619;0.932;2.14;0.564;0.822;0.000992;0.00227; 51840;27;84;8.89;12.1;43;0.263;1.75;0.15;0.619;62.8;88.2;0.287;0.591;0.00279;0.00392; 50160;1064;5995;2.12;2.09;46;0.0462;2.87;0.0161;0.619;0.0876;0.301;0.709;0.315;2.21e-05;7.6e-05; 48880;4;2;2.1;2.54;49;6.56e+03;2.11e+03;1.24e+03; 33%; 10%;  6%;3.26e+03;481;8.7e+03; 16%;  2%; 44%;2.63e+03;2.32e+03;790; 13%; 11%;  4%;1.08e+03;480;1.75e+03;  5%;  2%;  8%;52.9;20.2;0.00426;27;0;0;0;0;0;0.648;39.2;0;60.1;0;0;0;0;0;24.2;18.4;0;57.4;0;12.5;0;0;0;2.6;19.9;0.0147;77.5;0;0;0;0;0;71.9;55.6;64.7;47.4;12.7 ;23.7 ;14.3 ;12.9 ;
2017-09-04;06:40:51.631;0.111;0.244;0.454;0.619;314;322;0.024;0.019;0.00722;0.0074;54.3;76.7;4.35e+04;1.78e+05;2.15e+03;0.488;12.2;0.221;5.53;1.03e+05;73.3;6.7;0.0541;20;0;0.0649;0;0;0;389;136;0.126;0.21;0.601;0.619;91.1;93.3;0.0238;0.022;0.00766;0.00784; 50080;6176;18448;13.6;18.8;40;0.142;0.233;0.609;0.619;106;108;0.0173;0.0137;0.00761;0.00775; 43760;7192;21767;13.5;18.3;42;0.154;0.253;0.608;0.619;117;119;0.0174;0.0166;0.00759;0.00772; 51040;8060;24029;13.6;18;42;0.0226;2.49;0.00906;0.619;0.163;1.73;0.906;0.265;7.2e-05;0.000764; 49600;20;0;13.6;21.7;47;1.08e+04;1.13e+04;4.99e+03; 47%; 50%; 22%;1.19e+04;5.58e+03;1.06e+04; 52%; 24%; 47%;1.19e+04;1.11e+04;6.01e+03; 52%; 49%; 26%;7e+03;6.48e+03;5.81e+03; 31%; 28%; 25%;97.1;1.66;0;1.26;0;0;0;0;0;98.3;0.925;0;0.737;0;0;0;0;0;98.2;0.951;0;0.876;0;0.255;0;0;0;1.46;22.9;0.212;75.5;0;0;0;0;0;105;103;113;68.7;33.4 ;33.7 ;34.7 ;34 ;
2017-09-04;06:40:52.652;0.128;0.334;0.381;0.619;336;350;0.0384;0.0819;0.00746;0.00775;41.1;53.2;4.51e+04;1.35e+05;2.52e+03;0.669;16.7;0.255;6.38;7.57e+04;61.6;7.9;0.237;30.3;0;4;0;0;0;311;106;0.175;0.293;0.598;0.619;128;132;0.0304;0.0646;0.00796;0.0082; 49760;6149;18991;9.93;11.9;40;0.179;0.367;0.489;0.619;113;118;0.0386;0.0903;0.00713;0.00742; 54560;6380;16029;11.4;14.2;40;0.15;0.358;0.419;0.619;94.5;98.1;0.0367;0.0909;0.00727;0.00755; 43920;4420;14156;9.93;12.6;42;0.0012;0.514;0.00234;0.619;0.231;1.49;0.845;0.277;0.00222;0.0144; 49440;11;0;9.89;14.4;47;8.91e+03;7.93e+03;4.33e+03; 44%; 39%; 21%;7.93e+03;3.8e+03;9.04e+03; 39%; 18%; 44%;7.97e+03;8.12e+03;3.43e+03; 39%; 40%; 16%;4.2e+03;4.74e+03;5.29e+03; 20%; 23%; 26%;96.6;1.59;0.0392;1.77;0;0;0;0;0;78.9;2.3;0.00723;18.8;0;16;0;0;0;67.7;5.19;0;27.1;0;0;0;0;0;0.378;23.1;0.92;75.6;0;0;0;0;0;87.1;83.2;84.1;57;25.2 ;27.9 ;27.1 ;25.8 ;
2017-09-04;06:40:53.672;0.342;0.736;0.465;0.619;605;660;0.0843;0.207;0.00516;0.00563;50.7;42.2;1.17e+05;1.59e+05;2.14e+03;1.47;36.8;0.684;17.1;8.11e+04;75.1;3.75;0.272;20.9;0;0;0;0;0;345;106;0.409;0.662;0.618;0.619;182;197;0.0795;0.204;0.00517;0.00562; 49360;3601;15355;10.7;7.83;40;0.548;0.885;0.619;0.619;242;265;0.086;0.21;0.00516;0.00564; 43920;10716;14207;18.8;17.4;39;0.409;0.661;0.619;0.619;181;196;0.0799;0.206;0.00515;0.0056; 50160;3660;15861;10.6;7.84;41;0.00104;0.562;0.00184;0.619;0.18;1.7;0.894;0.133;0.00203;0.0192; 49920;7;4;10.6;9.18;47;1.04e+04;6.71e+03;3.22e+03; 53%; 34%; 16%;1.03e+04;3.78e+03;1.03e+04; 52%; 19%; 52%;1.04e+04;6.68e+03;3.13e+03; 52%; 34%; 16%;4.94e+03;6.22e+03;5.01e+03; 25%; 31%; 25%;99.9;0.0958;0;0;0;0;0;0;0;100;0.000904;0;0;0;0;0;0;0;100;0.00126;0;0;0;0;0;0;0;0.298;14.9;1.09;83.7;0;0;0;0;0;90.2;103;95.1;56.7;23.7 ;33.9 ;25.3 ;23.5 ;
2017-09-04;06:40:54.691;0.336;0.723;0.465;0.619;603;659;0.0857;0.205;0.00524;0.00573;50.8;42.3;1.15e+05;1.59e+05;2.14e+03;1.45;36.2;0.672;16.8;8.12e+04;75.1;4.22;0.249;20.4;0;0;0;0;0;345;106;0.399;0.644;0.619;0.619;180;196;0.0808;0.201;0.00528;0.00574; 57120;3792;15948;10.7;7.85;40;0.544;0.878;0.619;0.619;243;266;0.087;0.209;0.00522;0.00572; 52960;10354;13821;18.8;17.4;38;0.4;0.647;0.619;0.619;179;195;0.0808;0.203;0.00523;0.00569; 42640;3655;15834;10.6;7.88;41;0.00131;0.666;0.00197;0.619;0.141;1.85;0.924;0.137;0.00125;0.0164; 50240;3;0;10.6;9.21;47;1.05e+04;6.71e+03;3.22e+03; 53%; 34%; 16%;1.03e+04;3.78e+03;1.03e+04; 52%; 19%; 52%;1.04e+04;6.7e+03;3.15e+03; 53%; 34%; 16%;4.93e+03;6.24e+03;5.01e+03; 25%; 31%; 25%;100;0.000969;0;0;0;0;0;0;0;100;0.000936;0;0;0;0;0;0;0;100;0.000439;0;0;0;0;0;0;0;0.319;16.9;0.998;81.8;0;0;0;0;0;89.9;103;94.9;57;23.9 ;33.7 ;25.2 ;23.4 ;
2017-09-04;06:40:55.710;0.342;0.737;0.464;0.619;607;664;0.0852;0.206;0.00519;0.00567;51.1;42.9;1.17e+05;1.59e+05;2.14e+03;1.47;36.9;0.684;17.1;8.2e+04;74.9;4.11;0.0832;20.9;0;0;0;0;0;346;106;0.406;0.655;0.619;0.619;182;198;0.0803;0.202;0.00525;0.0057; 48560;3609;15411;10.8;8.01;40;0.555;0.9;0.616;0.619;244;267;0.0869;0.211;0.00514;0.00563; 57040;10540;14096;18.8;17.5;38;0.407;0.657;0.619;0.619;181;197;0.0813;0.204;0.0052;0.00566; 57120;3712;16155;10.7;8;41;0.000973;0.635;0.00153;0.619;0.115;1.53;0.925;0.157;0.00139;0.0184; 49280;4;18;10.7;9.38;47;1.05e+04;6.77e+03;3.22e+03; 53%; 34%; 16%;1.04e+04;3.85e+03;1.04e+04; 53%; 19%; 53%;1.05e+04;6.76e+03;3.19e+03; 53%; 34%; 16%;4.98e+03;6.3e+03;5.03e+03; 25%; 32%; 25%;100;0.00192;0;0;0;0;0;0;0;99.5;0.296;0;0.162;0;0;0;0;0;100;0.000327;0;0;0;0;0;0;0;0.248;16.2;0.333;83.3;0;0;0;0;0;90.2;103;95.2;56.8;23.8 ;33.6 ;25.5 ;23.5 ;
2017-09-04;06:40:56.725;0.335;1.06;0.315;0.619;552;605;0.088;0.227;0.00482;0.00529;44.2;37.7;1.14e+05;1.08e+05;2.14e+03;2.12;53.1;0.67;16.8;7.6e+04;50.9;11.5;0.244;37.3;0;0;0;0;0;335;99.7;0.588;1.03;0.569;0.619;248;271;0.0836;0.215;0.00494;0.0054; 53840;5018;20873;9.61;6.36;40;0.156;1.33;0.118;0.619;50.8;58;0.124;0.279;0.00381;0.00434; 53520;1862;3226;15.5;16.8;42;0.595;1.04;0.573;0.619;252;275;0.083;0.226;0.00497;0.00542; 49680;5056;21229;9.58;6.34;41;0.00136;0.701;0.00193;0.619;0.252;0.838;0.699;0.483;0.00218;0.00725; 49680;12;29;9.52;8.16;48;7.54e+03;8.3e+03;3.57e+03; 38%; 42%; 18%;1.04e+04;1.93e+03;1.01e+04; 53%;  9%; 51%;7.82e+03;8.29e+03;3.59e+03; 40%; 42%; 18%;6.04e+03;2.47e+03;6.03e+03; 30%; 12%; 30%;91.9;6.62;0;1.5;0;0;0;0;0;19;15.6;0;65.5;0;0;0;0;0;92.5;6.03;0;1.43;0;0;0;0;0;0.312;17.7;0.976;81;0;0;0;0;0;99;73.8;106;56.1;22.2 ;31.6 ;23.6 ;22.3 ;
2017-09-04;06:40:57.745;0.312;0.815;0.383;0.619;512;572;0.105;0.23;0.0048;0.00536;43.2;37.2;1.07e+05;1.31e+05;2.13e+03;1.63;40.7;0.624;15.6;6.97e+04;61.8;8.26;0.215;29.7;0;0.825;0;0;0;315;96.2;0.409;0.802;0.51;0.619;160;179;0.11;0.24;0.00457;0.00513; 49920;3295;13533;9.19;7.06;39;0.444;0.883;0.502;0.619;195;217;0.0989;0.216;0.00515;0.00572; 51120;8279;11291;15.8;14.7;39;0.395;0.762;0.518;0.619;157;175;0.103;0.238;0.00464;0.00517; 51360;3697;14687;9.13;7.1;41;0.00102;0.586;0.00173;0.619;0.189;1.34;0.859;0.232;0.00217;0.0154; 50640;5;20;9.12;8.34;47;8.65e+03;5.96e+03;2.85e+03; 44%; 30%; 14%;8.83e+03;3.25e+03;8.75e+03; 45%; 16%; 44%;8.74e+03;6e+03;2.8e+03; 44%; 30%; 14%;4.3e+03;5.15e+03;4.41e+03; 22%; 26%; 22%;82.4;4.39;0.0128;13.2;0;0;0;0;0;81.1;6.37;0;12.5;0;0;0;0;0;83.7;3.37;0;13;0;3.3;0;0;0;0.28;18.9;0.845;80;0;0;0;0;0;85.3;90;86.9;52.6;21.7 ;29.9 ;23.2 ;21.4 ;
2017-09-04;06:40:58.765;0.342;0.736;0.465;0.619;606;673;0.0987;0.205;0.00517;0.00573;51;44;1.17e+05;1.59e+05;2.14e+03;1.47;36.8;0.684;17.1;8.23e+04;75.1;4.77;0.13;20;0;0;0;0;0;351;107;0.417;0.673;0.619;0.619;184;204;0.0965;0.204;0.00516;0.00571; 48880;3261;14046;10.7;8.26;39;0.539;0.871;0.619;0.619;240;266;0.0971;0.206;0.00519;0.00575; 51600;9308;12754;18.9;17.8;38;0.412;0.665;0.619;0.619;182;201;0.0956;0.204;0.00516;0.0057; 52560;3642;14520;10.7;8.3;41;0.00126;0.609;0.00207;0.619;0.159;1.86;0.915;0.193;0.00147;0.0173; 49520;8;24;10.6;9.71;47;1.05e+04;6.85e+03;3.28e+03; 53%; 34%; 16%;1.05e+04;3.88e+03;1.05e+04; 53%; 19%; 53%;1.05e+04;6.85e+03;3.24e+03; 53%; 34%; 16%;4.97e+03;6.2e+03;5.02e+03; 25%; 31%; 25%;100;0.000671;0;0;0;0;0;0;0;100;0.00073;0;0;0;0;0;0;0;100;0;0;0;0;0;0;0;0;0.334;19.1;0.522;80.1;0;0;0;0;0;94.9;103;95.6;57.2;24.1 ;34 ;25.5 ;23.8 ;
2017-09-04;06:40:59.784;0.343;0.738;0.465;0.619;607;674;0.0991;0.205;0.00517;0.00574;51.1;44.1;1.17e+05;1.59e+05;2.14e+03;1.48;36.9;0.686;17.1;8.24e+04;75.1;4.27;0.0822;20.6;0;0;0;0;0;351;108;0.419;0.677;0.619;0.619;185;205;0.0967;0.204;0.00515;0.0057; 50480;3623;15476;10.8;8.28;39;0.538;0.869;0.619;0.619;240;266;0.0969;0.205;0.00521;0.00577; 46640;9547;12927;18.9;17.7;38;0.413;0.668;0.619;0.619;182;202;0.0961;0.204;0.00515;0.0057; 50800;3815;15260;10.7;8.31;41;0.00132;0.644;0.00205;0.619;0.154;2.03;0.924;0.183;0.00136;0.0179; 50480;8;1;10.7;9.73;47;1.05e+04;6.88e+03;3.28e+03; 53%; 35%; 16%;1.05e+04;3.89e+03;1.05e+04; 53%; 19%; 53%;1.05e+04;6.88e+03;3.25e+03; 53%; 35%; 16%;4.99e+03;6.2e+03;5.04e+03; 25%; 31%; 25%;100;0.000477;0;0;0;0;0;0;0;100;0.00142;0;0;0;0;0;0;0;100;0.00313;0;0;0;0;0;0;0;0.332;17.1;0.329;82.3;0;0;0;0;0;95.1;103;95.8;56.9;24.1 ;34 ;25.7 ;23.8 ;
2017-09-04;06:41:00.798;0.36;0.929;0.387;0.619;596;663;0.102;0.219;0.00485;0.00539;48.7;42.5;1.23e+05;1.32e+05;2.14e+03;1.86;46.5;0.72;18;8.18e+04;62.6;6.24;0.154;31;0;6.56;0;0;0;349;105;0.529;0.884;0.598;0.619;226;251;0.0984;0.212;0.005;0.00554; 53360;3878;16685;10.5;7.66;39;0.364;1.03;0.353;0.619;137;154;0.109;0.24;0.00441;0.00495; 49760;5868;8646;17.4;17.7;40;0.546;0.915;0.596;0.619;232;258;0.0977;0.212;0.00499;0.00553; 51520;4947;19429;10.4;7.66;40;0.000932;0.53;0.00176;0.619;0.18;1.04;0.827;0.317;0.00226;0.0131; 50320;8;4;10.4;9.4;48;9.06e+03;8.1e+03;3.58e+03; 46%; 41%; 18%;1.09e+04;2.92e+03;1.06e+04; 55%; 14%; 54%;9.27e+03;8.01e+03;3.64e+03; 47%; 41%; 18%;5.87e+03;4.23e+03;5.74e+03; 30%; 21%; 29%;96.6;3.08;0;0.298;0;0;0;0;0;57;3.98;0;39;0;26.2;0;0;0;96.3;3.63;0;0.0249;0;0;0;0;0;0.284;14.3;0.618;84.8;0;0;0;0;0;98.2;88.3;106;56.2;23.5 ;33.1 ;24.9 ;23.3 ;
2017-09-04;06:41:01.817;0.148;0.455;0.325;0.619;243;293;0.171;0.335;0.00484;0.00584;22.2;20.8;5.02e+04;1.1e+05;2.1e+03;0.909;22.7;0.296;7.39;3.35e+04;52.5;8.68;0.0355;38.8;0;0.23;0;0;0;268;71.5;0.245;0.554;0.443;0.619;76.2;95.4;0.201;0.408;0.00367;0.0046; 50480;1211;7580;2.92;2.56;42;0.071;0.188;0.378;0.619;65.5;77.2;0.151;0.158;0.0109;0.0128; 51360;7354;1985;13.5;12.8;40;0.274;0.573;0.479;0.619;101;119;0.152;0.362;0.00432;0.0051; 44800;1676;9785;2.87;2.39;43;0.00107;0.627;0.0017;0.619;0.233;1.56;0.85;0.225;0.00256;0.0171; 50560;7;4;2.84;3.05;48;4.33e+03;2.5e+03;1.03e+03; 22%; 12%;  5%;6.35e+03;1.02e+03;5.65e+03; 32%;  5%; 29%;4.71e+03;2.21e+03;1.14e+03; 24%; 11%;  5%;1.82e+03;1.25e+03;1.43e+03;  9%;  6%;  7%;71.5;8.95;0;19.5;0;0;0;0;0;61;2.24;0;36.7;0;0;0;0;0;77.4;7.44;0;15.1;0;0.919;0;0;0;0.275;16.1;0.142;83.5;0;0;0;0;0;71.8;69.9;78.1;48.6;14.5 ;27.5 ;15.5 ;14.1 ;
2017-09-04;06:41:02.844;0.0789;0.171;0.461;0.619;262;315;0.167;0.194;0.00962;0.0115;26.4;25;2.73e+04;1.6e+05;2.17e+03;0.342;8.54;0.158;3.94;3.81e+04;74.5;3.9;0.118;21.4;0;0;0;0;0;297;77.9;0.103;0.171;0.605;0.619;75.9;91.6;0.172;0.222;0.00848;0.0102; 52240;1087;9707;2.39;2.27;42;0.124;0.2;0.619;0.619;113;134;0.154;0.177;0.0106;0.0125; 50400;12415;3488;19.3;17.8;40;0.087;0.141;0.619;0.619;72.7;86.8;0.162;0.191;0.00968;0.0115; 52480;769;9506;2.37;2.31;43;0.00137;0.58;0.00236;0.619;0.341;2.41;0.858;0.172;0.00289;0.0204; 50960;11;0;2.35;2.67;48;6.11e+03;1.53e+03;799; 30%;  7%;  4%;7.95e+03;1.42e+03;7.88e+03; 40%;  7%; 39%;6.18e+03;1.56e+03;725; 31%;  7%;  3%;996;1.83e+03;1.12e+03;  5%;  9%;  5%;97.7;2.32;0;0;0;0;0;0;0;100;0;0;0;0;0;0;0;0;100;0.000364;0;0;0;0;0;0;0;0.381;13.3;0.474;85.8;0;0;0;0;0;76.3;88.4;79.9;52.7;14.2 ;34.3 ;15.6 ;13.9 ;
2017-09-04;06:41:03.874;0.079;0.171;0.461;0.619;263;315;0.164;0.196;0.00965;0.0116;26.4;25.1;2.73e+04;1.59e+05;2.16e+03;0.342;8.56;0.158;3.95;3.8e+04;74.5;4.3;0.134;21.1;0;0;0;0;0;298;78.1;0.104;0.173;0.605;0.619;77.6;93.4;0.17;0.227;0.00861;0.0104; 53040;1106;9738;2.38;2.27;42;0.124;0.2;0.619;0.619;113;133;0.148;0.178;0.0106;0.0125; 52080;12359;3454;19.3;17.9;40;0.0866;0.14;0.619;0.619;72.3;86.5;0.165;0.187;0.00965;0.0115; 52880;746;9587;2.35;2.3;43;0.00136;0.591;0.00229;0.619;0.346;2.4;0.856;0.182;0.00295;0.0205; 50880;6;5;2.32;2.65;48;6.15e+03;1.53e+03;800; 31%;  7%;  4%;7.93e+03;1.41e+03;7.87e+03; 40%;  7%; 39%;6.13e+03;1.57e+03;702; 31%;  7%;  3%;967;1.8e+03;1.12e+03;  4%;  9%;  5%;97.7;2.29;0;0;0;0;0;0;0;100;0.0034;0;0;0;0;0;0;0;100;0.00134;0;0;0;0;0;0;0;0.371;14.9;0.535;84.2;0;0;0;0;0;76.5;88.6;80.1;53;14.2 ;34.4 ;15.7 ;13.8 ;
2017-09-04;06:41:04.904;0.0767;0.165;0.465;0.619;261;312;0.163;0.188;0.00982;0.0117;26.3;25;2.66e+04;1.61e+05;2.16e+03;0.33;8.24;0.153;3.83;3.8e+04;75.1;3.8;0.205;20.9;0;0;0;0;0;298;78;0.095;0.153;0.619;0.619;75.7;90.5;0.164;0.204;0.0092;0.011; 53600;1174;9695;2.38;2.27;42;0.121;0.195;0.619;0.619;112;132;0.154;0.166;0.0107;0.0126; 52400;12408;3371;19.4;17.9;40;0.0884;0.143;0.619;0.619;73;86.9;0.16;0.199;0.00953;0.0114; 50800;755;9568;2.31;2.25;44;0.00227;0.842;0.00269;0.619;0.254;2.06;0.877;0.312;0.00129;0.0105; 50320;15;4;2.28;2.61;48;6.14e+03;1.53e+03;785; 31%;  7%;  3%;7.95e+03;1.4e+03;7.92e+03; 40%;  7%; 40%;6.16e+03;1.54e+03;710; 31%;  7%;  3%;972;1.78e+03;1.08e+03;  4%;  8%;  5%;100;0.000807;0;0;0;0;0;0;0;100;0.00243;0;0;0;0;0;0;0;100;0.000693;0;0;0;0;0;0;0;0.435;15.2;0.818;83.5;0;0;0;0;0;76.2;88.6;80.3;53.1;14.3 ;34.4 ;15.6 ;13.7 ;
2017-09-04;06:41:05.932;0.0756;0.163;0.465;0.619;260;312;0.164;0.186;0.00996;0.0119;26.3;25;2.61e+04;1.61e+05;2.16e+03;0.325;8.13;0.151;3.78;3.8e+04;75.1;3.27;0.23;21.4;0;0;0;0;0;297;78;0.095;0.154;0.619;0.619;75.4;90.8;0.169;0.204;0.00918;0.011; 51840;1168;9703;2.37;2.25;42;0.121;0.196;0.619;0.619;113;133;0.156;0.17;0.0107;0.0127; 49280;12362;3476;19.3;17.8;40;0.0847;0.137;0.619;0.619;72.3;85.6;0.156;0.192;0.00987;0.0117; 52560;738;9526;2.34;2.28;43;0.00131;0.596;0.00221;0.619;0.165;1.89;0.913;0.189;0.00145;0.0166; 49760;7;0;2.31;2.64;48;6.14e+03;1.52e+03;773; 31%;  7%;  3%;7.95e+03;1.42e+03;7.9e+03; 40%;  7%; 39%;6.18e+03;1.54e+03;723; 31%;  7%;  3%;992;1.82e+03;1.07e+03;  5%;  9%;  5%;100;0.000637;0;0;0;0;0;0;0;100;0;0;0;0;0;0;0;0;100;0.000898;0;0;0;0;0;0;0;0.356;13.1;0.92;85.6;0;0;0;0;0;76.1;88.5;79.9;52.8;14.1 ;34.6 ;15.6 ;13.8 ;
2017-09-04;06:41:06.960;0.078;0.169;0.462;0.619;262;314;0.166;0.192;0.00972;0.0116;26.3;25;2.69e+04;1.6e+05;2.16e+03;0.338;8.44;0.156;3.9;3.79e+04;74.7;3.15;0.192;22;0;0;0;0;0;297;77.9;0.0998;0.164;0.609;0.619;76.9;92.4;0.168;0.219;0.00892;0.0107; 50080;1176;9791;2.36;2.25;42;0.12;0.194;0.619;0.619;112;132;0.157;0.168;0.0108;0.0128; 46800;12302;3388;19.3;17.8;40;0.0909;0.147;0.619;0.619;73;87.4;0.164;0.198;0.00931;0.0111; 51920;771;9553;2.33;2.27;43;0.00107;0.519;0.00207;0.619;0.178;1.54;0.885;0.208;0.00192;0.0166; 49120;6;2;2.29;2.61;48;6.16e+03;1.53e+03;779; 31%;  7%;  3%;7.92e+03;1.39e+03;7.91e+03; 40%;  7%; 40%;6.12e+03;1.55e+03;712; 31%;  7%;  3%;985;1.77e+03;1.08e+03;  4%;  8%;  5%;98.4;1.65;0;0;0;0;0;0;0;100;0.00155;0;0;0;0;0;0;0;100;0.0014;0;0;0;0;0;0;0;0.334;11;0.768;87.9;0;0;0;0;0;76.2;88.3;79.9;52.4;14.2 ;34.4 ;15.7 ;13.7 ;
2017-09-04;06:41:07.989;0.0794;0.172;0.461;0.619;262;314;0.167;0.192;0.00953;0.0114;26.4;25.1;2.75e+04;1.6e+05;2.16e+03;0.345;8.61;0.159;3.97;3.81e+04;74.5;3.17;0.148;22.2;0;0;0;0;0;298;78.1;0.101;0.167;0.604;0.619;75.5;90.5;0.166;0.219;0.00867;0.0104; 49120;1183;9762;2.39;2.28;42;0.124;0.2;0.619;0.619;113;134;0.156;0.17;0.0105;0.0124; 52400;12386;3438;19.4;17.9;40;0.0918;0.148;0.619;0.619;73.5;88.9;0.173;0.195;0.00925;0.0112; 51360;786;9607;2.36;2.28;43;0.00108;0.51;0.00211;0.619;0.187;1.51;0.877;0.217;0.00201;0.0163; 49520;6;11;2.32;2.64;48;6.17e+03;1.53e+03;782; 31%;  7%;  3%;7.95e+03;1.41e+03;7.93e+03; 40%;  7%; 40%;6.15e+03;1.55e+03;720; 31%;  7%;  3%;998;1.8e+03;1.09e+03;  5%;  9%;  5%;97.6;2.36;0;0;0;0;0;0;0;100;0.00272;0;0;0;0;0;0;0;100;0;0;0;0;0;0;0;0;0.341;10.3;0.594;88.7;0;0;0;0;0;76.3;88.6;80.2;52.5;14.2 ;34.5 ;15.6 ;13.7 ;
2017-09-04;06:41:09.019;0.078;0.169;0.461;0.619;262;314;0.165;0.193;0.00972;0.0116;26.3;25.1;2.7e+04;1.59e+05;2.16e+03;0.338;8.45;0.156;3.9;3.8e+04;74.5;3.49;0.145;21.9;0;0;0;0;0;298;78;0.0985;0.163;0.605;0.619;75.9;91.6;0.171;0.219;0.00892;0.0108; 54480;1164;9857;2.35;2.25;42;0.123;0.198;0.619;0.619;112;133;0.152;0.171;0.0106;0.0125; 47840;12338;3447;19.3;17.9;40;0.0894;0.144;0.619;0.619;73.6;88.3;0.167;0.197;0.00952;0.0114; 52880;763;9584;2.32;2.27;44;0.00111;0.543;0.00204;0.619;0.198;1.49;0.867;0.236;0.00207;0.0155; 50080;10;22;2.32;2.65;47;6.17e+03;1.52e+03;770; 31%;  7%;  3%;7.94e+03;1.41e+03;7.87e+03; 40%;  7%; 39%;6.15e+03;1.52e+03;722; 31%;  7%;  3%;1e+03;1.82e+03;1.06e+03;  5%;  9%;  5%;97.7;2.31;0;0;0;0;0;0;0;100;0.00214;0;0;0;0;0;0;0;100;0.000987;0;0;0;0;0;0;0;0.33;11.7;0.579;87.4;0;0;0;0;0;76.2;88.6;80.1;52.7;14.2 ;34.5 ;15.5 ;13.7 ;
2017-09-04;06:41:10.045;0.0768;0.167;0.461;0.619;261;311;0.159;0.195;0.00983;0.0117;26.2;25;2.66e+04;1.59e+05;2.16e+03;0.333;8.33;0.154;3.84;3.78e+04;74.5;3.46;0.133;21.9;0;0;0;0;0;296;77.7;0.0978;0.162;0.605;0.619;75.8;90.5;0.163;0.223;0.00896;0.0107; 48240;1188;9954;2.37;2.28;42;0.121;0.196;0.619;0.619;112;133;0.156;0.169;0.0107;0.0127; 47600;12362;3394;19.2;17.9;40;0.087;0.14;0.619;0.619;73.2;86.1;0.15;0.203;0.00974;0.0115; 51280;763;9553;2.31;2.26;44;0.00106;0.539;0.00197;0.619;0.185;1.36;0.864;0.249;0.00202;0.0148; 50400;8;2;2.26;2.6;48;6.18e+03;1.53e+03;763; 31%;  7%;  3%;7.91e+03;1.39e+03;7.89e+03; 40%;  7%; 39%;6.13e+03;1.55e+03;713; 31%;  7%;  3%;975;1.77e+03;1.06e+03;  4%;  8%;  5%;97.7;2.34;0;0;0;0;0;0;0;100;6.69e-06;0;0;0;0;0;0;0;100;0;0;0;0;0;0;0;0;0.319;11.5;0.534;87.6;0;0;0;0;0;76;88.3;79.8;52.4;14.3 ;34.3 ;15.5 ;13.6 ;
2017-09-04;06:41:11.071;0.0777;0.168;0.461;0.619;260;312;0.165;0.194;0.00974;0.0117;26.2;24.9;2.67e+04;1.59e+05;2.16e+03;0.337;8.42;0.155;3.88;3.77e+04;74.5;2.14;0.136;23.2;0;13.5;0;0;0;296;77.6;0.102;0.168;0.604;0.619;76.1;91;0.164;0.23;0.0087;0.0104; 55680;1186;9946;2.32;2.21;42;0.124;0.201;0.619;0.619;113;134;0.159;0.173;0.0105;0.0125; 48080;12327;3426;19.2;17.8;40;0.0835;0.135;0.619;0.619;71.5;85.1;0.16;0.184;0.00995;0.0118; 51120;753;9476;2.34;2.28;44;0.00116;0.529;0.00219;0.607;0.174;1.75;0.901;0.188;0.00175;0.0176; 51280;4;1;2.27;2.59;48;6.12e+03;1.47e+03;764; 31%;  7%;  3%;7.92e+03;1.39e+03;7.87e+03; 40%;  7%; 40%;6.15e+03;1.51e+03;699; 31%;  7%;  3%;964;1.79e+03;1.06e+03;  4%;  9%;  5%;97.6;2.42;0;0;0;0;0;0;0;100;0.00144;0;0;0;0;0;0;0;100;0.000988;0;0;0;0;0;0;0;0.361;6.13;0.542;93;0;53.8;0;0;0;75.9;88.3;79.5;51.9;14.1 ;34.4 ;15.6 ;13.6 ;
2017-09-04;06:41:12.099;0.0779;0.169;0.461;0.619;261;311;0.161;0.194;0.00971;0.0116;26.3;25;2.69e+04;1.59e+05;2.15e+03;0.338;8.45;0.156;3.89;3.8e+04;74.5;4.68;0.208;20.6;0;0;0;0;0;298;78.1;0.0972;0.161;0.604;0.619;75.6;89.8;0.157;0.222;0.00903;0.0107; 53040;1132;9926;2.37;2.26;42;0.124;0.2;0.619;0.619;113;133;0.151;0.174;0.0106;0.0125; 49520;12362;3433;19.3;17.9;40;0.0894;0.144;0.619;0.619;72.4;87;0.168;0.192;0.00937;0.0113; 53680;747;9544;2.32;2.26;43;0.00115;0.539;0.00214;0.619;0.196;1.53;0.871;0.243;0.00197;0.0153; 51200;9;0;2.31;2.64;48;6.21e+03;1.53e+03;784; 31%;  7%;  3%;7.91e+03;1.41e+03;7.92e+03; 40%;  7%; 40%;6.1e+03;1.55e+03;712; 30%;  7%;  3%;981;1.8e+03;1.08e+03;  4%;  9%;  5%;97.6;2.4;0;0;0;0;0;0;0;100;0.00275;0;0;0;0;0;0;0;100;0.00166;0;0;0;0;0;0;0;0.346;16.3;0.831;82.5;0;0;0;0;0;76.1;88.6;79.9;53.1;14.2 ;34.4 ;15.6 ;13.8 ;
2017-09-04;06:41:13.129;0.079;0.171;0.461;0.619;262;314;0.166;0.192;0.00958;0.0115;26.3;25;2.73e+04;1.59e+05;2.16e+03;0.343;8.57;0.158;3.95;3.8e+04;74.5;3.9;0.157;21.4;0;0;0;0;0;298;78.1;0.0999;0.165;0.605;0.619;76.8;91.4;0.16;0.227;0.00889;0.0106; 54560;1129;9821;2.36;2.25;42;0.124;0.201;0.619;0.619;112;133;0.158;0.167;0.0104;0.0124; 50240;12292;3409;19.3;17.9;40;0.0909;0.147;0.619;0.619;72.8;88;0.173;0.191;0.00926;0.0112; 54560;761;9590;2.36;2.29;43;0.00108;0.529;0.00204;0.619;0.18;1.54;0.883;0.209;0.00193;0.0165; 51840;8;6;2.29;2.62;48;6.19e+03;1.52e+03;769; 31%;  7%;  3%;7.95e+03;1.41e+03;7.92e+03; 40%;  7%; 40%;6.15e+03;1.55e+03;708; 31%;  7%;  3%;980;1.8e+03;1.07e+03;  4%;  9%;  5%;97.7;2.31;0;0;0;0;0;0;0;100;0.00245;0;0;0;0;0;0;0;100;0.000184;0;0;0;0;0;0;0;0.33;13.3;0.627;85.7;0;0;0;0;0;76.2;88.7;80.1;52.8;14.2 ;34.5 ;15.6 ;13.8 ;
2017-09-04;06:41:14.159;0.0758;0.164;0.461;0.619;260;310;0.162;0.19;0.00989;0.0118;26.3;25;2.63e+04;1.6e+05;2.16e+03;0.329;8.22;0.152;3.79;3.79e+04;74.5;3.98;0.184;21.3;0;0;0;0;0;298;77.8;0.097;0.16;0.605;0.619;75.9;90.6;0.162;0.223;0.00904;0.0108; 47120;1105;9924;2.35;2.24;42;0.121;0.195;0.619;0.619;112;132;0.156;0.166;0.0107;0.0126; 55840;12345;3376;19.3;17.9;40;0.0843;0.136;0.619;0.619;71.9;85.9;0.162;0.187;0.00986;0.0118; 52160;745;9506;2.31;2.25;44;0.0012;0.591;0.00203;0.619;0.207;1.16;0.821;0.299;0.00199;0.0112; 50800;8;0;2.28;2.6;48;6.19e+03;1.49e+03;773; 31%;  7%;  3%;7.95e+03;1.39e+03;7.92e+03; 40%;  7%; 40%;6.17e+03;1.51e+03;704; 31%;  7%;  3%;966;1.78e+03;1.08e+03;  4%;  8%;  5%;97.7;2.28;0;0;0;0;0;0;0;100;0.00149;0;0;0;0;0;0;0;100;0.00146;0;0;0;0;0;0;0;0.328;13.6;0.737;85.3;0;0;0;0;0;76.3;88.6;79.9;52.9;14.2 ;34.5 ;15.4 ;13.7 ;
2017-09-04;06:41:15.188;0.0815;0.178;0.458;0.619;264;315;0.162;0.206;0.00935;0.0112;26.3;25.1;2.82e+04;1.58e+05;2.16e+03;0.356;8.91;0.163;4.07;3.8e+04;73.9;5.54;0.221;20.3;0;0;0;0;0;298;77.9;0.103;0.17;0.605;0.619;76.9;91.2;0.157;0.235;0.00868;0.0103; 51120;1057;9843;2.38;2.27;42;0.134;0.222;0.604;0.619;114;135;0.156;0.194;0.00982;0.0116; 46480;12355;3418;19.3;17.9;40;0.0879;0.142;0.619;0.619;72.3;86.8;0.167;0.192;0.00952;0.0114; 51040;756;9521;2.34;2.29;44;0.00107;0.529;0.00203;0.619;0.203;1.31;0.846;0.272;0.00219;0.0142; 51280;8;6;2.32;2.65;48;6.2e+03;1.51e+03;778; 31%;  7%;  3%;7.93e+03;1.42e+03;7.92e+03; 40%;  7%; 40%;6.15e+03;1.54e+03;708; 31%;  7%;  3%;973;1.83e+03;1.08e+03;  4%;  9%;  5%;97.7;2.34;0;0;0;0;0;0;0;97.6;2.37;0;0;0;0;0;0;0;100;0.00117;0;0;0;0;0;0;0;0.327;17.5;0.884;81.3;0;0;0;0;0;76.3;88.9;80;53.2;14.2 ;34.3 ;15.5 ;13.8 ;
2017-09-04;06:41:16.217;0.0835;0.184;0.455;0.619;266;318;0.165;0.212;0.00921;0.011;26.5;25.3;2.89e+04;1.57e+05;2.16e+03;0.367;9.18;0.167;4.18;3.84e+04;73.4;5.53;0.172;20.9;0;0;0;0;0;299;78.3;0.0984;0.163;0.604;0.619;75.6;90.6;0.166;0.226;0.00889;0.0107; 50080;1136;9851;2.42;2.32;42;0.149;0.25;0.594;0.619;117;139;0.159;0.216;0.00911;0.0108; 45600;12386;3535;19.3;18;40;0.0861;0.139;0.619;0.619;73;87.7;0.168;0.191;0.0098;0.0118; 51760;759;9563;2.39;2.34;43;0.000782;0.448;0.00174;0.619;0.179;0.871;0.794;0.304;0.00265;0.0129; 51600;9;7;2.38;2.7;48;6.25e+03;1.54e+03;773; 31%;  7%;  3%;7.98e+03;1.46e+03;7.94e+03; 40%;  7%; 40%;6.23e+03;1.57e+03;722; 31%;  7%;  3%;994;1.89e+03;1.07e+03;  5%;  9%;  5%;97.6;2.39;0;0;0;0;0;0;0;95.9;4.12;0;0;0;0;0;0;0;100;0.000712;0;0;0;0;0;0;0;0.282;15.6;0.689;83.4;0;0;0;0;0;76.4;89.4;80;53;14.3 ;34.5 ;15.7 ;13.9 ;
2017-09-04;06:41:17.238;0.127;0.307;0.414;0.619;283;347;0.186;0.341;0.00647;0.00795;26.3;26.6;4.37e+04;1.42e+05;2.16e+03;0.614;15.4;0.254;6.35;4.26e+04;66.8;9.33;0.211;23.7;0;0;0;0;0;300;79.4;0.106;0.175;0.608;0.619;83.6;99.7;0.162;0.219;0.00911;0.0109; 49200;1235;10853;2.69;2.62;42;0.303;0.715;0.425;0.619;119;152;0.219;0.457;0.00454;0.00581; 51120;10456;4531;18.3;18.2;40;0.0971;0.157;0.619;0.619;80.3;95;0.155;0.197;0.00963;0.0114; 49520;836;10554;2.68;2.65;44;0.000808;0.463;0.00175;0.619;0.194;0.866;0.776;0.32;0.00279;0.0125; 51040;8;31;2.66;3.06;48;6.89e+03;1.67e+03;863; 35%;  8%;  4%;8.88e+03;1.67e+03;8.78e+03; 45%;  8%; 44%;6.94e+03;1.68e+03;798; 35%;  8%;  4%;1.09e+03;2.13e+03;1.2e+03;  5%; 10%;  6%;98.2;1.75;0;0;0;0;0;0;0;68.6;19.7;0;11.7;0;0;0;0;0;100;0;0;0;0;0;0;0;0;0.282;15.9;0.844;83;0;0;0;0;0;76.4;90.3;80.2;52.9;14.8 ;34 ;16.3 ;14.3 ;
2017-09-04;06:41:18.259;0.0781;0.253;0.309;0.619;225;268;0.16;0.242;0.00839;0.00998;22.3;25.3;2.68e+04;1.06e+05;2.14e+03;0.506;12.6;0.156;3.91;4.72e+04;49.9;7.42;0.0846;42.6;0;0;0;0;0;279;74.4;0.128;0.21;0.608;0.619;111;130;0.148;0.197;0.0101;0.0118; 52080;1583;14388;2.11;1.82;42;0.0292;2.85;0.0102;0.619;2.41;5.35;0.549;0.798;0.000963;0.00214; 51680;85;197;16.1;19.3;41;0.129;0.212;0.608;0.619;112;132;0.152;0.197;0.0101;0.0119; 53040;1120;14213;2.06;1.8;44;0.0264;2.61;0.0101;0.619;0.148;0.721;0.795;0.292;6.54e-05;0.000318; 51840;4;25;2.05;2.36;48;7.42e+03;2.09e+03;978; 37%; 10%;  4%;1.09e+04;958;1.06e+04; 55%;  4%; 54%;7.61e+03;2.08e+03;918; 38%; 10%;  4%;1.31e+03;961;1.42e+03;  6%;  4%;  7%;98.2;1.79;0;0;0;0;0;0;0;1.66;16.1;0;82.3;0;0;0;0;0;98.2;1.77;0;0;0;0;0;0;0;1.63;10.1;0.338;88;0;0;0;0;0;77.8;66.9;82.2;52.5;13.4 ;33.3 ;14.5 ;13.1 ;
2017-09-04;06:41:19.279;0.0963;0.325;0.296;0.619;233;279;0.163;0.291;0.00707;0.00845;22.5;25.7;3.3e+04;1.02e+05;2.14e+03;0.651;16.3;0.193;4.82;4.75e+04;47.8;9.69;0.00796;42.5;0;0;0;0;0;281;75;0.157;0.271;0.579;0.619;115;137;0.159;0.245;0.00859;0.0102; 52800;1694;14600;2.2;1.91;42;0.03;2.85;0.0106;0.619;2.47;5.43;0.544;0.839;0.000961;0.00211; 51920;77;214;15.9;19.4;41;0.152;0.263;0.579;0.619;116;136;0.149;0.236;0.00885;0.0104; 51920;1255;14109;2.17;1.92;43;0.0462;2.82;0.0164;0.619;0.0831;0.513;0.838;0.219;2.1e-05;0.00013; 51680;1;0;2.16;2.51;48;7.4e+03;2.19e+03;1.02e+03; 37%; 11%;  5%;1.08e+04;941;1.04e+04; 55%;  4%; 53%;7.65e+03;2.19e+03;985; 39%; 11%;  5%;1.41e+03;940;1.47e+03;  7%;  4%;  7%;93.5;5.75;0;0.799;0;0;0;0;0;1.7;15.9;0;82.4;0;0;0;0;0;93.6;6.45;0;0;0;0;0;0;0;2.64;10.7;0.0318;86.6;0;0;0;0;0;78.6;66.7;82.8;53;13.5 ;33.2 ;14.8 ;13.5 ;
2017-09-04;06:41:20.296;0.178;0.807;0.221;0.619;276;348;0.207;0.456;0.00452;0.0057;22.7;27.1;6.1e+04;7.56e+04;2.14e+03;1.61;40.3;0.356;8.91;4.74e+04;35.7;21.6;0.00891;42.7;0;0.153;0;0;0;289;77.3;0.318;0.849;0.375;0.619;112;146;0.234;0.5;0.00411;0.00536; 53120;1879;12266;2.73;2.53;42;0.0308;2.86;0.0108;0.619;2.54;5.42;0.53;0.814;0.000964;0.00205; 52080;79;221;14.4;18.9;42;0.317;0.66;0.481;0.619;161;196;0.176;0.383;0.00595;0.00722; 52400;1890;17773;2.82;2.45;43;0.0462;2.82;0.0164;0.619;0.084;0.448;0.813;0.241;2.12e-05;0.000113; 51840;3;0;2.73;3.25;48;5.66e+03;2.91e+03;1.19e+03; 28%; 14%;  6%;1.19e+04;811;7.44e+03; 60%;  4%; 38%;8.82e+03;2.8e+03;1.4e+03; 45%; 14%;  7%;2e+03;811;1.67e+03; 10%;  4%;  8%;60.6;21.2;0.00676;18.2;0;0.613;0;0;0;1.74;31.8;0;66.5;0;0;0;0;0;77.7;20.2;0;2.1;0;0;0;0;0;2.65;13.2;0.0289;84.1;0;0;0;0;0;79.1;67;89.2;53.3;14.7 ;32 ;16 ;14.6 ;
2017-09-04;06:41:21.331;0.107;0.714;0.15;0.619;218;245;0.11;0.24;0.0059;0.00663;28.9;41.9;3.7e+04;5.18e+04;2.14e+03;1.43;35.7;0.214;5.36;5.54e+04;24.2;11.8;0.00885;64;0;12.1;0;0;0;246;85.2;0.142;0.392;0.363;0.619;93.5;96.6;0.0323;0.0272;0.00765;0.0079; 48400;6071;18204;7.21;9.01;40;0.0583;0.616;0.0948;0.619;56.4;59.5;0.0524;0.138;0.0112;0.0118; 49120;2490;7443;7.27;10.9;42;0.18;1.43;0.126;0.619;68;80.8;0.159;0.445;0.00437;0.00519; 54000;2730;8725;7.22;10.7;42;0.048;2.73;0.0176;0.619;0.108;8.01;0.987;0.0248;2.59e-05;0.00193; 51840;3;0;7.19;11.4;47;6.54e+03;6.77e+03;4.47e+03; 33%; 34%; 22%;4.46e+03;2.08e+03;7e+03; 22%; 10%; 35%;4.42e+03;7.18e+03;2.2e+03; 22%; 36%; 11%;2.58e+03;2.42e+03;5.23e+03; 13%; 12%; 26%;58.6;0.816;0.00237;40.6;0;28.9;0;0;0;15.3;21.1;0;63.6;0;0;0;0;0;20.3;13.9;0;65.8;0;19.4;0;0;0;2.84;11.4;0.033;85.8;0;0;0;0;0;72;58.1;66.5;49.5;20.2 ;22.1 ;22.1 ;20.8 ;
2017-09-04;06:41:22.363;0.115;0.27;0.425;0.619;305;311;0.02;0.0138;0.00765;0.00781;45.9;66.9;3.98e+04;1.48e+05;2.17e+03;0.539;13.5;0.229;5.73;8.78e+04;68.7;8.72;0.00673;22.6;0;0;0;0;0;336;118;0.119;0.193;0.617;0.619;81.3;82.9;0.0191;0.0136;0.00786;0.00802; 50640;5496;16369;11.5;16.7;40;0.143;0.263;0.546;0.619;108;109;0.0161;0.0131;0.00864;0.00878; 52160;6529;19740;11.4;16;41;0.149;0.287;0.521;0.619;116;117;0.0121;0.0135;0.00891;0.00902; 47200;6869;20456;11.5;16;41;0.0467;2.74;0.017;0.619;0.135;1.58;0.915;0.0893;3.33e-05;0.000391; 51760;3;1;11.5;18.2;47;9.26e+03;9.54e+03;4.06e+03; 46%; 48%; 20%;1.02e+04;4.86e+03;9.09e+03; 51%; 24%; 45%;1.01e+04;9.35e+03;5.04e+03; 51%; 47%; 25%;5.86e+03;5.68e+03;4.75e+03; 29%; 28%; 23%;99.6;0.394;0;0;0;0;0;0;0;88.1;11.4;0;0.443;0;0;0;0;0;84.1;14.4;0;1.52;0;0;0;0;0;2.75;8.72;0.0269;88.5;0;0;0;0;0;90.3;89.2;97;59.3;29.1 ;29.2 ;30.1 ;29 ;
2017-09-04;06:41:23.387;0.257;0.707;0.364;0.619;507;545;0.0698;0.176;0.00571;0.00613;46.2;46.9;8.88e+04;1.26e+05;2.17e+03;1.41;35.4;0.515;12.9;7.77e+04;58.8;6.04;0.00615;35.1;0;9.15;0;0;0;325;106;0.352;0.633;0.556;0.619;189;201;0.0609;0.156;0.00622;0.00662; 52640;5541;19114;10.2;9.14;40;0.385;0.837;0.46;0.619;192;208;0.0737;0.191;0.0058;0.00626; 47040;7891;14007;15.8;16.3;39;0.246;0.581;0.423;0.619;125;134;0.0703;0.182;0.0059;0.00635; 53440;3208;11444;10.1;10.2;42;0.0465;2.83;0.0164;0.619;0.105;1.07;0.902;0.134;2.63e-05;0.000267; 51760;4;1;10.1;11.1;47;1.03e+04;6.98e+03;4.48e+03; 52%; 35%; 22%;8.37e+03;3.5e+03;1.05e+04; 42%; 17%; 53%;8.55e+03;7.51e+03;2.52e+03; 43%; 38%; 12%;3.64e+03;5.26e+03;6.13e+03; 18%; 26%; 31%;89.8;7.17;0;2.98;0;0;0;0;0;74.3;4.88;0;20.8;0;14.9;0;0;0;68.4;3.38;0;28.2;0;21.8;0;0;0;2.65;8.72;0.0246;88.6;0;0;0;0;0;91.2;92;84.5;57.5;24.2 ;31.5 ;26.2 ;24.3 ;
2017-09-04;06:41:24.407;0.337;0.727;0.463;0.619;595;651;0.0854;0.205;0.00515;0.00563;50;42;1.16e+05;1.59e+05;2.15e+03;1.45;36.3;0.673;16.8;7.98e+04;74.8;2.56;0.0798;22.5;0;0;0;0;0;343;106;0.419;0.693;0.605;0.619;179;196;0.0836;0.209;0.00499;0.00544; 58480;3219;14125;10.4;7.74;40;0.548;0.886;0.619;0.619;248;272;0.0861;0.209;0.00527;0.00577; 58000;10668;16048;18.9;17.5;39;0.354;0.573;0.619;0.619;167;181;0.077;0.194;0.00549;0.00595; 48800;3729;14002;10.3;7.78;42;0.0239;2.54;0.0094;0.619;0.232;2.07;0.888;0.204;0.000113;0.00101; 51120;18;14;10.3;8.97;48;1.04e+04;6.25e+03;3.11e+03; 53%; 31%; 15%;1.03e+04;3.75e+03;1.02e+04; 52%; 19%; 52%;1.05e+04;6.47e+03;3.01e+03; 53%; 32%; 15%;4.58e+03;6.18e+03;4.93e+03; 23%; 31%; 25%;97.7;2.33;0;0;0;0;0;0;0;100;0.00126;0;0;0;0;0;0;0;100;0.00088;0;0;0;0;0;0;0;1.52;7.92;0.319;90.2;0;0;0;0;0;90.3;103;93.1;56.6;23.7 ;33.8 ;25.2 ;23.2 ;
2017-09-04;06:41:25.427;0.327;0.708;0.461;0.619;591;647;0.0857;0.203;0.00528;0.00577;49.8;41.9;1.12e+05;1.58e+05;2.14e+03;1.42;35.4;0.653;16.3;7.95e+04;74.5;2.52;0.116;22.9;0;0;0;0;0;342;106;0.409;0.676;0.605;0.619;178;195;0.0845;0.206;0.00509;0.00556; 48080;3273;14086;10.4;7.72;40;0.548;0.885;0.619;0.619;246;269;0.0854;0.21;0.00524;0.00573; 56400;10417;15531;18.9;17.5;39;0.349;0.564;0.619;0.619;166;181;0.0778;0.192;0.00556;0.00603; 48080;3962;14614;10.3;7.76;42;0.00115;0.561;0.00206;0.619;0.322;2.23;0.856;0.145;0.00326;0.0226; 51760;7;23;10.2;8.95;48;1.04e+04;6.25e+03;3.11e+03; 52%; 31%; 15%;1.03e+04;3.73e+03;1.02e+04; 52%; 19%; 52%;1.05e+04;6.45e+03;2.99e+03; 53%; 32%; 15%;4.56e+03;6.12e+03;4.93e+03; 23%; 31%; 25%;97.7;2.32;0;0;0;0;0;0;0;100;0.000958;0;0;0;0;0;0;0;100;0.000987;0;0;0;0;0;0;0;0.332;7.75;0.464;91.5;0;0;0;0;0;90;103;93;56;23.6 ;33.9 ;25.2 ;23 ;
2017-09-04;06:41:26.444;0.331;0.793;0.418;0.619;578;633;0.0861;0.212;0.0051;0.00559;48;40.9;1.13e+05;1.43e+05;2.14e+03;1.59;39.6;0.662;16.5;7.93e+04;67.5;5.3;0.165;27.1;0;0;0;0;0;339;104;0.464;0.767;0.605;0.619;202;221;0.0818;0.207;0.00509;0.00555; 46320;3724;16067;10.1;7.21;40;0.458;1.03;0.444;0.619;183;203;0.0959;0.235;0.00467;0.00517; 49920;7355;11865;18;17.8;40;0.4;0.647;0.619;0.619;192;208;0.0765;0.192;0.00562;0.00608; 48080;4185;15977;9.99;7.27;42;0.00092;0.506;0.00182;0.619;0.229;1.3;0.824;0.235;0.00291;0.0165; 52240;4;22;9.95;8.65;48;9.64e+03;6.83e+03;3.25e+03; 49%; 34%; 16%;1.07e+04;3.15e+03;1.04e+04; 54%; 16%; 53%;9.95e+03;7.03e+03;3.17e+03; 50%; 35%; 16%;4.96e+03;4.97e+03;5.28e+03; 25%; 25%; 26%;97.8;2.21;0;0;0;0;0;0;0;71.7;6.81;0;21.5;0;0;0;0;0;100;0;0;0;0;0;0;0;0;0.294;12.2;0.659;86.9;0;0;0;0;0;93;95.1;94.8;56.1;23 ;33.6 ;24.8 ;22.9 ;
2017-09-04;06:41:27.480;0.228;1.53;0.149;0.619;322;361;0.108;0.309;0.00408;0.00457;25.3;21.8;7.89e+04;5.16e+04;2.14e+03;3.06;76.5;0.456;11.4;4.39e+04;24.1;10.3;0.124;65.6;0;17.1;0;0;0;257;74.9;0.299;1.55;0.193;0.619;96;109;0.123;0.326;0.00373;0.00425; 31600;1774;6124;5.51;4.09;43;0.0336;1.85;0.0182;0.619;5.5;7.65;0.282;0.691;0.00189;0.00263; 86480;145;367;8.8;9.69;43;0.578;1.51;0.383;0.619;220;243;0.0945;0.273;0.00439;0.00485; 51520;4690;17030;5.52;3.22;44;0.00078;0.478;0.00163;0.61;0.174;0.663;0.738;0.396;0.00257;0.00978; 51600;9;0;5.49;4.78;49;2.6e+03;5.55e+03;1.61e+03; 13%; 28%;  8%;8.23e+03;979;3.67e+03; 41%;  4%; 18%;5.64e+03;4.52e+03;2.67e+03; 28%; 22%; 13%;4.7e+03;1.04e+03;2.64e+03; 23%;  5%; 13%;31.2;10;0.012;58.8;0;20.5;0;0;0;2.94;10.1;0;87;0;9.64;0;0;0;61.8;13.6;0;24.5;0;0;0;0;0;0.268;7.26;0.481;92;0;38.3;0;0;0;67.3;54.6;88;47.3;17.3 ;23 ;17.7 ;16.9 ;
2017-09-04;06:41:28.501;0.342;0.747;0.458;0.619;609;678;0.101;0.212;0.00517;0.00575;50.7;43.6;1.18e+05;1.58e+05;2.17e+03;1.49;37.4;0.685;17.1;8.15e+04;74;4.21;0.125;21.6;0;0;0;0;0;347;107;0.441;0.734;0.601;0.619;184;205;0.102;0.234;0.00483;0.00538; 50640;3696;14428;10.6;8.17;40;0.549;0.888;0.618;0.619;251;278;0.0984;0.205;0.00531;0.00589; 54720;8710;13362;19.1;17.7;39;0.377;0.618;0.611;0.619;174;192;0.0945;0.197;0.00537;0.00593; 58720;3867;14356;10.5;8.24;41;0.00133;0.611;0.00217;0.619;0.235;2.42;0.903;0.151;0.00206;0.0212; 51040;8;0;10.5;9.52;47;1.04e+04;6.47e+03;3.2e+03; 52%; 32%; 16%;1.07e+04;3.94e+03;1.03e+04; 54%; 20%; 52%;1.07e+04;6.69e+03;3.11e+03; 54%; 34%; 15%;4.68e+03;6.28e+03;5.02e+03; 23%; 31%; 25%;97;2.88;0;0.0802;0;0;0;0;0;99.9;0.142;0;0.00144;0;0;0;0;0;98.6;1.36;0;0;0;0;0;0;0;0.351;12.5;0.501;86.7;0;0;0;0;0;94;103;94.2;56.5;23.9 ;34 ;25.4 ;23.6 ;
2017-09-04;06:41:29.521;0.327;0.704;0.465;0.619;595;660;0.0989;0.202;0.0053;0.00588;49.8;43.4;1.12e+05;1.59e+05;2.14e+03;1.41;35.2;0.655;16.4;8.03e+04;75.1;3.43;0.0935;21.4;0;0;0;0;0;343;106;0.412;0.666;0.619;0.619;179;198;0.0973;0.206;0.00506;0.00561; 47760;3610;14545;10.3;8.05;40;0.543;0.877;0.619;0.619;248;276;0.0992;0.205;0.00533;0.00592; 52640;9413;14286;19;17.8;39;0.353;0.571;0.619;0.619;168;185;0.0923;0.192;0.00553;0.00609; 54480;3442;13189;10.3;8.15;42;0.0012;0.629;0.00191;0.619;0.149;1.74;0.914;0.197;0.00145;0.0169; 51600;6;7;10.2;9.38;48;1.04e+04;6.29e+03;3.14e+03; 53%; 32%; 16%;1.06e+04;3.88e+03;1.04e+04; 53%; 19%; 52%;1.06e+04;6.5e+03;3.01e+03; 54%; 33%; 15%;4.5e+03;6.19e+03;4.86e+03; 22%; 31%; 24%;100;0.00165;0;0;0;0;0;0;0;100;0.00117;0;0;0;0;0;0;0;100;0;0;0;0;0;0;0;0;0.308;13.7;0.374;85.6;0;0;0;0;0;90.2;103;93.2;56.6;23.7 ;34.1 ;25.2 ;23.4 ;
2017-09-04;06:41:30.540;0.329;0.709;0.464;0.619;596;661;0.099;0.202;0.00528;0.00586;49.8;43.3;1.13e+05;1.59e+05;2.14e+03;1.42;35.5;0.658;16.5;8.04e+04;75;2.94;0.203;21.9;0;0;0;0;0;344;106;0.41;0.663;0.619;0.619;179;198;0.0969;0.205;0.0051;0.00565; 54480;3569;14441;10.3;8.05;40;0.55;0.893;0.616;0.619;248;276;0.1;0.207;0.00527;0.00586; 53760;9551;14785;18.9;17.7;38;0.355;0.573;0.619;0.619;168;185;0.0923;0.192;0.00552;0.00608; 51280;3583;13671;10.3;8.15;41;0.00118;0.582;0.00203;0.619;0.164;1.67;0.901;0.18;0.00162;0.0165; 52160;8;0;10.2;9.39;48;1.05e+04;6.31e+03;3.15e+03; 53%; 32%; 16%;1.05e+04;3.88e+03;1.04e+04; 53%; 19%; 52%;1.06e+04;6.52e+03;3.01e+03; 54%; 33%; 15%;4.51e+03;6.21e+03;4.87e+03; 23%; 31%; 24%;100;0.00112;0;0;0;0;0;0;0;99.6;0.432;0;0;0;0;0;0;0;100;0.00109;0;0;0;0;0;0;0;0.329;11.3;0.811;87.5;0;0;0;0;0;90.4;104;93.2;56.3;23.6 ;34.1 ;25.3 ;23.3 ;
2017-09-04;06:41:31.554;0.338;0.981;0.344;0.619;558;623;0.103;0.238;0.00484;0.0054;45;40.4;1.15e+05;1.18e+05;2.14e+03;1.96;49.1;0.676;16.9;7.84e+04;55.6;7.14;0.237;37;0;0;0;0;0;334;102;0.553;0.929;0.595;0.619;234;259;0.0964;0.214;0.00496;0.00549; 51200;4180;15854;9.52;6.86;39;0.267;1.41;0.189;0.619;80.6;94.1;0.144;0.343;0.00353;0.00412; 49600;2487;4780;16.5;18.1;41;0.531;0.898;0.591;0.619;243;269;0.094;0.216;0.00537;0.00593; 55360;5034;18857;9.52;6.86;41;0.000721;0.466;0.00155;0.619;0.172;0.713;0.759;0.326;0.0028;0.0116; 51920;5;0;9.47;8.6;48;8.09e+03;7.98e+03;3.51e+03; 41%; 40%; 18%;1.13e+04;2.25e+03;1.02e+04; 58%; 11%; 52%;8.98e+03;8.03e+03;3.54e+03; 46%; 41%; 18%;5.69e+03;3.02e+03;5.74e+03; 29%; 15%; 29%;96.1;2.57;0;1.31;0;0;0;0;0;30.6;10.4;0;59.1;0;0;0;0;0;95.5;3.39;0;1.1;0;0;0;0;0;0.25;12.2;0.949;86.6;0;0;0;0;0;98.5;80.3;99.8;55.8;22.5 ;32.9 ;23.9 ;22.4 ;
2017-09-04;06:41:32.585;0.129;0.476;0.272;0.619;202;243;0.169;0.295;0.00454;0.00547;18.6;17.8;4.45e+04;9.36e+04;2.13e+03;0.951;23.8;0.259;6.46;2.82e+04;43.9;10.3;0.196;45.5;0;3.46;0;0;0;247;66.9;0.117;0.337;0.347;0.619;46.4;57.6;0.195;0.292;0.00462;0.00573; 48880;625;5270;2.4;2.37;42;0.0754;0.237;0.318;0.619;59.7;70.7;0.155;0.232;0.00921;0.0109; 46000;6052;2142;11.5;10.9;41;0.324;0.768;0.422;0.619;95.9;114;0.158;0.331;0.00344;0.00409; 52160;1717;8855;2.36;1.93;43;0.000956;0.499;0.00192;0.619;0.211;1.22;0.827;0.24;0.00256;0.0148; 51360;11;4;2.33;2.6;48;3.52e+03;2.15e+03;627; 17%; 10%;  3%;5.7e+03;914;4.51e+03; 28%;  4%; 22%;4.25e+03;1.71e+03;1.14e+03; 21%;  8%;  5%;1.75e+03;1.13e+03;805;  8%;  5%;  4%;56.1;4.17;0.00375;39.8;0;13.9;0;0;0;51.3;9.09;0;39.6;0;0;0;0;0;68.1;14.6;0;17.3;0;0;0;0;0;0.309;13.5;0.778;85.4;0;0;0;0;0;61.5;65;74.5;46;13.9 ;25.1 ;14.7 ;13.2 ;
2017-09-04;06:41:33.614;0.078;0.168;0.465;0.619;263;316;0.168;0.187;0.00975;0.0117;26.4;25;2.7e+04;1.61e+05;2.16e+03;0.336;8.39;0.156;3.9;3.81e+04;75.1;3.48;0.197;21.2;0;0;0;0;0;298;78;0.09;0.145;0.619;0.619;72.7;88.2;0.175;0.19;0.00934;0.0113; 47680;807;9270;2.37;2.3;42;0.124;0.2;0.619;0.619;114;134;0.148;0.172;0.0107;0.0125; 50320;11770;4002;19.4;17.8;40;0.0972;0.157;0.619;0.619;76.1;92.2;0.175;0.206;0.00905;0.011; 50000;966;9780;2.35;2.26;43;0.00124;0.581;0.00214;0.619;0.154;1.79;0.914;0.184;0.00143;0.0166; 51280;8;1;2.29;2.63;48;6.16e+03;1.51e+03;722; 31%;  7%;  3%;7.98e+03;1.43e+03;7.94e+03; 40%;  7%; 40%;6.21e+03;1.49e+03;752; 31%;  7%;  3%;1.04e+03;1.83e+03;987;  5%;  9%;  4%;100;0.000579;0;0;0;0;0;0;0;100;0.00155;0;0;0;0;0;0;0;100;0.000528;0;0;0;0;0;0;0;0.346;13.9;0.788;85;0;0;0;0;0;75.9;88.6;80.4;52.9;14.3 ;34.4 ;15.5 ;13.8 ;
2017-09-04;06:41:34.641;0.078;0.168;0.465;0.619;263;315;0.164;0.189;0.00977;0.0117;26.4;25;2.7e+04;1.61e+05;2.16e+03;0.336;8.39;0.156;3.9;3.81e+04;75.1;3.06;0.176;21.7;0;0;0;0;0;297;78;0.0908;0.147;0.619;0.619;73.4;87.3;0.159;0.204;0.00936;0.0111; 49760;783;9324;2.37;2.3;42;0.126;0.203;0.619;0.619;116;136;0.152;0.177;0.0107;0.0126; 45440;11801;4044;19.3;17.8;40;0.0942;0.152;0.619;0.619;74.2;89.5;0.171;0.194;0.00912;0.011; 52720;939;9678;2.37;2.29;44;0.00156;0.656;0.00237;0.619;0.168;1.99;0.915;0.188;0.00125;0.0148; 51760;8;16;2.32;2.65;48;6.19e+03;1.51e+03;725; 31%;  7%;  3%;7.97e+03;1.45e+03;7.96e+03; 40%;  7%; 40%;6.18e+03;1.5e+03;738; 31%;  7%;  3%;1.02e+03;1.87e+03;997;  5%;  9%;  5%;100;0.000742;0;0;0;0;0;0;0;100;0.00129;0;0;0;0;0;0;0;100;0.000365;0;0;0;0;0;0;0;0.383;12.2;0.704;86.7;0;0;0;0;0;75.9;88.5;80;52.7;14.3 ;34.4 ;15.7 ;13.7 ;
2017-09-04;06:41:35.673;0.0751;0.162;0.465;0.619;261;310;0.16;0.185;0.01;0.0119;26.3;25;2.6e+04;1.61e+05;2.16e+03;0.323;8.08;0.15;3.75;3.8e+04;75.1;3.44;0.15;21.4;0;0;0;0;0;298;78.1;0.0881;0.142;0.619;0.619;72.6;86.7;0.163;0.199;0.00954;0.0114; 50080;780;9255;2.35;2.3;42;0.121;0.195;0.619;0.619;114;134;0.149;0.166;0.0109;0.0128; 53280;11717;3964;19.4;17.9;40;0.0905;0.146;0.619;0.619;74.2;88.2;0.159;0.199;0.00947;0.0113; 51680;914;9730;2.29;2.23;44;0.00124;0.577;0.00215;0.619;0.151;1.82;0.917;0.189;0.00141;0.017; 52160;8;20;2.28;2.62;48;6.2e+03;1.5e+03;716; 31%;  7%;  3%;7.99e+03;1.44e+03;7.96e+03; 40%;  7%; 40%;6.18e+03;1.49e+03;742; 31%;  7%;  3%;1.02e+03;1.83e+03;980;  5%;  9%;  4%;100;0.000678;0;0;0;0;0;0;0;100;0.00316;0;0;0;0;0;0;0;100;0.0017;0;0;0;0;0;0;0;0.348;13.7;0.598;85.3;0;0;0;0;0;76.1;88.7;80.3;53;14.2 ;34.5 ;15.6 ;13.8 ;
2017-09-04;06:41:36.700;0.0759;0.163;0.465;0.619;263;313;0.162;0.191;0.01;0.0119;26.3;25;2.63e+04;1.61e+05;2.17e+03;0.327;8.17;0.152;3.8;3.8e+04;75.1;3.54;0.205;21.1;0;0;0;0;0;297;77.8;0.0853;0.138;0.619;0.619;72.8;85.7;0.151;0.201;0.00985;0.0116; 50800;778;9306;2.34;2.29;42;0.125;0.202;0.619;0.619;115;136;0.158;0.174;0.0106;0.0126; 45760;11732;4010;19.3;17.8;40;0.0919;0.149;0.619;0.619;75.1;89.7;0.163;0.205;0.00945;0.0113; 54880;948;9708;2.35;2.27;43;0.00126;0.596;0.00211;0.619;0.162;1.7;0.905;0.214;0.00149;0.0157; 50640;4;16;2.3;2.63;48;6.2e+03;1.5e+03;717; 31%;  7%;  3%;7.96e+03;1.44e+03;7.95e+03; 40%;  7%; 40%;6.21e+03;1.48e+03;742; 31%;  7%;  3%;1.03e+03;1.85e+03;981;  5%;  9%;  4%;100;0.000356;0;0;0;0;0;0;0;100;0;0;0;0;0;0;0;0;100;0.000676;0;0;0;0;0;0;0;0.341;14.2;0.82;84.7;0;0;0;0;0;75.6;88.5;80;52.9;14.2 ;34.3 ;15.5 ;13.8 ;
2017-09-04;06:41:37.729;0.0776;0.168;0.463;0.619;262;312;0.16;0.192;0.00978;0.0116;26.3;25;2.68e+04;1.6e+05;2.16e+03;0.335;8.38;0.155;3.88;3.8e+04;74.8;3.61;0.0633;21.6;0;0;0;0;0;298;78;0.0864;0.14;0.619;0.619;72.8;86;0.154;0.202;0.00975;0.0115; 47760;786;9245;2.34;2.28;42;0.123;0.199;0.619;0.619;114;134;0.151;0.168;0.0106;0.0125; 49840;11657;3923;19.3;17.9;40;0.0993;0.162;0.611;0.619;75.8;91.1;0.168;0.215;0.00883;0.0106; 51840;992;9711;2.34;2.25;44;0.00112;0.59;0.00189;0.619;0.168;1.3;0.871;0.262;0.00174;0.0135; 49840;9;1;2.28;2.61;48;6.21e+03;1.5e+03;715; 31%;  7%;  3%;7.95e+03;1.42e+03;7.95e+03; 40%;  7%; 40%;6.19e+03;1.48e+03;739; 31%;  7%;  3%;1.03e+03;1.82e+03;976;  5%;  9%;  4%;100;0.000588;0;0;0;0;0;0;0;100;0.00239;0;0;0;0;0;0;0;98.8;1.25;0;0;0;0;0;0;0;0.306;13.2;0.253;86.3;0;0;0;0;0;75.8;88.6;80.3;52.9;14.3 ;34.4 ;15.6 ;13.7 ;
2017-09-04;06:41:38.757;0.078;0.169;0.461;0.619;263;312;0.159;0.196;0.00974;0.0116;26.3;25.1;2.69e+04;1.59e+05;2.16e+03;0.338;8.45;0.156;3.9;3.82e+04;74.5;3.43;0.168;21.9;0;0;0;0;0;297;77.8;0.0895;0.145;0.619;0.619;72.7;86.9;0.163;0.197;0.0094;0.0112; 49440;788;9300;2.35;2.3;42;0.124;0.201;0.619;0.619;114;135;0.15;0.175;0.0107;0.0125; 52320;11695;4017;19.3;17.9;40;0.0972;0.161;0.605;0.619;75.2;89.4;0.158;0.225;0.00896;0.0106; 50560;884;9755;2.35;2.28;44;0.00101;0.499;0.00202;0.619;0.188;1.3;0.856;0.247;0.00217;0.015; 49680;9;3;2.34;2.66;48;6.18e+03;1.51e+03;716; 31%;  7%;  3%;7.99e+03;1.44e+03;7.92e+03; 40%;  7%; 40%;6.25e+03;1.5e+03;761; 31%;  7%;  3%;1.05e+03;1.86e+03;988;  5%;  9%;  5%;100;0.00064;0;0;0;0;0;0;0;100;0.000306;0;0;0;0;0;0;0;97.7;2.29;0;0;0;0;0;0;0;0.326;11.4;0.674;87.6;0;0;0;0;0;75.9;88.6;80.2;52.7;14.2 ;34.3 ;15.5 ;13.7 ;
2017-09-04;06:41:39.786;0.0765;0.166;0.461;0.619;262;312;0.161;0.191;0.0099;0.0118;26.3;25;2.64e+04;1.59e+05;2.16e+03;0.332;8.29;0.153;3.82;3.8e+04;74.5;3.49;0.171;21.8;0;0;0;0;0;297;77.8;0.086;0.139;0.619;0.619;72.3;86.6;0.165;0.191;0.00974;0.0117; 50080;784;9246;2.33;2.27;42;0.121;0.195;0.619;0.619;113;134;0.153;0.165;0.0108;0.0128; 49520;11655;3956;19.3;17.9;40;0.098;0.162;0.605;0.619;76;90.8;0.163;0.225;0.00897;0.0107; 45520;904;9712;2.32;2.23;44;0.000887;0.45;0.00197;0.619;0.186;1.06;0.823;0.28;0.00243;0.0138; 49440;5;2;2.29;2.61;48;6.15e+03;1.5e+03;710; 31%;  7%;  3%;7.96e+03;1.42e+03;7.92e+03; 40%;  7%; 40%;6.22e+03;1.48e+03;750; 31%;  7%;  3%;1.04e+03;1.82e+03;973;  5%;  9%;  4%;100;0.000531;0;0;0;0;0;0;0;100;0.00357;0;0;0;0;0;0;0;97.8;2.22;0;0;0;0;0;0;0;0.318;11.7;0.684;87.3;0;0;0;0;0;75.8;88.5;80.3;52.7;14.2 ;34.3 ;15.5 ;13.8 ;
2017-09-04;06:41:40.815;0.0765;0.166;0.461;0.619;262;310;0.157;0.196;0.00989;0.0117;26.3;25.1;2.65e+04;1.6e+05;2.16e+03;0.331;8.29;0.153;3.82;3.81e+04;74.5;2.29;0.145;23;0;9.23;0;0;0;297;78.1;0.0835;0.135;0.619;0.619;73;85.9;0.151;0.204;0.0101;0.0119; 45760;783;9363;2.35;2.29;42;0.124;0.2;0.619;0.619;113;134;0.154;0.171;0.0106;0.0125; 51520;11694;3985;19.3;17.9;40;0.0973;0.161;0.605;0.619;75;89.2;0.159;0.224;0.00891;0.0106; 48560;936;9819;2.33;2.26;44;0.000956;0.45;0.00212;0.613;0.195;1.28;0.847;0.23;0.00236;0.0155; 48560;8;0;2.3;2.62;48;6.24e+03;1.5e+03;721; 31%;  7%;  3%;7.97e+03;1.43e+03;7.96e+03; 40%;  7%; 40%;6.23e+03;1.49e+03;737; 31%;  7%;  3%;1.03e+03;1.83e+03;994;  5%;  9%;  5%;100;0.00194;0;0;0;0;0;0;0;100;0.00137;0;0;0;0;0;0;0;97.8;2.23;0;0;0;0;0;0;0;0.347;6.91;0.578;92.2;0;36.9;0;0;0;75.9;88.7;80.2;52.4;14.3 ;34.5 ;15.6 ;13.8 ;
2017-09-04;06:41:41.843;0.0782;0.169;0.461;0.619;263;315;0.164;0.195;0.00975;0.0117;26.3;25;2.7e+04;1.59e+05;2.16e+03;0.339;8.47;0.156;3.91;3.8e+04;74.5;2.3;0.161;23;0;0;0;0;0;297;77.9;0.0884;0.143;0.619;0.619;73;87;0.161;0.2;0.00956;0.0114; 48800;784;9302;2.35;2.28;42;0.124;0.2;0.619;0.619;114;135;0.158;0.167;0.0106;0.0126; 52720;11710;3976;19.3;17.8;40;0.0993;0.164;0.605;0.619;76.2;91.4;0.167;0.227;0.00888;0.0107; 51600;985;9825;2.34;2.25;43;0.000932;0.479;0.00195;0.619;0.183;1.14;0.84;0.266;0.00228;0.0142; 47760;11;0;2.3;2.63;48;6.16e+03;1.5e+03;713; 31%;  7%;  3%;7.95e+03;1.42e+03;7.92e+03; 40%;  7%; 40%;6.23e+03;1.48e+03;749; 31%;  7%;  3%;1.05e+03;1.83e+03;974;  5%;  9%;  4%;100;0;0;0;0;0;0;0;0;100;0.00188;0;0;0;0;0;0;0;97.7;2.27;0;0;0;0;0;0;0;0.314;6.93;0.644;92.1;0;0;0;0;0;75.7;88.4;80.2;52.3;14.2 ;34.5 ;15.5 ;13.8 ;
2017-09-04;06:41:42.872;0.0769;0.167;0.461;0.619;260;309;0.161;0.189;0.00978;0.0116;26.4;25;2.66e+04;1.59e+05;2.16e+03;0.334;8.34;0.154;3.85;3.81e+04;74.5;2.97;0.133;22.4;0;0;0;0;0;297;77.8;0.0885;0.143;0.619;0.619;72.5;86.8;0.165;0.194;0.00949;0.0114; 48720;795;9244;2.36;2.29;42;0.121;0.195;0.619;0.619;113;132;0.147;0.166;0.0108;0.0127; 52000;11729;3964;19.4;17.8;40;0.0976;0.161;0.605;0.619;74.2;89.1;0.168;0.215;0.0088;0.0106; 50560;961;9746;2.32;2.24;44;0.000962;0.464;0.00207;0.619;0.202;1.13;0.822;0.286;0.00243;0.0136; 47760;10;1;2.31;2.62;48;6.19e+03;1.49e+03;719; 31%;  7%;  3%;7.97e+03;1.45e+03;7.95e+03; 40%;  7%; 40%;6.19e+03;1.48e+03;742; 31%;  7%;  3%;1.03e+03;1.86e+03;989;  5%;  9%;  5%;100;0;0;0;0;0;0;0;0;100;0.00265;0;0;0;0;0;0;0;97.7;2.31;0;0;0;0;0;0;0;0.335;9.57;0.533;89.6;0;0;0;0;0;75.8;88.5;80.2;52.7;14.2 ;34.3 ;15.6 ;13.8 ;
2017-09-04;06:41:43.898;0.0794;0.172;0.461;0.619;264;318;0.169;0.193;0.00962;0.0116;26.4;25;2.74e+04;1.59e+05;2.16e+03;0.344;8.61;0.159;3.97;3.81e+04;74.5;3.52;0.135;21.8;0;0;0;0;0;297;78;0.0933;0.151;0.619;0.619;73.1;88.6;0.176;0.198;0.00907;0.011; 49520;790;9291;2.36;2.29;43;0.125;0.202;0.619;0.619;115;136;0.154;0.175;0.0107;0.0126; 50400;11747;3984;19.3;17.8;40;0.0983;0.163;0.605;0.619;75.5;91.8;0.178;0.213;0.0089;0.0108; 54560;961;9731;2.37;2.29;44;0.000977;0.482;0.00203;0.619;0.186;1.18;0.842;0.276;0.00221;0.014; 48320;9;2;2.33;2.65;48;6.13e+03;1.52e+03;720; 31%;  7%;  3%;7.95e+03;1.43e+03;7.92e+03; 40%;  7%; 40%;6.23e+03;1.51e+03;759; 31%;  7%;  3%;1.06e+03;1.84e+03;992;  5%;  9%;  5%;100;0.00103;0;0;0;0;0;0;0;100;0.000258;0;0;0;0;0;0;0;97.7;2.33;0;0;0;0;0;0;0;0.327;11.8;0.541;87.4;0;0;0;0;0;75.8;88.4;80;52.7;14.3 ;34.3 ;15.6 ;13.8 ;
2017-09-04;06:41:44.925;0.0773;0.168;0.461;0.619;260;311;0.166;0.185;0.00973;0.0117;26.3;24.9;2.67e+04;1.59e+05;2.15e+03;0.335;8.38;0.155;3.86;3.8e+04;74.5;3.64;0.133;21.7;0;0;0;0;0;297;77.7;0.0894;0.144;0.619;0.619;72.6;87.5;0.171;0.191;0.00941;0.0114; 51200;796;9236;2.37;2.29;42;0.119;0.192;0.619;0.619;112;132;0.154;0.157;0.0109;0.0129; 54000;11676;3950;19.3;17.8;40;0.0998;0.165;0.605;0.619;75.2;90.5;0.169;0.217;0.00874;0.0105; 48400;844;9712;2.3;2.21;44;0.00126;0.579;0.00218;0.619;0.205;1.3;0.843;0.266;0.00189;0.012; 48400;6;6;2.29;2.61;48;6.17e+03;1.51e+03;717; 31%;  7%;  3%;7.96e+03;1.43e+03;7.95e+03; 40%;  7%; 40%;6.18e+03;1.5e+03;745; 31%;  7%;  3%;1.03e+03;1.83e+03;985;  5%;  9%;  4%;100;0.000905;0;0;0;0;0;0;0;100;0.0132;0;0;0;0;0;0;0;97.7;2.32;0;0;0;0;0;0;0;0.352;12.2;0.531;86.9;0;0;0;0;0;75.8;88.3;80.1;52.8;14.2 ;34.4 ;15.4 ;13.7 ;
2017-09-04;06:41:45.951;0.0843;0.185;0.455;0.619;265;318;0.165;0.21;0.00913;0.0109;26.4;25.2;2.91e+04;1.57e+05;2.16e+03;0.37;9.26;0.169;4.22;3.83e+04;73.6;4.56;0.132;21.7;0;0;0;0;0;298;78;0.0901;0.146;0.619;0.619;72.9;87.3;0.166;0.199;0.00938;0.0112; 50800;782;9295;2.38;2.33;42;0.143;0.239;0.597;0.619;117;139;0.157;0.203;0.00954;0.0113; 50800;11817;4132;19.2;17.8;40;0.104;0.172;0.604;0.619;75.1;90.5;0.17;0.228;0.00839;0.0101; 50960;916;9667;2.4;2.32;43;0.00084;0.449;0.00187;0.619;0.185;0.917;0.798;0.313;0.00256;0.0127; 50240;8;25;2.37;2.69;48;6.19e+03;1.53e+03;721; 31%;  7%;  3%;7.99e+03;1.48e+03;7.96e+03; 40%;  7%; 40%;6.25e+03;1.51e+03;752; 31%;  7%;  3%;1.04e+03;1.92e+03;993;  5%;  9%;  5%;100;0.000505;0;0;0;0;0;0;0;96.4;3.58;0;0;0;0;0;0;0;97.5;2.46;0;0;0;0;0;0;0;0.302;12.2;0.529;87;0;0;0;0;0;75.7;88.9;80.3;52.8;14.2 ;34.3 ;15.6 ;13.8 ;
2017-09-04;06:41:46.975;0.0959;0.217;0.443;0.619;275;330;0.167;0.247;0.00832;0.00999;26.4;25.6;3.3e+04;1.52e+05;2.15e+03;0.433;10.8;0.192;4.8;3.88e+04;71.5;6.37;0.0762;22;0;0;0;0;0;298;78.7;0.0885;0.143;0.619;0.619;72.2;86.7;0.168;0.194;0.00946;0.0114; 49760;798;9227;2.46;2.44;42;0.199;0.365;0.546;0.619;127;154;0.171;0.285;0.00743;0.00896; 50880;12551;4333;19;17.9;40;0.0951;0.158;0.604;0.619;74.9;88.6;0.155;0.224;0.00915;0.0108; 55440;940;9620;2.45;2.41;44;0.000802;0.465;0.00172;0.619;0.185;0.772;0.76;0.35;0.00268;0.0112; 50080;10;15;2.45;2.81;48;6.32e+03;1.48e+03;720; 32%;  7%;  3%;8.05e+03;1.58e+03;8.01e+03; 40%;  8%; 40%;6.38e+03;1.47e+03;744; 32%;  7%;  3%;1.02e+03;2.06e+03;982;  5%; 10%;  4%;100;0.00112;0;0;0;0;0;0;0;88.3;10.7;0;1.01;0;0;0;0;0;97.5;2.51;0;0;0;0;0;0;0;0.279;12.2;0.305;87.2;0;0;0;0;0;75.5;89.8;79.7;52.7;14.5 ;34.2 ;15.9 ;14.1 ;
2017-09-04;06:41:47.996;0.124;0.333;0.372;0.619;270;332;0.187;0.345;0.00633;0.00779;25.2;26.6;4.27e+04;1.28e+05;2.15e+03;0.667;16.7;0.248;6.21;4.51e+04;60.2;9.3;0.128;30.4;0;2.43;0;0;0;295;77.9;0.104;0.169;0.617;0.619;88.8;106;0.161;0.187;0.00992;0.0118; 49360;935;11399;2.56;2.5;42;0.277;1.03;0.268;0.619;88.6;116;0.238;0.511;0.00373;0.0049; 52560;8062;3839;17.5;18.6;41;0.115;0.191;0.603;0.619;92.4;109;0.155;0.208;0.00935;0.0111; 55680;1146;11975;2.58;2.5;44;0.000764;0.436;0.00175;0.619;0.176;0.729;0.758;0.366;0.00269;0.0111; 50640;10;2;2.55;2.97;48;7.21e+03;1.82e+03;838; 36%;  9%;  4%;9.72e+03;1.58e+03;9.56e+03; 49%;  8%; 48%;7.38e+03;1.81e+03;872; 37%;  9%;  4%;1.21e+03;1.94e+03;1.18e+03;  6%;  9%;  5%;99.6;0.378;0;0;0;0;0;0;0;43.3;21.8;0;34.9;0;9.7;0;0;0;97.4;2.61;0;0;0;0;0;0;0;0.283;12.4;0.514;86.8;0;0;0;0;0;76.7;84.5;81.2;52.7;14.5 ;33.6 ;15.8 ;14.1 ;
2017-09-04;06:41:49.015;0.087;0.295;0.295;0.619;232;279;0.166;0.27;0.0078;0.00935;22.3;25.5;2.98e+04;1.01e+05;2.14e+03;0.59;14.8;0.174;4.35;4.72e+04;47.6;9.01;0.12;43.3;0;0.0366;0;0;0;280;74.6;0.137;0.227;0.602;0.619;111;131;0.154;0.21;0.00944;0.0112; 52000;1259;13750;2.16;1.93;42;0.0391;2.96;0.0132;0.619;3.21;6.55;0.51;0.745;0.000957;0.00195; 52240;105;279;16;19.3;41;0.171;0.305;0.562;0.619;118;141;0.158;0.258;0.00807;0.00958; 51360;1534;14534;2.12;1.83;44;0.000724;0.431;0.00168;0.619;0.183;0.737;0.752;0.342;0.00295;0.0119; 50960;4;2;2.08;2.42;48;7.4e+03;2.14e+03;930; 37%; 10%;  4%;1.08e+04;961;1.06e+04; 54%;  4%; 53%;7.64e+03;2.1e+03;992; 39%; 10%;  5%;1.42e+03;964;1.35e+03;  7%;  4%;  6%;97.2;2.76;0;0;0;0;0;0;0;2.13;11.6;0;86.3;0;0.146;0;0;0;90.7;9.27;0;0;0;0;0;0;0;0.272;12.4;0.482;86.8;0;0;0;0;0;78;67;83.2;52.3;13.6 ;33.2 ;14.6 ;13.2 ;
2017-09-04;06:41:50.032;0.115;0.431;0.267;0.619;252;306;0.178;0.344;0.00641;0.00779;22.7;26.4;3.93e+04;9.12e+04;2.14e+03;0.861;21.5;0.23;5.74;4.78e+04;43.1;14.3;0.149;42.4;0;0;0;0;0;284;75.9;0.186;0.337;0.551;0.619;118;142;0.165;0.282;0.00746;0.00893; 49360;1438;13975;2.4;2.15;42;0.0273;2.86;0.00956;0.619;2.24;4.79;0.532;0.809;0.000958;0.00205; 52400;72;196;15.6;19.4;41;0.245;0.487;0.504;0.619;131;159;0.176;0.347;0.00624;0.00756; 47520;1754;15344;2.37;2.03;44;0.000745;0.44;0.00169;0.619;0.182;0.71;0.743;0.369;0.00286;0.0111; 51680;10;0;2.34;2.73;48;7.37e+03;2.44e+03;1.04e+03; 37%; 12%;  5%;1.05e+04;896;1.03e+04; 53%;  4%; 52%;7.66e+03;2.37e+03;1.15e+03; 39%; 12%;  5%;1.64e+03;894;1.49e+03;  8%;  4%;  7%;89.1;10.3;0;0.614;0;0;0;0;0;1.55;16.7;0.0102;81.7;0;0;0;0;0;81.4;17.8;0;0.859;0;0;0;0;0;0.274;12.5;0.586;86.6;0;0;0;0;0;79.3;66.6;85.4;52.4;13.8 ;33.1 ;15.2 ;13.8 ;
2017-09-04;06:41:51.071;0.164;1.09;0.151;0.619;215;281;0.234;0.482;0.00378;0.00494;19.4;24.7;5.69e+04;5.22e+04;2.14e+03;2.18;54.5;0.329;8.22;3.94e+04;24.4;11.8;0.0967;63.7;0;23.8;0;0;0;255;72;0.404;1.1;0.366;0.619;151;192;0.216;0.451;0.00433;0.00552; 50000;2376;16651;3.3;3.41;41;0.0475;0.723;0.0657;0.619;10.9;14.1;0.228;0.61;0.00266;0.00344; 47920;631;2002;9.56;13;43;0.207;1.21;0.171;0.619;53.6;74.1;0.277;0.522;0.00299;0.00413; 51440;1412;6246;3.31;3.85;43;0.000752;0.433;0.00174;0.605;0.197;0.755;0.739;0.348;0.00302;0.0116; 51120;8;3;3.27;4.41;48;7.66e+03;2.97e+03;1.76e+03; 38%; 15%;  8%;3.59e+03;1.04e+03;9.77e+03; 18%;  5%; 49%;3.13e+03;3.33e+03;1.15e+03; 15%; 16%;  5%;1.44e+03;1.12e+03;2.43e+03;  7%;  5%; 12%;59.1;22.3;0.00161;18.6;0;0;0;0;0;10.6;5.39;0;84;0;15.6;0;0;0;27.7;14.2;0.0103;58.1;0;23.2;0;0;0;0.287;5.61;0.374;93.7;0;56.2;0;0;0;80;59.7;67.5;48.2;14.8 ;25.5 ;16.8 ;15 ;
2017-09-04;06:41:52.107;0.114;0.246;0.464;0.619;297;304;0.0218;0.0147;0.00746;0.00763;50.7;72.4;3.98e+04;1.62e+05;2.18e+03;0.493;12.3;0.229;5.72;9.67e+04;75;3.76;0.142;21.1;0;0;0;0;0;348;123;0.147;0.239;0.615;0.619;95.9;97.6;0.0166;0.0135;0.0075;0.00763; 52480;6869;20204;12.7;17.6;39;0.147;0.239;0.618;0.619;98.6;100;0.0156;0.013;0.00767;0.0078; 46400;6778;20389;12.7;17.5;41;0.155;0.25;0.617;0.619;102;104;0.0155;0.0131;0.00762;0.00774; 49600;7105;21295;12.7;17.2;41;0.00849;1.68;0.00506;0.619;0.202;2.03;0.9;0.191;0.000273;0.00275; 52000;9;3;12.6;20.1;47;1.04e+04;1.06e+04;5.02e+03; 52%; 53%; 25%;1.07e+04;5.09e+03;1.04e+04; 53%; 25%; 52%;1.07e+04;1.05e+04;5.31e+03; 53%; 52%; 26%;6.18e+03;5.94e+03;5.85e+03; 31%; 29%; 29%;99.4;0.598;0;0;0;0;0;0;0;99.9;0.115;0;0;0;0;0;0;0;99.7;0.319;0;0;0;0;0;0;0;0.817;14;0.569;84.6;0;0;0;0;0;95.4;92.2;101;59.6;30.3 ;30.7 ;31.3 ;30.7 ;
2017-09-04;06:41:53.095;0.149;0.368;0.405;0.619;327;341;0.0423;0.0998;0.00656;0.00685;40.9;52.6;4.98e+04;1.35e+05;2.1e+03;0.736;18.4;0.298;7.46;7.5e+04;65.5;4.99;0.0133;29.5;0;5.27;0;0;0;309;104;0.178;0.296;0.6;0.619;109;113;0.036;0.0804;0.00735;0.00762; 55520;5262;16200;9.85;12.1;40;0.209;0.389;0.537;0.619;120;126;0.0458;0.123;0.00688;0.00721; 47840;6498;16321;11.5;14.1;39;0.163;0.349;0.467;0.619;97.3;101;0.037;0.0907;0.00717;0.00744; 48640;4738;14827;9.81;12.3;42;0.0466;2.78;0.0168;0.619;0.0723;0.906;0.92;0.157;1.86e-05;0.000233; 52000;3;1;9.78;14.2;48;8.74e+03;7.57e+03;3.85e+03; 45%; 39%; 20%;8.38e+03;4.02e+03;8.72e+03; 43%; 21%; 45%;8.46e+03;7.64e+03;3.53e+03; 44%; 40%; 18%;4.34e+03;5.04e+03;4.73e+03; 22%; 26%; 24%;97;1.27;0;1.75;0;0;0;0;0;86.7;3.47;0;9.84;0;6.67;0;0;0;75.4;3.57;0;21;0;14.4;0;0;0;2.71;11.7;0.0532;85.6;0;0;0;0;0;84.2;84.5;84.2;55.6;25.1 ;27.5 ;26.3 ;25.1 ;
2017-09-04;06:41:54.118;0.344;0.733;0.469;0.619;597;651;0.084;0.206;0.00505;0.00551;50;41.9;1.18e+05;1.61e+05;2.15e+03;1.47;36.7;0.687;17.2;7.99e+04;75.7;2.59;0.00958;21.7;0;0;0;0;0;345;106;0.404;0.652;0.619;0.619;177;193;0.0803;0.206;0.00511;0.00555; 45680;3412;14455;10.4;7.68;41;0.557;0.899;0.619;0.619;249;273;0.086;0.212;0.00521;0.0057; 50560;10492;14510;18.9;17.5;39;0.367;0.593;0.619;0.619;170;184;0.0775;0.198;0.00539;0.00584; 55840;3684;14140;10.4;7.76;42;0.047;2.79;0.0168;0.619;0.085;1.57;0.946;0.121;2.1e-05;0.000387; 51600;3;0;10.3;8.99;47;1.04e+04;6.32e+03;3.09e+03; 52%; 32%; 15%;1.03e+04;3.83e+03;1.02e+04; 52%; 19%; 52%;1.05e+04;6.45e+03;2.98e+03; 53%; 32%; 15%;4.6e+03;6.27e+03;4.86e+03; 23%; 31%; 24%;100;0;0;0;0;0;0;0;0;100;0.00127;0;0;0;0;0;0;0;100;5.96e-05;0;0;0;0;0;0;0;2.72;10.4;0.0383;86.9;0;0;0;0;0;90;104;93.6;57.4;23.6 ;33.9 ;25.3 ;23.3 ;
2017-09-04;06:41:55.138;0.338;0.721;0.469;0.619;594;649;0.0846;0.203;0.00512;0.00559;50;41.9;1.16e+05;1.61e+05;2.15e+03;1.44;36.1;0.676;16.9;7.98e+04;75.7;3.38;0.0108;20.9;0;0;0;0;0;344;106;0.396;0.64;0.619;0.619;175;191;0.0811;0.203;0.00516;0.00562; 45600;3417;14562;10.4;7.69;40;0.549;0.887;0.619;0.619;249;273;0.0869;0.209;0.00529;0.00579; 52080;10788;15082;18.9;17.5;39;0.36;0.582;0.619;0.619;169;183;0.0786;0.195;0.00547;0.00594; 45440;3653;14227;10.4;7.78;42;0.0467;2.81;0.0166;0.619;0.0737;1.36;0.946;0.138;1.84e-05;0.000341; 51360;1;0;10.3;9;48;1.04e+04;6.31e+03;3.09e+03; 53%; 32%; 15%;1.03e+04;3.83e+03;1.02e+04; 52%; 19%; 51%;1.05e+04;6.42e+03;2.97e+03; 53%; 32%; 15%;4.59e+03;6.29e+03;4.84e+03; 23%; 32%; 24%;100;0.000678;0;0;0;0;0;0;0;100;0.00114;0;0;0;0;0;0;0;100;0.00129;0;0;0;0;0;0;0;2.68;13.5;0.0433;83.7;0;0;0;0;0;89.6;103;93.4;57.5;23.6 ;34 ;25.4 ;23.1 ;
2017-09-04;06:41:56.157;0.344;0.737;0.466;0.619;596;652;0.0849;0.205;0.00507;0.00554;50.1;42.1;1.18e+05;1.6e+05;2.14e+03;1.47;36.8;0.687;17.2;8.03e+04;75.4;4.55;0.0103;20.1;0;0;0;0;0;345;106;0.399;0.645;0.619;0.619;177;193;0.0807;0.203;0.00518;0.00564; 53200;3390;14974;10.5;7.74;40;0.564;0.923;0.611;0.619;249;273;0.0882;0.213;0.00516;0.00566; 49440;10290;14531;18.9;17.5;38;0.365;0.589;0.619;0.619;170;185;0.0786;0.196;0.00545;0.00592; 47040;3736;14374;10.4;7.82;42;0.0466;2.81;0.0166;0.619;0.0939;1.24;0.924;0.139;2.35e-05;0.000311; 51200;1;4;10.4;9.05;47;1.05e+04;6.36e+03;3.12e+03; 53%; 32%; 15%;1.04e+04;3.84e+03;1.03e+04; 53%; 19%; 52%;1.06e+04;6.49e+03;3e+03; 54%; 33%; 15%;4.62e+03;6.31e+03;4.88e+03; 23%; 32%; 24%;100;0.00207;0;0;0;0;0;0;0;98.7;1.18;0;0.11;0;0;0;0;0;100;3.98e-05;0;0;0;0;0;0;0;2.68;17;0.0412;80.3;0;0;0;0;0;89.9;104;93.5;57.8;23.7 ;33.8 ;25.2 ;23.5 ;
2017-09-04;06:41:57.172;0.341;1.1;0.31;0.619;536;588;0.0891;0.237;0.00459;0.00504;42.9;37.3;1.17e+05;1.06e+05;2.14e+03;2.2;55;0.683;17.1;7.49e+04;50.1;9.71;0.00916;40.2;0;0;0;0;0;330;98.8;0.579;0.994;0.582;0.619;248;270;0.0815;0.214;0.00502;0.00547; 40400;4712;19717;9.18;6.07;40;0.152;1.97;0.077;0.619;33.6;41.2;0.184;0.436;0.00259;0.00318; 52000;992;2414;15.4;17.3;42;0.589;1.04;0.565;0.619;254;276;0.0816;0.219;0.00504;0.00549; 48880;5434;19848;9.19;6.14;41;0.0462;2.85;0.0162;0.619;0.0972;0.335;0.71;0.292;2.46e-05;8.49e-05; 51280;5;0;9.07;7.82;48;7.39e+03;8.17e+03;3.5e+03; 37%; 41%; 17%;1.07e+04;1.77e+03;1.01e+04; 54%;  9%; 51%;7.76e+03;8.15e+03;3.44e+03; 39%; 41%; 17%;5.86e+03;2.09e+03;5.93e+03; 30%; 10%; 30%;94;3.22;0;2.74;0;0;0;0;0;12.4;11.1;0;76.5;0;0;0;0;0;91.3;7.57;0;1.17;0;0;0;0;0;2.62;16.9;0.0367;80.4;0;0;0;0;0;98.6;72.3;103;56.9;21.6 ;31.8 ;23.5 ;21.9 ;
2017-09-04;06:41:58.195;0.32;0.884;0.361;0.619;484;542;0.109;0.238;0.00442;0.00496;40.6;35;1.09e+05;1.24e+05;2.13e+03;1.77;44.2;0.639;16;6.52e+04;58.4;7.97;0.00713;33.6;0;0.795;0;0;0;307;94.3;0.364;0.762;0.478;0.619;138;155;0.109;0.231;0.00444;0.00498; 50880;2866;12245;8.58;6.75;40;0.421;0.912;0.462;0.619;186;207;0.103;0.219;0.00517;0.00576; 47040;7778;11125;14.9;13.9;39;0.448;0.912;0.491;0.619;159;179;0.112;0.265;0.00415;0.00467; 60080;3628;12893;8.56;6.6;41;0.0462;2.82;0.0164;0.619;0.113;0.845;0.867;0.209;2.84e-05;0.000213; 52000;7;0;8.53;7.83;48;8.08e+03;5.63e+03;2.5e+03; 41%; 28%; 12%;8.45e+03;3.09e+03;8.09e+03; 43%; 15%; 41%;8.27e+03;5.44e+03;2.73e+03; 42%; 27%; 13%;4.25e+03;4.86e+03;3.83e+03; 21%; 24%; 19%;77.1;3.62;0.00049;19.2;0;3.18;0;0;0;74.6;2.66;0;22.8;0;0;0;0;0;79.3;9.26;0;11.4;0;0;0;0;0;2.65;16.3;0.028;81;0;0;0;0;0;79.4;86.6;88.3;53;21.4 ;29.1 ;22.7 ;21.1 ;
2017-09-04;06:41:59.214;0.349;0.755;0.462;0.619;612;681;0.101;0.206;0.00511;0.00568;51.1;43.9;1.2e+05;1.59e+05;2.15e+03;1.51;37.8;0.699;17.5;8.19e+04;74.7;4.61;0.0737;20.6;0;0;0;0;0;347;108;0.409;0.661;0.619;0.619;176;195;0.0975;0.206;0.00502;0.00556; 49040;3093;13261;10.7;8.33;40;0.557;0.9;0.619;0.619;252;280;0.101;0.207;0.00527;0.00586; 50640;9679;13914;19.1;17.6;39;0.417;0.689;0.605;0.619;183;203;0.0972;0.206;0.00513;0.00569; 53280;3768;13270;10.7;8.3;41;0.0132;2.18;0.00605;0.619;0.303;2;0.848;0.212;0.000268;0.00177; 51920;18;0;10.6;9.67;48;1.05e+04;6.7e+03;3.14e+03; 53%; 34%; 16%;1.05e+04;4.01e+03;1.04e+04; 53%; 20%; 53%;1.05e+04;6.65e+03;3.22e+03; 53%; 33%; 16%;4.98e+03;6.37e+03;4.85e+03; 25%; 32%; 24%;100;0.00382;0;0;0;0;0;0;0;100;0.00112;0;0;0;0;0;0;0;97.7;2.29;0;0;0;0;0;0;0;0.977;16.1;0.295;82.6;0;0;0;0;0;90.7;104;95.4;57.2;24.2 ;34 ;25.6 ;23.8 ;
2017-09-04;06:42:00.234;0.338;0.728;0.465;0.619;604;671;0.1;0.205;0.00521;0.00579;50.6;43.7;1.16e+05;1.59e+05;2.14e+03;1.46;36.4;0.677;16.9;8.1e+04;75.1;4;0.125;20.8;0;0;0;0;0;345;107;0.405;0.655;0.619;0.619;174;193;0.0974;0.205;0.00503;0.00557; 47040;3161;13382;10.6;8.25;40;0.55;0.889;0.619;0.619;250;278;0.101;0.206;0.0053;0.0059; 49360;10100;14434;19.1;17.7;39;0.397;0.641;0.619;0.619;179;198;0.0947;0.203;0.00528;0.00583; 51120;3692;13093;10.5;8.23;41;0.00126;0.591;0.00213;0.619;0.175;1.69;0.897;0.24;0.00162;0.0157; 51280;8;3;10.4;9.52;48;1.04e+04;6.61e+03;3.11e+03; 53%; 33%; 15%;1.05e+04;3.93e+03;1.03e+04; 53%; 20%; 52%;1.05e+04;6.6e+03;3.16e+03; 53%; 33%; 16%;4.83e+03;6.25e+03;4.79e+03; 24%; 31%; 24%;100;0.000342;0;0;0;0;0;0;0;100;0.00122;0;0;0;0;0;0;0;100;0.001;0;0;0;0;0;0;0;0.344;16;0.499;83.2;0;0;0;0;0;90.1;104;94.7;56.8;24.1 ;34 ;25.7 ;23.6 ;
2017-09-04;06:42:01.249;0.363;0.953;0.381;0.619;592;660;0.104;0.227;0.00477;0.00532;48.2;42.7;1.24e+05;1.3e+05;2.14e+03;1.91;47.6;0.725;18.1;8.22e+04;61.5;6.09;0.144;32.3;0;3.98;0;0;0;343;105;0.519;0.84;0.617;0.619;230;254;0.0945;0.204;0.00518;0.00572; 55360;4176;17698;10.3;7.57;40;0.408;1.35;0.303;0.619;129;148;0.131;0.288;0.00368;0.00424; 49040;4315;7945;17.4;18.3;40;0.523;0.871;0.601;0.619;233;257;0.0945;0.209;0.00522;0.00576; 51920;5267;18013;10.3;7.61;40;0.000834;0.471;0.00177;0.619;0.175;0.945;0.814;0.301;0.00246;0.0133; 51440;10;0;10.2;9.26;47;9.29e+03;8.05e+03;3.58e+03; 47%; 41%; 18%;1.1e+04;2.8e+03;1.1e+04; 56%; 14%; 56%;9.31e+03;8.07e+03;3.61e+03; 47%; 41%; 18%;5.77e+03;4.02e+03;5.76e+03; 29%; 20%; 29%;99.7;0.279;0;0;0;0;0;0;0;48.9;10;0;41.1;0;15.9;0;0;0;97;2.67;0;0.319;0;0;0;0;0;0.286;11.4;0.577;87.7;0;0;0;0;0;97.5;88.9;101;56.1;23.4 ;33.3 ;25 ;23.1 ;
2017-09-04;06:42:02.282;0.162;0.565;0.287;0.619;257;302;0.15;0.275;0.0046;0.00541;22.6;20.8;5.58e+04;9.88e+04;2.13e+03;1.13;28.2;0.324;8.1;3.51e+04;46.3;8.27;0.145;45.3;0;4.3;0;0;0;260;71.5;0.304;0.711;0.428;0.619;101;119;0.147;0.296;0.00389;0.00456; 49920;1604;8631;3.43;2.73;42;0.068;0.229;0.297;0.619;56.1;65.8;0.148;0.205;0.00959;0.0113; 50000;5960;1801;12.5;12;41;0.275;0.654;0.421;0.619;98.8;116;0.146;0.289;0.00415;0.00487; 52720;1994;9005;3.36;2.72;43;0.00103;0.489;0.0021;0.619;0.243;1.53;0.841;0.225;0.00274;0.0172; 50800;6;1;3.33;3.37;48;4.44e+03;2.86e+03;1.31e+03; 22%; 14%;  6%;5.88e+03;1.04e+03;5.98e+03; 29%;  5%; 30%;4.33e+03;2.83e+03;1.23e+03; 21%; 14%;  6%;1.95e+03;1.24e+03;2.02e+03;  9%;  6%; 10%;69.1;9.15;0;21.8;0;0;0;0;0;47.9;3.61;0;48.5;0;3.13;0;0;0;68.1;7.31;0;24.6;0;14.1;0;0;0;0.339;13;0.58;86.1;0;0;0;0;0;72.6;65.4;74.7;47.4;14.9 ;26.3 ;15.9 ;14.5 ;
2017-09-04;06:42:03.309;0.076;0.163;0.465;0.619;262;313;0.164;0.186;0.00997;0.0119;26.3;25;2.63e+04;1.61e+05;2.17e+03;0.327;8.17;0.152;3.8;3.81e+04;75.1;4.27;0.246;20.3;0;0;0;0;0;297;78;0.0838;0.135;0.619;0.619;71.9;85.7;0.16;0.187;0.00991;0.0118; 48480;714;9345;2.36;2.31;42;0.124;0.201;0.619;0.619;115;136;0.153;0.174;0.0107;0.0126; 47760;12279;3601;19.3;17.8;40;0.0936;0.151;0.619;0.619;74.6;89.2;0.164;0.198;0.00922;0.011; 55040;1104;9746;2.35;2.27;44;0.00201;0.684;0.00294;0.619;0.234;2.25;0.896;0.278;0.00135;0.0129; 49760;17;2;2.31;2.64;48;6.21e+03;1.48e+03;705; 31%;  7%;  3%;7.99e+03;1.46e+03;7.96e+03; 40%;  7%; 40%;6.22e+03;1.47e+03;742; 31%;  7%;  3%;1.03e+03;1.88e+03;967;  5%;  9%;  4%;100;0;0;0;0;0;0;0;0;100;0;0;0;0;0;0;0;0;100;0;0;0;0;0;0;0;0;0.475;17.1;0.986;81.4;0;0;0;0;0;75.8;88.1;80;53.3;14.2 ;34.4 ;15.7 ;13.8 ;
2017-09-04;06:42:04.340;0.0759;0.163;0.465;0.619;261;312;0.164;0.182;0.00994;0.0119;26.4;25.1;2.63e+04;1.61e+05;2.16e+03;0.327;8.17;0.152;3.8;3.81e+04;75.1;2.06;0.264;22.6;0;0;0;0;0;297;78.2;0.0868;0.14;0.619;0.619;72.1;87.2;0.172;0.185;0.00962;0.0116; 48480;729;9345;2.36;2.3;42;0.123;0.198;0.619;0.619;114;134;0.149;0.167;0.0107;0.0126; 46560;12315;3578;19.4;17.9;40;0.0931;0.15;0.619;0.619;75.1;89.7;0.163;0.202;0.00933;0.0111; 55360;1103;9892;2.34;2.26;44;0.00143;0.63;0.00228;0.619;0.157;1.82;0.914;0.148;0.00127;0.0147; 50960;4;27;2.3;2.64;48;6.18e+03;1.51e+03;719; 31%;  7%;  3%;8e+03;1.44e+03;7.95e+03; 40%;  7%; 40%;6.23e+03;1.49e+03;748; 31%;  7%;  3%;1.03e+03;1.85e+03;981;  5%;  9%;  4%;100;0.000921;0;0;0;0;0;0;0;100;0.00257;0;0;0;0;0;0;0;100;0.00266;0;0;0;0;0;0;0;0.368;8.24;1.06;90.3;0;0;0;0;0;76;88.3;80.3;52.6;14.3 ;34.6 ;15.5 ;13.8 ;
2017-09-04;06:42:05.368;0.0776;0.167;0.465;0.619;263;316;0.166;0.188;0.00982;0.0118;26.4;25.1;2.68e+04;1.61e+05;2.16e+03;0.334;8.35;0.155;3.88;3.82e+04;75.1;3.12;0.181;21.6;0;0;0;0;0;297;78;0.0905;0.146;0.619;0.619;73.1;87.8;0.167;0.197;0.00934;0.0112; 52960;750;9349;2.39;2.32;42;0.123;0.199;0.619;0.619;115;136;0.154;0.171;0.0108;0.0127; 49840;12290;3614;19.4;17.8;40;0.0958;0.155;0.619;0.619;75.4;90.9;0.171;0.204;0.00912;0.011; 50800;1115;9869;2.37;2.28;44;0.00109;0.536;0.00204;0.619;0.133;1.7;0.922;0.145;0.00141;0.018; 51120;7;28;2.31;2.65;48;6.21e+03;1.51e+03;719; 31%;  7%;  3%;8e+03;1.45e+03;7.97e+03; 40%;  7%; 40%;6.22e+03;1.5e+03;750; 31%;  7%;  3%;1.04e+03;1.86e+03;984;  5%;  9%;  4%;100;0.000848;0;0;0;0;0;0;0;100;0.000898;0;0;0;0;0;0;0;100;0;0;0;0;0;0;0;0;0.33;12.5;0.726;86.4;0;0;0;0;0;75.9;88.2;80.2;53;14.3 ;34.2 ;15.7 ;13.8 ;
2017-09-04;06:42:06.397;0.0775;0.167;0.465;0.619;261;312;0.161;0.187;0.00976;0.0116;26.4;25.1;2.68e+04;1.61e+05;2.16e+03;0.333;8.34;0.155;3.87;3.82e+04;75.1;2.96;0.0958;21.9;0;0;0;0;0;297;78.1;0.0887;0.143;0.619;0.619;72.7;86.6;0.161;0.198;0.00948;0.0113; 47680;729;9318;2.38;2.32;42;0.122;0.197;0.619;0.619;113;133;0.149;0.166;0.0107;0.0126; 49600;12296;3550;19.4;17.8;40;0.0981;0.158;0.619;0.619;75.4;90.3;0.165;0.207;0.00889;0.0106; 53360;1105;9876;2.36;2.27;44;0.00111;0.569;0.00195;0.619;0.126;1.7;0.926;0.149;0.00132;0.0178; 50880;5;11;2.32;2.65;48;6.21e+03;1.53e+03;720; 31%;  7%;  3%;8e+03;1.45e+03;7.96e+03; 40%;  7%; 40%;6.21e+03;1.5e+03;758; 31%;  7%;  3%;1.04e+03;1.86e+03;986;  5%;  9%;  4%;100;0.000506;0;0;0;0;0;0;0;100;0.00335;0;0;0;0;0;0;0;100;0.000458;0;0;0;0;0;0;0;0.315;11.8;0.383;87.5;0;0;0;0;0;75.9;88.2;80.3;53;14.3 ;34.3 ;15.7 ;13.8 ;
2017-09-04;06:42:07.427;0.0735;0.159;0.463;0.619;259;310;0.163;0.182;0.0102;0.0122;26.2;25;2.54e+04;1.6e+05;2.16e+03;0.318;7.94;0.147;3.68;3.8e+04;74.8;3.55;0.181;21.5;0;0;0;0;0;297;78;0.0853;0.138;0.619;0.619;72.4;85.9;0.157;0.195;0.00981;0.0116; 50240;736;9337;2.34;2.28;42;0.118;0.191;0.619;0.619;113;135;0.16;0.158;0.011;0.0131; 47920;12207;3556;19.3;17.9;40;0.0894;0.146;0.612;0.619;73.7;87.7;0.16;0.206;0.00953;0.0113; 49760;1061;9775;2.29;2.23;44;0.00107;0.514;0.00209;0.619;0.152;1.64;0.907;0.161;0.00164;0.0177; 50720;5;3;2.26;2.59;48;6.23e+03;1.49e+03;709; 31%;  7%;  3%;7.99e+03;1.43e+03;7.96e+03; 40%;  7%; 40%;6.21e+03;1.48e+03;727; 31%;  7%;  3%;994;1.84e+03;969;  5%;  9%;  4%;100;0.0014;0;0;0;0;0;0;0;100;0.00059;0;0;0;0;0;0;0;98.8;1.21;0;0;0;0;0;0;0;0.338;13;0.724;85.9;0;0;0;0;0;75.9;88.1;80.1;53.1;14.3 ;34.4 ;15.6 ;13.8 ;
2017-09-04;06:42:08.456;0.0767;0.166;0.461;0.619;261;312;0.161;0.189;0.00986;0.0118;26.3;25;2.65e+04;1.59e+05;2.16e+03;0.332;8.31;0.153;3.83;3.8e+04;74.5;3.78;0.0878;21.6;0;0;0;0;0;297;78;0.0874;0.141;0.619;0.619;72.2;86.2;0.163;0.196;0.00955;0.0114; 49680;731;9318;2.33;2.27;42;0.121;0.196;0.619;0.619;113;133;0.152;0.162;0.0108;0.0127; 46400;12242;3553;19.3;17.9;40;0.097;0.16;0.605;0.619;75.9;90.9;0.165;0.22;0.00905;0.0108; 52480;1096;9754;2.35;2.26;44;0.000827;0.485;0.00171;0.619;0.154;1.1;0.859;0.211;0.00216;0.0153; 51440;3;2;2.3;2.62;48;6.17e+03;1.48e+03;706; 31%;  7%;  3%;7.98e+03;1.44e+03;7.93e+03; 40%;  7%; 40%;6.26e+03;1.47e+03;742; 31%;  7%;  3%;1.03e+03;1.85e+03;970;  5%;  9%;  4%;100;0.000447;0;0;0;0;0;0;0;100;0.00277;0;0;0;0;0;0;0;97.7;2.3;0;0;0;0;0;0;0;0.276;12.8;0.351;86.5;0;0;0;0;0;75.8;88.2;80.3;53;14.2 ;34.4 ;15.7 ;13.7 ;
2017-09-04;06:42:09.486;0.0744;0.161;0.461;0.619;260;310;0.162;0.185;0.0101;0.0121;26.2;25;2.58e+04;1.6e+05;2.16e+03;0.323;8.07;0.149;3.72;3.8e+04;74.5;3.76;0.129;21.6;0;0;0;0;0;297;77.7;0.0825;0.133;0.619;0.619;72;85.4;0.157;0.193;0.0101;0.012; 49440;725;9292;2.34;2.29;43;0.12;0.194;0.619;0.619;113;135;0.161;0.161;0.0109;0.013; 46720;12223;3555;19.3;17.9;40;0.0944;0.156;0.604;0.619;74.4;88.6;0.161;0.214;0.00911;0.0109; 54000;976;9587;2.3;2.24;44;0.000894;0.456;0.00196;0.619;0.168;1.27;0.867;0.191;0.00217;0.0164; 51440;6;5;2.26;2.59;48;6.21e+03;1.48e+03;703; 31%;  7%;  3%;7.97e+03;1.42e+03;7.96e+03; 40%;  7%; 40%;6.24e+03;1.46e+03;736; 31%;  7%;  3%;1.01e+03;1.82e+03;960;  5%;  9%;  4%;100;0.00103;0;0;0;0;0;0;0;100;0.000544;0;0;0;0;0;0;0;97.6;2.42;0;0;0;0;0;0;0;0.317;12.6;0.517;86.6;0;0;0;0;0;75.8;88.1;80.1;53;14.2 ;34.4 ;15.5 ;13.6 ;
2017-09-04;06:42:10.516;0.0759;0.165;0.461;0.619;261;310;0.158;0.193;0.00995;0.0118;26.3;25.1;2.63e+04;1.6e+05;2.16e+03;0.329;8.23;0.152;3.79;3.81e+04;74.5;3.76;0.134;21.6;0;0;0;0;0;297;77.9;0.0837;0.135;0.619;0.619;72.2;85.5;0.156;0.196;0.00996;0.0118; 53280;729;9345;2.34;2.29;43;0.119;0.192;0.619;0.619;112;132;0.15;0.16;0.0109;0.0129; 48720;12221;3504;19.3;17.9;40;0.1;0.166;0.604;0.619;76.7;91.5;0.162;0.232;0.00885;0.0106; 52320;1005;9710;2.34;2.26;44;0.000885;0.462;0.00192;0.619;0.169;1.27;0.867;0.198;0.00221;0.0166; 51440;5;0;2.29;2.62;48;6.18e+03;1.51e+03;707; 31%;  7%;  3%;7.98e+03;1.43e+03;7.93e+03; 40%;  7%; 40%;6.26e+03;1.49e+03;746; 31%;  7%;  3%;1.03e+03;1.83e+03;972;  5%;  9%;  4%;100;0.000444;0;0;0;0;0;0;0;100;0.00294;0;0;0;0;0;0;0;97.6;2.36;0;0;0;0;0;0;0;0.309;12.7;0.535;86.5;0;0;0;0;0;75.8;88.2;80.4;53.1;14.2 ;34.4 ;15.5 ;13.7 ;
2017-09-04;06:42:11.542;0.0765;0.166;0.461;0.619;260;312;0.165;0.187;0.00985;0.0118;26.3;25;2.64e+04;1.59e+05;2.16e+03;0.332;8.3;0.153;3.83;3.81e+04;74.5;4.08;0.147;21.3;0;0;0;0;0;296;77.6;0.0868;0.14;0.619;0.619;71.8;86.7;0.172;0.186;0.00958;0.0116; 48960;742;9289;2.36;2.31;42;0.123;0.198;0.619;0.619;114;135;0.153;0.169;0.0108;0.0127; 48640;12224;3624;19.3;17.8;40;0.0956;0.158;0.604;0.619;74.2;88.9;0.165;0.213;0.009;0.0108; 49200;987;9480;2.32;2.25;44;0.000959;0.477;0.00201;0.619;0.17;1.35;0.875;0.199;0.00205;0.0164; 51120;5;1;2.3;2.63;48;6.19e+03;1.48e+03;707; 31%;  7%;  3%;7.99e+03;1.46e+03;7.93e+03; 40%;  7%; 40%;6.24e+03;1.47e+03;736; 31%;  7%;  3%;1.01e+03;1.88e+03;964;  5%;  9%;  4%;100;0.000169;0;0;0;0;0;0;0;100;0.000175;0;0;0;0;0;0;0;97.6;2.37;0;0;0;0;0;0;0;0.325;13.9;0.59;85.1;0;0;0;0;0;75.6;88;79.9;52.9;14.2 ;34.2 ;15.5 ;13.7 ;
2017-09-04;06:42:12.572;0.0769;0.167;0.461;0.619;261;314;0.168;0.186;0.00983;0.0118;26.3;25;2.66e+04;1.59e+05;2.15e+03;0.334;8.34;0.154;3.85;3.8e+04;74.5;4.69;0.145;20.7;0;0;0;0;0;298;77.4;0.0891;0.144;0.619;0.619;72.7;87.4;0.168;0.197;0.00946;0.0114; 51360;750;9330;2.35;2.28;43;0.122;0.197;0.619;0.619;113;134;0.156;0.161;0.0108;0.0128; 50080;12195;3597;19.4;17.9;40;0.0961;0.159;0.605;0.619;75.1;91.5;0.179;0.209;0.00904;0.011; 50960;1003;9405;2.32;2.25;43;0.000749;0.42;0.00178;0.619;0.167;0.869;0.808;0.277;0.00257;0.0134; 51120;9;18;2.29;2.61;48;6.18e+03;1.48e+03;708; 31%;  7%;  3%;7.97e+03;1.42e+03;7.96e+03; 40%;  7%; 40%;6.23e+03;1.47e+03;749; 31%;  7%;  3%;1.05e+03;1.82e+03;974;  5%;  9%;  4%;100;0.00114;0;0;0;0;0;0;0;100;0.00279;0;0;0;0;0;0;0;97.7;2.29;0;0;0;0;0;0;0;0.288;16.5;0.579;82.7;0;0;0;0;0;76;88.2;80.2;53.2;14.1 ;34.1 ;15.4 ;13.7 ;
2017-09-04;06:42:13.602;0.0769;0.167;0.461;0.619;261;312;0.164;0.186;0.0098;0.0117;26.4;25.1;2.66e+04;1.6e+05;2.16e+03;0.333;8.34;0.154;3.84;3.82e+04;74.5;4.99;0.116;20.4;0;0;0;0;0;298;78;0.0883;0.143;0.619;0.619;72.8;87.8;0.171;0.193;0.00954;0.0115; 52080;705;9356;2.33;2.27;43;0.12;0.194;0.619;0.619;113;133;0.152;0.161;0.0108;0.0128; 48240;12253;3614;19.4;17.9;40;0.0981;0.162;0.605;0.619;74.9;90;0.168;0.214;0.00882;0.0106; 52880;1033;9358;2.35;2.27;44;0.000856;0.492;0.00174;0.619;0.162;1.04;0.844;0.261;0.00218;0.014; 50880;4;28;2.32;2.65;48;6.2e+03;1.5e+03;720; 31%;  7%;  3%;8e+03;1.45e+03;7.96e+03; 40%;  7%; 40%;6.23e+03;1.49e+03;744; 31%;  7%;  3%;1.03e+03;1.86e+03;999;  5%;  9%;  5%;100;0.000644;0;0;0;0;0;0;0;100;0.00208;0;0;0;0;0;0;0;97.7;2.29;0;0;0;0;0;0;0;0.281;17.7;0.463;81.6;0;0;0;0;0;76;88.2;80.2;53.3;14.1 ;34.4 ;15.6 ;13.9 ;
2017-09-04;06:42:14.630;0.0797;0.174;0.459;0.619;264;317;0.167;0.194;0.00956;0.0115;26.4;25.2;2.76e+04;1.59e+05;2.16e+03;0.347;8.68;0.159;3.99;3.82e+04;74.2;4.4;0.124;21.3;0;0;0;0;0;297;78.1;0.0862;0.139;0.619;0.619;72.2;86.8;0.169;0.187;0.00968;0.0117; 49200;745;9285;2.4;2.34;43;0.133;0.217;0.612;0.619;117;138;0.155;0.184;0.0102;0.012; 48640;12345;3863;19.3;17.9;40;0.0988;0.164;0.604;0.619;74.8;90.6;0.175;0.216;0.00875;0.0106; 46000;1025;9211;2.35;2.28;44;0.00124;0.592;0.00209;0.619;0.166;1.37;0.879;0.221;0.00156;0.0128; 51600;4;4;2.32;2.65;48;6.22e+03;1.51e+03;708; 31%;  7%;  3%;7.98e+03;1.46e+03;7.96e+03; 40%;  7%; 40%;6.25e+03;1.49e+03;748; 31%;  7%;  3%;1.03e+03;1.89e+03;965;  5%;  9%;  4%;100;0.000149;0;0;0;0;0;0;0;98.8;1.17;0;0;0;0;0;0;0;97.6;2.45;0;0;0;0;0;0;0;0.337;14;0.497;85.2;0;0;0;0;0;75.7;88.4;80.3;53.1;14.3 ;34.4 ;15.6 ;13.8 ;
2017-09-04;06:42:15.658;0.083;0.182;0.455;0.619;266;318;0.164;0.208;0.00927;0.0111;26.4;25.3;2.87e+04;1.57e+05;2.16e+03;0.364;9.11;0.166;4.15;3.84e+04;73.5;5.11;0.0863;21.3;0;0;0;0;0;298;77.9;0.0904;0.146;0.619;0.619;72.4;87.7;0.174;0.192;0.00926;0.0112; 49200;755;9310;2.39;2.33;42;0.143;0.24;0.597;0.619;118;140;0.161;0.203;0.00949;0.0113; 48560;12427;4075;19.3;17.9;40;0.0975;0.161;0.604;0.619;75.7;89.6;0.155;0.229;0.00899;0.0106; 48480;1036;9220;2.38;2.32;44;0.000702;0.421;0.00167;0.619;0.166;0.762;0.782;0.296;0.00274;0.0126; 51520;7;0;2.38;2.71;48;6.21e+03;1.48e+03;721; 31%;  7%;  3%;8.04e+03;1.49e+03;7.96e+03; 40%;  7%; 40%;6.32e+03;1.48e+03;744; 31%;  7%;  3%;1.03e+03;1.94e+03;989;  5%;  9%;  5%;100;0;0;0;0;0;0;0;0;96.4;3.33;0;0.297;0;0;0;0;0;97.6;2.45;0;0;0;0;0;0;0;0.269;14.6;0.345;84.7;0;0;0;0;0;76;88.6;80.1;53.1;14.3 ;34.1 ;15.7 ;13.8 ;
2017-09-04;06:42:16.684;0.1;0.228;0.441;0.619;279;335;0.167;0.256;0.00804;0.00966;26.7;25.9;3.47e+04;1.52e+05;2.16e+03;0.456;11.4;0.201;5.02;3.95e+04;71.2;7.48;0.0656;21.2;0;0;0;0;0;299;79;0.0898;0.145;0.619;0.619;72.6;87.8;0.172;0.194;0.00937;0.0113; 49840;736;9334;2.55;2.55;43;0.214;0.398;0.539;0.619;131;158;0.167;0.303;0.0071;0.00852; 48400;12334;4810;19.1;18;40;0.0968;0.16;0.604;0.619;74.5;88.6;0.158;0.224;0.00893;0.0106; 53440;1024;9383;2.52;2.49;44;0.000755;0.459;0.00165;0.619;0.189;0.771;0.755;0.325;0.0029;0.0119; 51360;9;0;2.52;2.89;49;6.42e+03;1.53e+03;725; 32%;  7%;  3%;8.13e+03;1.64e+03;8.1e+03; 41%;  8%; 41%;6.46e+03;1.53e+03;759; 32%;  7%;  3%;1.03e+03;2.14e+03;994;  5%; 10%;  5%;100;0.00112;0;0;0;0;0;0;0;87.1;12.7;0;0.143;0;0;0;0;0;97.5;2.48;0;0;0;0;0;0;0;0.266;14.7;0.262;84.8;0;0;0;0;0;75.8;90.4;80.1;53;14.6 ;34.2 ;16 ;14.2 ;
2017-09-04;06:42:17.706;0.127;0.341;0.372;0.619;272;337;0.194;0.348;0.00622;0.00772;25.2;26.8;4.37e+04;1.28e+05;2.16e+03;0.682;17.1;0.254;6.35;4.56e+04;60.1;8.33;0.142;31.4;0;2.93;0;0;0;295;78.3;0.111;0.179;0.619;0.619;90.6;108;0.158;0.194;0.00952;0.0113; 49680;900;11608;2.63;2.55;42;0.278;1.05;0.264;0.619;86.4;116;0.257;0.515;0.00361;0.00486; 50240;6116;4056;17.4;18.7;41;0.118;0.196;0.604;0.619;94.6;113;0.159;0.211;0.0093;0.0111; 52080;1381;11920;2.59;2.49;44;0.000732;0.415;0.00176;0.619;0.169;0.744;0.773;0.334;0.00269;0.0118; 50720;6;3;2.59;3;48;7.29e+03;1.82e+03;861; 37%;  9%;  4%;9.81e+03;1.59e+03;9.67e+03; 49%;  8%; 49%;7.47e+03;1.79e+03;883; 37%;  9%;  4%;1.23e+03;1.96e+03;1.19e+03;  6%;  9%;  6%;100;0;0;0;0;0;0;0;0;42.7;17.8;0;39.5;0;11.7;0;0;0;97.5;2.46;0;0;0;0;0;0;0;0.285;13;0.569;86.1;0;0;0;0;0;76.9;83.7;81.4;52.7;14.7 ;33.7 ;15.9 ;14.1 ;
2017-09-04;06:42:18.725;0.0746;0.247;0.302;0.619;225;270;0.166;0.243;0.00879;0.0105;22.2;25.1;2.56e+04;1.04e+05;2.14e+03;0.493;12.3;0.149;3.73;4.7e+04;48.8;6.38;0.136;44.6;0;5.76;0;0;0;278;74.1;0.129;0.214;0.605;0.619;109;129;0.162;0.195;0.00978;0.0117; 52960;1112;13786;2.07;1.81;42;0.0286;2.84;0.0101;0.619;2.38;5.64;0.577;0.768;0.000973;0.0023; 51920;74;202;16.1;19.2;41;0.14;0.235;0.593;0.619;114;134;0.15;0.212;0.00951;0.0112; 54880;1685;14425;2.05;1.75;44;0.000727;0.42;0.00173;0.619;0.173;0.759;0.772;0.326;0.00277;0.0122; 50720;7;3;2;2.31;48;7.38e+03;2.06e+03;893; 37%; 10%;  4%;1.09e+04;966;1.06e+04; 55%;  4%; 54%;7.63e+03;2.03e+03;954; 38%; 10%;  4%;1.38e+03;966;1.29e+03;  7%;  4%;  6%;97.7;1.79;0;0.552;0;0;0;0;0;1.63;8.78;0;89.6;0;23;0;0;0;95.8;4.19;0;0;0;0;0;0;0;0.28;10.8;0.544;88.4;0;0;0;0;0;77.6;66;82.3;52.1;13.4 ;33.3 ;14.4 ;13 ;
2017-09-04;06:42:19.745;0.0937;0.332;0.283;0.619;237;286;0.171;0.288;0.00738;0.0089;22.3;25.7;3.21e+04;9.68e+04;2.14e+03;0.663;16.6;0.187;4.69;4.73e+04;45.7;10.3;0.19;43.8;0;5.24;0;0;0;281;75.1;0.157;0.272;0.575;0.619;113;135;0.165;0.241;0.00843;0.0101; 52000;1283;13726;2.19;1.94;43;0.0267;2.91;0.00917;0.619;2.19;4.54;0.517;0.779;0.000961;0.00199; 51760;73;190;15.8;19.4;42;0.191;0.351;0.545;0.619;122;145;0.162;0.28;0.00743;0.00887; 53600;1759;14869;2.19;1.88;44;0.000666;0.396;0.00168;0.616;0.168;0.709;0.763;0.314;0.00295;0.0124; 50480;6;4;2.13;2.48;48;7.37e+03;2.23e+03;966; 37%; 11%;  4%;1.07e+04;916;1.04e+04; 54%;  4%; 53%;7.69e+03;2.2e+03;1.03e+03; 39%; 11%;  5%;1.46e+03;918;1.4e+03;  7%;  4%;  7%;92.9;7.08;0;0;0;0;0;0;0;1.48;15.8;0;82.7;0;5.31;0;0;0;88;11.4;0;0.593;0;0;0;0;0;0.273;6.95;0.761;92;0;15.7;0;0;0;78.5;66.5;83.8;51.9;13.7 ;33.3 ;14.8 ;13.3 ;
2017-09-04;06:42:20.760;0.163;0.82;0.199;0.619;272;341;0.203;0.44;0.00489;0.00613;22.5;26.9;5.57e+04;6.79e+04;2.14e+03;1.64;41;0.326;8.14;4.71e+04;32.1;15.1;0.165;52.6;0;14.4;0;0;0;282;76.8;0.323;0.645;0.5;0.619;175;211;0.171;0.356;0.00633;0.00764; 54080;2141;18242;2.72;2.26;41;0.0313;2.85;0.011;0.619;2.56;5.77;0.556;0.852;0.000959;0.00216; 51920;78;231;14.4;18.9;42;0.297;1.05;0.282;0.619;94.5;124;0.239;0.487;0.00373;0.0049; 51520;1768;9351;2.71;2.6;44;0.000665;0.399;0.00167;0.609;0.176;0.713;0.753;0.311;0.00311;0.0126; 50560;7;2;2.68;3.19;49;9.62e+03;2.67e+03;1.49e+03; 49%; 13%;  7%;6.2e+03;810;1.31e+04; 31%;  4%; 67%;4.82e+03;2.91e+03;1.06e+03; 24%; 14%;  5%;1.46e+03;809;2.15e+03;  7%;  4%; 10%;80.8;17.2;0;1.98;0;0;0;0;0;1.77;17;0;81.2;0;0;0;0;0;45.5;20.1;0;34.4;0;15.5;0;0;0;0.273;6.08;0.659;93;0;42.2;0;0;0;84.8;66.2;79;51.8;14.3 ;32.1 ;16 ;14.4 ;
2017-09-04;06:42:21.798;0.109;0.328;0.333;0.619;227;244;0.0729;0.199;0.00601;0.00649;36.8;51.7;3.77e+04;1.15e+05;2.13e+03;0.655;16.4;0.218;5.45;7.01e+04;53.8;7.27;0.151;38.8;0;0.674;0;0;0;294;99.2;0.214;0.463;0.461;0.619;86.6;99.8;0.133;0.358;0.00472;0.00544; 52080;4720;14525;9.12;12.3;40;0.111;0.254;0.435;0.619;68.4;70;0.023;0.0488;0.00717;0.00734; 50320;4763;14391;9.42;12.8;41;0.112;0.257;0.435;0.619;71.3;72.6;0.0182;0.0149;0.00736;0.00749; 51120;4983;14985;9.16;12.1;42;0.0011;0.405;0.00271;0.619;0.266;1.89;0.86;0.162;0.00278;0.0198; 50640;3;3;9.08;14.4;48;7.78e+03;7.55e+03;3.56e+03; 39%; 38%; 18%;7.68e+03;3.69e+03;7.84e+03; 38%; 18%; 39%;7.68e+03;7.56e+03;3.81e+03; 38%; 38%; 19%;4.44e+03;4.29e+03;4.21e+03; 22%; 21%; 21%;74.4;9.33;0;16.3;0;0.0149;0;0;0;70.2;6.41;0;23.4;0;0;0;0;0;70.2;1.82;0;27.9;0;2.67;0;0;0;0.439;11.5;0.602;87.4;0;0;0;0;0;82.7;76.2;81.9;53.1;24.1 ;25.2 ;25.4 ;24.5 ;
2017-09-04;06:42:22.823;0.1;0.225;0.446;0.619;282;289;0.0245;0.0147;0.00811;0.00831;44.4;62.7;3.47e+04;1.55e+05;2.18e+03;0.45;11.2;0.2;5.01;8.46e+04;72;3.51;0.115;24.4;0;0;0;0;0;326;114;0.0987;0.163;0.606;0.619;71.5;73.3;0.0241;0.0138;0.00833;0.00854; 52880;4496;13572;11.2;15.8;40;0.147;0.241;0.608;0.619;102;104;0.0149;0.013;0.00802;0.00815; 47840;6658;20256;11.1;14.7;41;0.154;0.273;0.564;0.619;108;109;0.0142;0.0137;0.00809;0.0082; 50480;6954;20910;11.1;14.5;42;0.00134;0.413;0.00325;0.619;0.317;2.54;0.875;0.141;0.00273;0.0219; 50560;7;21;11.1;17.7;47;8.71e+03;8.85e+03;3.54e+03; 43%; 44%; 17%;1.04e+04;4.98e+03;8.39e+03; 52%; 25%; 42%;1.03e+04;8.55e+03;5.08e+03; 52%; 43%; 25%;5.93e+03;5.8e+03;4.1e+03; 29%; 29%; 20%;97.9;2.06;0;0;0;0;0;0;0;98.2;1.26;0;0.512;0;0;0;0;0;91.1;2.34;0;6.58;0;0;0;0;0;0.525;8.39;0.461;90.6;0;0;0;0;0;87.1;87.6;93.6;57.4;28.4 ;28.2 ;28.9 ;28.4 ;
2017-09-04;06:42:23.845;0.281;0.69;0.407;0.619;543;588;0.0764;0.191;0.00563;0.0061;48;44.3;9.65e+04;1.4e+05;2.15e+03;1.38;34.5;0.562;14;7.81e+04;65.7;3.19;0.168;30.9;0;5.82;0;0;0;332;106;0.372;0.622;0.597;0.619;190;204;0.0645;0.176;0.00596;0.00637; 48320;5559;20248;10.2;7.97;40;0.435;0.836;0.521;0.619;208;226;0.0798;0.196;0.00557;0.00606; 43040;8561;13252;17.5;17.1;39;0.316;0.621;0.508;0.619;145;157;0.0789;0.204;0.00533;0.00578; 52000;3189;11908;10.2;9.12;42;0.00105;0.517;0.00204;0.619;0.185;1.57;0.882;0.193;0.00205;0.0173; 49680;9;6;10.1;10.1;48;1.03e+04;7.05e+03;4.17e+03; 52%; 35%; 21%;8.7e+03;3.37e+03;1.06e+04; 44%; 17%; 54%;8.69e+03;7.32e+03;2.6e+03; 44%; 37%; 13%;4.04e+03;5.29e+03;5.88e+03; 20%; 26%; 29%;96.5;2.01;0;1.51;0;0;0;0;0;84.1;0.791;0;15.1;0;12.8;0;0;0;82.1;0.543;0;17.3;0;10.4;0;0;0;0.329;9.41;0.67;89.6;0;0;0;0;0;90.4;95.9;89;56.4;23.6 ;33 ;25.8 ;23.6 ;
2017-09-04;06:42:24.866;0.32;0.689;0.465;0.619;588;641;0.0839;0.201;0.00535;0.00584;49.5;41.7;1.1e+05;1.6e+05;2.15e+03;1.38;34.5;0.641;16;7.83e+04;75.1;2.43;0.139;22.3;0;0;0;0;0;341;105;0.385;0.622;0.619;0.619;172;187;0.0801;0.202;0.00519;0.00564; 50560;3547;15826;10.2;7.64;41;0.513;0.828;0.619;0.619;243;265;0.0839;0.2;0.00553;0.00603; 41440;10210;15263;19;17.5;39;0.382;0.617;0.619;0.619;173;188;0.0796;0.202;0.00528;0.00573; 52880;3599;13855;10.2;7.67;42;0.00142;0.638;0.00222;0.619;0.148;1.82;0.919;0.184;0.00121;0.015; 49280;4;8;10.1;8.91;48;1.02e+04;6.35e+03;3e+03; 52%; 32%; 15%;1.01e+04;3.74e+03;1.01e+04; 51%; 19%; 51%;1.01e+04;6.3e+03;2.99e+03; 51%; 32%; 15%;4.7e+03;6.04e+03;4.66e+03; 23%; 30%; 23%;100;0.000254;0;0;0;0;0;0;0;100;0.00184;0;0;0;0;0;0;0;100;0.000496;0;0;0;0;0;0;0;0.359;9.71;0.556;89.4;0;0;0;0;0;89.2;102;93.9;56;23.4 ;34 ;25.1 ;23.1 ;
2017-09-04;06:42:25.886;0.319;0.687;0.465;0.619;587;640;0.0838;0.201;0.00536;0.00585;49.4;41.7;1.09e+05;1.59e+05;2.14e+03;1.37;34.4;0.639;16;7.83e+04;75.1;3.68;0.171;21.1;0;0;0;0;0;341;105;0.378;0.611;0.619;0.619;171;186;0.0808;0.2;0.00527;0.00573; 43840;3497;15352;10.2;7.63;40;0.518;0.836;0.619;0.619;243;265;0.0832;0.201;0.00547;0.00597; 48800;10217;14856;19;17.5;39;0.38;0.614;0.619;0.619;173;188;0.08;0.202;0.0053;0.00576; 45840;3671;14136;10.2;7.65;42;0.00119;0.559;0.00212;0.619;0.148;1.74;0.915;0.195;0.00145;0.0171; 48480;8;0;10.1;8.9;48;1.02e+04;6.35e+03;2.99e+03; 51%; 32%; 15%;1.01e+04;3.73e+03;1.01e+04; 51%; 19%; 51%;1.01e+04;6.3e+03;3e+03; 51%; 32%; 15%;4.71e+03;6.02e+03;4.66e+03; 24%; 30%; 23%;100;0.000744;0;0;0;0;0;0;0;100;0.000798;0;0;0;0;0;0;0;100;0.000492;0;0;0;0;0;0;0;0.343;14.7;0.683;84.3;0;0;0;0;0;89;102;93.9;56.5;23.4 ;33.9 ;24.9 ;23.1 ;
2017-09-04;06:42:26.902;0.345;0.852;0.405;0.619;582;639;0.0897;0.238;0.00494;0.00542;48;41.1;1.18e+05;1.38e+05;2.14e+03;1.7;42.6;0.69;17.2;7.98e+04;65.4;6.39;0.16;28.1;0;0.213;0;0;0;340;104;0.458;0.746;0.614;0.619;206;224;0.0794;0.202;0.00526;0.00571; 45840;4348;18963;10.1;7.22;40;0.464;1.21;0.384;0.619;165;186;0.112;0.315;0.00417;0.0047; 50000;5893;10250;17.8;17.9;40;0.456;0.738;0.619;0.619;210;228;0.0783;0.201;0.0054;0.00586; 52720;4265;16664;10.1;7.23;42;0.00077;0.447;0.00172;0.619;0.159;0.917;0.827;0.278;0.00241;0.0139; 49360;6;3;10;8.77;48;9.51e+03;7.3e+03;3.27e+03; 48%; 37%; 16%;1.07e+04;3.04e+03;1.06e+04; 54%; 15%; 54%;9.58e+03;7.25e+03;3.33e+03; 49%; 37%; 17%;5.37e+03;4.66e+03;5.27e+03; 27%; 23%; 26%;99.2;0.835;0;0;0;0;0;0;0;62.1;13.1;0;24.8;0;0.85;0;0;0;99.9;0.0863;0;0;0;0;0;0;0;0.279;11.6;0.639;87.5;0;0;0;0;0;93.5;93.6;96.6;55.9;23.2 ;33.5 ;24.7 ;22.9 ;
2017-09-04;06:42:27.924;0.309;1.12;0.276;0.619;455;510;0.107;0.272;0.0043;0.00482;36.8;31.2;1.06e+05;9.46e+04;2.13e+03;2.24;56;0.618;15.5;6.08e+04;44.6;11.4;0.15;43.9;0;9.32;0;0;0;301;89.2;0.503;1.18;0.427;0.619;171;192;0.112;0.288;0.00397;0.00447; 56080;2976;11854;7.93;5.68;40;0.2;0.892;0.224;0.619;89.3;100;0.107;0.259;0.00523;0.00585; 54000;2982;5436;13.1;13;40;0.534;1.18;0.453;0.619;195;217;0.1;0.264;0.00427;0.00475; 46960;3777;12955;7.94;5.57;42;0.000748;0.438;0.00171;0.619;0.18;0.987;0.818;0.244;0.00281;0.0154; 49440;4;0;7.88;6.97;48;6.3e+03;6.38e+03;2.66e+03; 32%; 32%; 13%;8.22e+03;2.05e+03;7.53e+03; 41%; 10%; 38%;6.71e+03;6.1e+03;2.87e+03; 34%; 31%; 14%;4.79e+03;2.88e+03;4.33e+03; 24%; 14%; 22%;68.9;13.5;0.000439;17.6;0;0.196;0;0;0;36.2;7.3;0;56.5;0;37.1;0;0;0;73.1;12.5;0;14.3;0;0;0;0;0;0.276;12.1;0.597;87;0;0;0;0;0;85.3;71.6;92.6;51.5;20.1 ;27.6 ;21.6 ;19.9 ;
2017-09-04;06:42:28.942;0.329;0.708;0.465;0.619;594;659;0.0994;0.203;0.00526;0.00584;49.7;42.8;1.13e+05;1.59e+05;2.15e+03;1.42;35.4;0.658;16.5;7.87e+04;75.1;4.07;0.039;20.8;0;0;0;0;0;342;106;0.4;0.647;0.619;0.619;174;193;0.0974;0.205;0.00508;0.00563; 52800;3831;15751;10.2;7.96;40;0.511;0.826;0.619;0.619;241;267;0.0983;0.2;0.0055;0.0061; 58960;8971;15958;19.1;17.6;39;0.403;0.651;0.619;0.619;178;197;0.096;0.205;0.00515;0.0057; 48320;4142;13603;10.2;7.98;42;0.00113;0.641;0.00177;0.619;0.133;1.61;0.917;0.195;0.00138;0.0166; 49680;5;3;10.1;9.26;48;1.01e+04;6.55e+03;3.04e+03; 51%; 33%; 15%;1.01e+04;3.74e+03;1.02e+04; 51%; 19%; 52%;1e+04;6.5e+03;3.12e+03; 51%; 33%; 15%;4.82e+03;5.88e+03;4.69e+03; 24%; 30%; 23%;100;0.000505;0;0;0;0;0;0;0;100;0.00111;0;0;0;0;0;0;0;100;0;0;0;0;0;0;0;0;0.285;16.3;0.156;83.3;0;0;0;0;0;89.6;102;94.6;56.5;23.6 ;33.9 ;25.3 ;23.2 ;
2017-09-04;06:42:29.962;0.328;0.706;0.465;0.619;592;657;0.0997;0.202;0.00527;0.00585;49.7;42.9;1.12e+05;1.59e+05;2.14e+03;1.41;35.3;0.656;16.4;7.88e+04;75.1;4.4;0.244;20.3;0;0;0;0;0;343;106;0.398;0.644;0.619;0.619;174;192;0.0977;0.205;0.00509;0.00564; 47600;3665;15056;10.2;7.97;40;0.512;0.827;0.619;0.619;241;267;0.0986;0.2;0.0055;0.0061; 53840;8753;15772;19.1;17.7;39;0.4;0.647;0.619;0.619;177;196;0.0961;0.203;0.00517;0.00572; 51440;4227;14101;10.2;8;42;0.00153;0.661;0.00231;0.619;0.189;1.76;0.892;0.256;0.00145;0.0134; 50240;9;4;10.1;9.29;48;1.01e+04;6.55e+03;3.05e+03; 51%; 33%; 15%;1.01e+04;3.74e+03;1.02e+04; 51%; 19%; 52%;1e+04;6.5e+03;3.13e+03; 51%; 33%; 15%;4.82e+03;5.89e+03;4.7e+03; 24%; 30%; 24%;100;0.000614;0;0;0;0;0;0;0;100;0.00131;0;0;0;0;0;0;0;100;0.00166;0;0;0;0;0;0;0;0.373;17.6;0.975;81.1;0;0;0;0;0;89.6;102;94.8;56.8;23.6 ;34 ;25.1 ;23.2 ;
2017-09-04;06:42:30.978;0.353;0.791;0.446;0.619;600;669;0.103;0.22;0.00497;0.00554;49.7;42.9;1.21e+05;1.53e+05;2.14e+03;1.58;39.6;0.706;17.6;8.01e+04;72.1;6.87;0.174;20.9;0;0;0;0;0;344;106;0.418;0.677;0.617;0.619;183;203;0.0974;0.205;0.00511;0.00567; 50080;3718;15334;10.3;7.91;40;0.574;1.05;0.546;0.619;230;259;0.112;0.246;0.00469;0.00527; 54160;7227;13878;18.8;17.8;38;0.418;0.675;0.619;0.619;186;206;0.0951;0.202;0.00522;0.00577; 49920;4299;14134;10.3;7.92;42;0.00102;0.554;0.00184;0.619;0.188;1.09;0.827;0.294;0.00216;0.0125; 50560;12;1;10.3;9.33;48;1.01e+04;6.83e+03;3.16e+03; 51%; 34%; 16%;1.03e+04;3.62e+03;1.04e+04; 52%; 18%; 52%;1e+04;6.79e+03;3.25e+03; 51%; 34%; 16%;5.01e+03;5.74e+03;4.89e+03; 25%; 29%; 25%;99.7;0.284;0;0;0;0;0;0;0;88.1;10.3;0;1.57;0;0;0;0;0;100;0;0;0;0;0;0;0;0;0.297;16.9;0.698;82.1;0;0;0;0;0;90.3;103;95.2;56.5;23.7 ;33.9 ;25.3 ;23.2 ;
2017-09-04;06:42:32.012;0.308;1.3;0.237;0.619;409;463;0.116;0.293;0.00385;0.00436;32.5;29.4;1.06e+05;8.18e+04;2.13e+03;2.6;64.9;0.616;15.4;5.61e+04;38.3;13.8;0.00525;47.8;0;3.69;0;0;0;293;84.5;0.521;1.31;0.399;0.619;175;199;0.124;0.315;0.00391;0.00446; 47360;3388;12781;6.92;5.14;43;0.132;1.62;0.0814;0.619;23.2;27.8;0.167;0.438;0.00204;0.00245; 51920;1075;1519;11.7;12.9;42;0.535;1.18;0.454;0.619;211;235;0.102;0.249;0.00456;0.00508; 53040;4379;14493;6.96;4.9;44;0.0444;2.82;0.0158;0.619;0.0775;0.294;0.737;0.447;2.02e-05;7.66e-05; 51120;4;0;6.9;6.45;49;5.02e+03;6.5e+03;2.56e+03; 25%; 32%; 12%;8.31e+03;1.33e+03;6.98e+03; 42%;  6%; 35%;5.89e+03;6.16e+03;2.91e+03; 29%; 31%; 14%;4.84e+03;1.45e+03;4.18e+03; 24%;  7%; 21%;64.4;11;0.00105;24.6;0;0;0;0;0;13.2;18.4;0;68.4;0;5.72;0;0;0;73.3;7.88;0;18.9;0;9.03;0;0;0;2.54;18.1;0.0199;79.3;0;0;0;0;0;85.2;64.5;91.2;52.3;19.1 ;26.4 ;20.2 ;18.9 ;
2017-09-04;06:42:33.042;0.0894;0.191;0.467;0.619;263;317;0.171;0.182;0.00847;0.0102;26.5;25.1;3.1e+04;1.62e+05;2.17e+03;0.383;9.56;0.179;4.47;3.83e+04;75.5;4.23;0.0086;20.3;0;0;0;0;0;298;78.3;0.0906;0.148;0.614;0.619;73;87.6;0.166;0.199;0.00929;0.0111; 49280;861;9393;2.39;2.33;42;0.127;0.205;0.619;0.619;116;138;0.158;0.172;0.0105;0.0125; 55840;12130;4389;19.4;17.8;40;0.0931;0.151;0.619;0.619;73.6;90.2;0.183;0.182;0.00913;0.0112; 51120;1057;9576;2.36;2.28;44;0.0468;2.79;0.0168;0.619;0.0785;1.41;0.944;0.12;1.94e-05;0.000347; 51120;0;2;2.32;2.65;48;6.24e+03;1.52e+03;713; 31%;  7%;  3%;8.01e+03;1.47e+03;8.01e+03; 40%;  7%; 40%;6.19e+03;1.5e+03;741; 31%;  7%;  3%;1.02e+03;1.9e+03;980;  5%;  9%;  4%;99.2;0.813;0;0;0;0;0;0;0;100;0.0063;0;0;0;0;0;0;0;100;0.0376;0;0;0;0;0;0;0;2.71;16.1;0.0344;81.2;0;0;0;0;0;76;88.1;80.2;54.2;14.3 ;34.5 ;15.6 ;13.8 ;
2017-09-04;06:42:34.093;0.0892;0.19;0.468;0.619;262;317;0.171;0.178;0.00845;0.0102;27;25.5;3.1e+04;1.63e+05;2.16e+03;0.381;9.52;0.178;4.46;3.91e+04;75.6;4.3;0.00619;20.1;0;0;0;0;0;305;79.8;0.0865;0.14;0.619;0.619;73;87.1;0.162;0.191;0.0097;0.0116; 52000;845;9463;2.43;2.37;42;0.125;0.201;0.619;0.619;114;136;0.157;0.163;0.0105;0.0125; 56720;12182;4339;19.8;18.2;40;0.0974;0.157;0.619;0.619;75;92.2;0.187;0.188;0.00884;0.0109; 55040;1099;9602;2.42;2.32;44;0.0482;2.78;0.0173;0.619;0.0874;1.56;0.944;0.126;2.08e-05;0.000372; 51360;3;0;2.36;2.69;48;6.39e+03;1.56e+03;731; 32%;  7%;  3%;8.13e+03;1.49e+03;8.19e+03; 40%;  7%; 41%;6.29e+03;1.53e+03;764; 31%;  7%;  3%;1.06e+03;1.9e+03;1.01e+03;  5%;  9%;  5%;100;0.000182;0;0;0;0;0;0;0;100;0.00236;0;0;0;0;0;0;0;100;0.00153;0;0;0;0;0;0;0;2.79;17.2;0.0247;80;0;0;0;0;0;77.5;90.1;82;55.5;14.6 ;35.2 ;16 ;14 ;
2017-09-04;06:42:35.121;0.0888;0.189;0.469;0.619;267;321;0.168;0.185;0.00857;0.0103;26.4;25.1;3.11e+04;1.64e+05;2.21e+03;0.379;9.47;0.178;4.44;3.82e+04;75.7;4.1;0.0049;20.2;0;0;0;0;0;298;78;0.0813;0.131;0.619;0.619;72.8;86.3;0.156;0.185;0.0102;0.0121; 51680;858;9476;2.36;2.32;42;0.128;0.207;0.619;0.619;117;139;0.159;0.172;0.0104;0.0124; 55680;12283;4424;19.3;17.8;40;0.0997;0.161;0.619;0.619;76.7;93.7;0.182;0.204;0.00878;0.0107; 49360;1129;9714;2.36;2.28;44;0.0461;2.78;0.0166;0.619;0.0985;1.47;0.933;0.119;2.44e-05;0.000364; 52400;3;9;2.33;2.67;48;6.23e+03;1.5e+03;708; 31%;  7%;  3%;7.99e+03;1.46e+03;7.97e+03; 39%;  7%; 39%;6.21e+03;1.47e+03;749; 30%;  7%;  3%;1.05e+03;1.89e+03;964;  5%;  9%;  4%;100;0.00138;0;0;0;0;0;0;0;100;0.00157;0;0;0;0;0;0;0;100;0.000901;0;0;0;0;0;0;0;2.68;16.4;0.0197;80.9;0;0;0;0;0;75.7;88.2;80.4;54.2;14.3 ;34.3 ;15.6 ;13.7 ;
2017-09-04;06:42:36.153;0.0898;0.192;0.468;0.619;262;315;0.169;0.184;0.00843;0.0101;26.5;25.1;3.1e+04;1.62e+05;2.16e+03;0.384;9.59;0.18;4.49;3.84e+04;75.7;3.17;0.00411;21.2;0;0;0;0;0;299;78.4;0.0867;0.14;0.619;0.619;72.3;86.9;0.168;0.189;0.00966;0.0116; 55280;853;9364;2.39;2.33;42;0.127;0.205;0.619;0.619;114;135;0.153;0.17;0.0104;0.0123; 52480;12202;4332;19.5;17.9;40;0.0994;0.161;0.619;0.619;75.1;91.8;0.182;0.198;0.00874;0.0107; 50800;1082;9588;2.38;2.29;43;0.0466;2.76;0.0169;0.619;0.0936;1.48;0.937;0.117;2.32e-05;0.000368; 52960;3;7;2.31;2.63;48;6.25e+03;1.54e+03;720; 31%;  7%;  3%;8.03e+03;1.44e+03;8.01e+03; 40%;  7%; 40%;6.22e+03;1.51e+03;759; 31%;  7%;  3%;1.04e+03;1.85e+03;990;  5%;  9%;  5%;100;0.000502;0;0;0;0;0;0;0;100;0.00275;0;0;0;0;0;0;0;100;0.000458;0;0;0;0;0;0;0;2.72;12.7;0.0164;84.6;0;0;0;0;0;76.1;88.5;80.6;54;14.4 ;34.5 ;15.7 ;13.8 ;
2017-09-04;06:42:37.181;0.0893;0.191;0.468;0.619;264;316;0.166;0.187;0.00852;0.0102;26.4;25.1;3.1e+04;1.62e+05;2.17e+03;0.381;9.54;0.179;4.47;3.81e+04;75.7;2.61;0.00607;21.7;0;0;0;0;0;298;77.9;0.0855;0.138;0.619;0.619;72.2;86.7;0.168;0.188;0.00973;0.0117; 53440;832;9350;2.37;2.33;42;0.131;0.211;0.619;0.619;117;138;0.154;0.181;0.0103;0.0122; 53440;12188;4420;19.4;17.8;40;0.0945;0.153;0.619;0.619;74.4;89.7;0.171;0.196;0.00908;0.0109; 48720;1092;9543;2.35;2.28;43;0.0467;2.79;0.0167;0.619;0.0848;1.41;0.94;0.15;2.1e-05;0.000349; 53040;7;5;2.3;2.64;48;6.25e+03;1.49e+03;700; 31%;  7%;  3%;7.97e+03;1.46e+03;7.98e+03; 40%;  7%; 40%;6.18e+03;1.48e+03;731; 31%;  7%;  3%;1.02e+03;1.88e+03;961;  5%;  9%;  4%;100;0.000989;0;0;0;0;0;0;0;100;0.00184;0;0;0;0;0;0;0;99.9;0.0854;0;0;0;0;0;0;0;2.7;10.4;0.0243;86.9;0;0;0;0;0;75.7;88.3;80;53.6;14.3 ;34.3 ;15.6 ;13.7 ;
2017-09-04;06:42:38.207;0.0809;0.175;0.462;0.619;261;313;0.166;0.188;0.00934;0.0112;26.3;25;2.8e+04;1.6e+05;2.16e+03;0.35;8.75;0.162;4.05;3.81e+04;74.7;3.9;0.0338;21.4;0;0;0;0;0;297;77.9;0.0892;0.144;0.619;0.619;72.6;87.3;0.169;0.194;0.00942;0.0113; 49600;856;9343;2.36;2.3;42;0.124;0.201;0.619;0.619;114;136;0.158;0.167;0.0106;0.0126; 52960;12094;4338;19.3;17.8;40;0.0948;0.157;0.604;0.619;74;89;0.168;0.209;0.00905;0.0109; 51520;1063;9399;2.35;2.27;44;0.0153;2.32;0.00661;0.619;0.187;1.17;0.839;0.305;0.000142;0.000883; 52640;18;7;2.3;2.62;48;6.19e+03;1.49e+03;716; 31%;  7%;  3%;7.97e+03;1.45e+03;7.95e+03; 40%;  7%; 40%;6.24e+03;1.48e+03;732; 31%;  7%;  3%;1.01e+03;1.86e+03;989;  5%;  9%;  5%;100;0.000728;0;0;0;0;0;0;0;100;0.000506;0;0;0;0;0;0;0;97.6;2.36;0;0;0;0;0;0;0;1.07;13.3;0.135;85.5;0;0;0;0;0;75.7;88;79.9;53.1;14.3 ;34.3 ;15.6 ;13.7 ;
2017-09-04;06:42:39.235;0.0782;0.17;0.461;0.619;262;314;0.166;0.19;0.00971;0.0116;26.3;25;2.7e+04;1.59e+05;2.15e+03;0.339;8.48;0.156;3.91;3.81e+04;74.5;3.48;0.145;21.9;0;0;0;0;0;297;77.8;0.0855;0.138;0.619;0.619;72;86.5;0.168;0.188;0.00976;0.0117; 51280;832;9315;2.36;2.3;43;0.126;0.204;0.619;0.619;114;135;0.155;0.171;0.0105;0.0124; 53600;12035;4327;19.3;17.9;40;0.1;0.165;0.605;0.619;75.8;91.5;0.171;0.219;0.00879;0.0106; 47040;1079;9428;2.32;2.25;44;0.000939;0.475;0.00198;0.619;0.179;1.1;0.838;0.265;0.00221;0.0136; 51760;8;7;2.32;2.64;48;6.18e+03;1.5e+03;715; 31%;  7%;  3%;7.97e+03;1.43e+03;7.94e+03; 40%;  7%; 40%;6.24e+03;1.48e+03;756; 31%;  7%;  3%;1.05e+03;1.84e+03;981;  5%;  9%;  4%;100;0.000599;0;0;0;0;0;0;0;100;0.00232;0;0;0;0;0;0;0;97.7;2.33;0;0;0;0;0;0;0;0.319;11.6;0.58;87.5;0;0;0;0;0;75.7;88.1;80.1;52.6;14.2 ;34.3 ;15.5 ;13.8 ;
2017-09-04;06:42:40.265;0.0764;0.166;0.461;0.619;260;309;0.16;0.189;0.00983;0.0117;26.4;25.1;2.64e+04;1.59e+05;2.16e+03;0.331;8.29;0.153;3.82;3.82e+04;74.5;4.17;0.165;21.2;0;0;0;0;0;297;77.9;0.087;0.141;0.619;0.619;71.9;86.4;0.168;0.189;0.00956;0.0115; 51120;839;9300;2.37;2.31;42;0.125;0.202;0.619;0.619;114;134;0.152;0.172;0.0105;0.0124; 49440;12060;4353;19.4;17.9;40;0.0924;0.153;0.604;0.619;74.1;87.9;0.157;0.212;0.00927;0.011; 51520;1018;9474;2.33;2.25;44;0.00107;0.521;0.00205;0.619;0.198;1.21;0.836;0.293;0.00214;0.013; 50160;11;23;2.31;2.64;48;6.19e+03;1.49e+03;716; 31%;  7%;  3%;8.01e+03;1.46e+03;7.96e+03; 40%;  7%; 40%;6.28e+03;1.48e+03;741; 31%;  7%;  3%;1.02e+03;1.87e+03;988;  5%;  9%;  5%;100;0.000911;0;0;0;0;0;0;0;100;0.00224;0;0;0;0;0;0;0;97.6;2.38;0;0;0;0;0;0;0;0.332;14.3;0.658;84.7;0;0;0;0;0;75.9;88.3;80.1;53.1;14.3 ;34.3 ;15.6 ;13.7 ;
2017-09-04;06:42:41.294;0.0784;0.17;0.461;0.619;264;315;0.163;0.196;0.00973;0.0116;26.3;25.1;2.71e+04;1.6e+05;2.16e+03;0.34;8.5;0.157;3.92;3.82e+04;74.5;2.93;0.143;22.4;0;0;0;0;0;297;78;0.0864;0.14;0.619;0.619;72.2;86.5;0.166;0.19;0.00966;0.0116; 55760;825;9319;2.36;2.32;42;0.128;0.206;0.619;0.619;116;137;0.156;0.176;0.0105;0.0124; 54480;12069;4332;19.3;17.9;40;0.0986;0.163;0.605;0.619;75.8;90.2;0.16;0.228;0.00889;0.0106; 51600;1104;9704;2.34;2.27;44;0.00107;0.492;0.00218;0.619;0.189;1.23;0.846;0.279;0.00204;0.0133; 49920;7;5;2.32;2.65;49;6.2e+03;1.51e+03;713; 31%;  7%;  3%;7.98e+03;1.44e+03;7.95e+03; 40%;  7%; 40%;6.25e+03;1.49e+03;751; 31%;  7%;  3%;1.04e+03;1.85e+03;985;  5%;  9%;  4%;100;0.00056;0;0;0;0;0;0;0;100;0.00173;0;0;0;0;0;0;0;97.7;2.31;0;0;0;0;0;0;0;0.352;9.42;0.573;89.7;0;0;0;0;0;75.7;88.3;80.3;52.6;14.2 ;34.5 ;15.5 ;13.8 ;
2017-09-04;06:42:42.322;0.0774;0.168;0.461;0.619;261;312;0.164;0.189;0.00975;0.0117;26.3;25.1;2.68e+04;1.6e+05;2.16e+03;0.335;8.39;0.155;3.87;3.82e+04;74.5;2.68;0.156;22.7;0;0;0;0;0;297;78;0.0869;0.14;0.619;0.619;72;86.6;0.169;0.186;0.00958;0.0115; 53680;817;9284;2.32;2.28;42;0.126;0.203;0.619;0.619;115;135;0.153;0.172;0.0105;0.0124; 57040;12130;4326;19.3;17.9;40;0.0957;0.158;0.605;0.619;74.1;88.4;0.162;0.216;0.00895;0.0107; 51120;1047;9621;2.37;2.3;44;0.00113;0.46;0.00245;0.619;0.212;1.48;0.857;0.24;0.00218;0.0152; 50640;8;26;2.31;2.63;48;6.18e+03;1.5e+03;701; 31%;  7%;  3%;8.01e+03;1.45e+03;7.94e+03; 40%;  7%; 40%;6.27e+03;1.5e+03;741; 31%;  7%;  3%;1.03e+03;1.88e+03;967;  5%;  9%;  4%;100;0;0;0;0;0;0;0;0;100;0.000682;0;0;0;0;0;0;0;97.7;2.31;0;0;0;0;0;0;0;0.395;8.4;0.625;90.6;0;0;0;0;0;75.7;88.3;80.2;52.4;14.2 ;34.4 ;15.6 ;13.8 ;
2017-09-04;06:42:43.349;0.0781;0.169;0.461;0.619;263;314;0.163;0.195;0.00974;0.0116;26.3;25;2.69e+04;1.59e+05;2.16e+03;0.339;8.47;0.156;3.91;3.8e+04;74.5;2.55;0.155;22.8;0;0;0;0;0;296;77.7;0.0845;0.136;0.619;0.619;71.7;85.4;0.16;0.189;0.00985;0.0117; 50080;847;9260;2.38;2.32;42;0.129;0.208;0.619;0.619;115;137;0.159;0.176;0.0104;0.0123; 47360;12047;4376;19.3;17.8;40;0.0979;0.162;0.604;0.619;75.4;90.2;0.164;0.224;0.00893;0.0107; 51200;996;9641;2.31;2.23;44;0.00115;0.536;0.00215;0.619;0.2;1.27;0.842;0.301;0.00201;0.0128; 51440;11;4;2.31;2.64;49;6.21e+03;1.48e+03;713; 31%;  7%;  3%;7.95e+03;1.44e+03;7.95e+03; 40%;  7%; 40%;6.22e+03;1.45e+03;744; 31%;  7%;  3%;1.04e+03;1.85e+03;978;  5%;  9%;  4%;100;0.000942;0;0;0;0;0;0;0;100;0.00222;0;0;0;0;0;0;0;97.6;2.41;0;0;0;0;0;0;0;0.348;7.8;0.619;91.2;0;0;0;0;0;75.6;88.1;80;52.1;14.3 ;34.3 ;15.5 ;13.7 ;
2017-09-04;06:42:44.349;0.0801;0.175;0.458;0.619;255;304;0.161;0.201;0.00947;0.0113;25.6;24.4;2.69e+04;1.54e+05;2.1e+03;0.35;8.75;0.16;4.01;3.72e+04;73.9;2.9;0.179;23;0;0;0;0;0;288;75.9;0.0842;0.136;0.619;0.619;69.7;83;0.16;0.189;0.00986;0.0117; 47360;808;9026;2.29;2.25;42;0.136;0.224;0.606;0.619;112;133;0.152;0.192;0.00988;0.0117; 50880;11787;4313;18.8;17.4;40;0.0994;0.165;0.604;0.619;72.6;86.9;0.165;0.223;0.00869;0.0104; 49200;921;9310;2.3;2.23;44;0.00132;0.592;0.00223;0.619;0.201;1.21;0.834;0.305;0.00181;0.0109; 50880;8;7;2.26;2.58;49;6.05e+03;1.45e+03;691; 31%;  7%;  3%;7.77e+03;1.41e+03;7.74e+03; 40%;  7%; 40%;6.09e+03;1.44e+03;729; 31%;  7%;  3%;1.01e+03;1.82e+03;949;  5%;  9%;  4%;100;0.00122;0;0;0;0;0;0;0;97.8;2.18;0;0;0;0;0;0;0;97.6;2.41;0;0;0;0;0;0;0;0.36;7.02;0.715;91.9;0;0;0;0;0;73.6;86;77.9;50.7;13.9 ;33.4 ;15.2 ;13.4 ;
2017-09-04;06:42:45.377;0.0832;0.183;0.454;0.619;266;318;0.161;0.212;0.00927;0.0111;26.4;25.3;2.87e+04;1.57e+05;2.16e+03;0.367;9.17;0.166;4.16;3.84e+04;73.3;4.56;0.0453;22.1;0;0;0;0;0;297;78.2;0.0895;0.145;0.619;0.619;73;87.1;0.161;0.202;0.00945;0.0113; 47840;863;9313;2.41;2.36;42;0.147;0.25;0.59;0.619;119;142;0.161;0.212;0.00934;0.0111; 50240;11958;4711;19.2;17.9;40;0.095;0.157;0.604;0.619;74.3;88.2;0.158;0.22;0.00906;0.0108; 53840;970;9392;2.36;2.3;44;0.000852;0.482;0.00177;0.619;0.194;0.698;0.722;0.387;0.00264;0.00949; 49680;13;0;2.38;2.71;49;6.27e+03;1.49e+03;726; 31%;  7%;  3%;8.01e+03;1.5e+03;7.99e+03; 40%;  7%; 40%;6.29e+03;1.48e+03;737; 31%;  7%;  3%;1.01e+03;1.96e+03;991;  5%;  9%;  5%;100;0.00129;0;0;0;0;0;0;0;95.4;4.65;0;0;0;0;0;0;0;97.6;2.45;0;0;0;0;0;0;0;0.285;11.1;0.181;88.4;0;0;0;0;0;75.8;88.8;80.1;52.7;14.3 ;34.3 ;15.7 ;13.9 ;
2017-09-04;06:42:46.402;0.104;0.236;0.44;0.619;280;338;0.171;0.263;0.00783;0.00945;26.7;25.9;3.57e+04;1.52e+05;2.16e+03;0.471;11.8;0.207;5.18;3.95e+04;71.1;7.16;0.152;21.6;0;0;0;0;0;299;78.9;0.0949;0.153;0.619;0.619;73.4;88.9;0.174;0.203;0.00896;0.0108; 51680;876;9375;2.55;2.53;43;0.218;0.408;0.536;0.619;131;158;0.172;0.308;0.00693;0.00837; 55760;11897;4926;19;18;40;0.1;0.166;0.604;0.619;75.7;90.3;0.161;0.232;0.00876;0.0104; 53360;985;9434;2.56;2.51;44;0.000856;0.439;0.00195;0.619;0.199;0.861;0.769;0.35;0.00269;0.0117; 47920;8;1;2.53;2.9;48;6.39e+03;1.53e+03;735; 32%;  7%;  3%;8.14e+03;1.63e+03;8.09e+03; 41%;  8%; 41%;6.47e+03;1.53e+03;758; 32%;  7%;  3%;1.04e+03;2.13e+03;1.01e+03;  5%; 10%;  5%;100;0;0;0;0;0;0;0;0;86.5;12.5;0;0.939;0;0;0;0;0;97.5;2.51;0;0;0;0;0;0;0;0.315;13.6;0.608;85.5;0;0;0;0;0;75.8;90.2;80.1;52.7;14.6 ;34.2 ;16.1 ;14.1 ;
2017-09-04;06:42:47.422;0.126;0.364;0.345;0.619;261;324;0.194;0.359;0.00605;0.00751;24.4;26.7;4.31e+04;1.18e+05;2.15e+03;0.728;18.2;0.251;6.28;4.78e+04;55.7;8.31;0.161;35.8;0;5.58;0;0;0;291;77.6;0.113;0.182;0.619;0.619;97.6;115;0.154;0.186;0.0101;0.0119; 52320;1094;12629;2.57;2.43;43;0.264;1.71;0.154;0.619;61.3;87.9;0.302;0.584;0.00271;0.00388; 51600;3290;3278;16.8;19;41;0.125;0.207;0.604;0.619;102;120;0.151;0.207;0.00951;0.0112; 50560;1304;12829;2.54;2.38;44;0.000816;0.449;0.00182;0.619;0.186;0.719;0.741;0.395;0.00266;0.0103; 47920;11;2;2.51;2.91;49;7.66e+03;1.94e+03;883; 39%;  9%;  4%;1.05e+04;1.51e+03;1.03e+04; 53%;  7%; 52%;7.81e+03;1.91e+03;929; 39%;  9%;  4%;1.3e+03;1.81e+03;1.23e+03;  6%;  9%;  6%;100;0;0;0;0;0;0;0;0;25;19.1;0;55.9;0;22.3;0;0;0;97.5;2.48;0;0;0;0;0;0;0;0.294;11.6;0.644;87.4;0;0;0;0;0;77.3;79.8;81.7;52.6;14.3 ;33.5 ;15.7 ;14.1 ;
2017-09-04;06:42:48.442;0.0757;0.252;0.3;0.619;226;272;0.17;0.262;0.0087;0.0105;22.2;25.2;2.6e+04;1.03e+05;2.14e+03;0.505;12.6;0.151;3.79;4.69e+04;48.5;8.04;0.151;43.3;0;0;0;0;0;279;74.4;0.121;0.198;0.613;0.619;107;127;0.157;0.181;0.0103;0.0122; 50160;1195;13796;2.08;1.82;43;0.0228;2.67;0.00853;0.619;1.91;5.94;0.678;0.79;0.000981;0.00305; 51840;62;157;16;19.3;41;0.158;0.274;0.576;0.619;117;139;0.157;0.247;0.00863;0.0102; 49520;1504;14498;2.07;1.75;44;0.000924;0.472;0.00196;0.619;0.2;0.748;0.733;0.426;0.00252;0.00945; 48160;14;1;2.01;2.32;49;7.36e+03;2.09e+03;900; 37%; 10%;  4%;1.08e+04;942;1.06e+04; 54%;  4%; 54%;7.65e+03;2.05e+03;966; 39%; 10%;  4%;1.39e+03;946;1.29e+03;  7%;  4%;  6%;99.1;0.916;0;0;0;0;0;0;0;1.38;12.8;0;85.8;0;0;0;0;0;93.1;6.71;0;0.213;0;0;0;0;0;0.317;11.7;0.605;87.3;0;0;0;0;0;77.6;66;82.8;52.3;13.3 ;33.4 ;14.5 ;13.1 ;
2017-09-04;06:42:49.462;0.0857;0.293;0.293;0.619;230;276;0.164;0.28;0.00785;0.00939;22.3;25.5;2.94e+04;1e+05;2.14e+03;0.586;14.6;0.171;4.28;4.72e+04;47.3;9.37;0.142;43.2;0;9.74;0;0;0;280;74.7;0.143;0.243;0.588;0.619;110;131;0.156;0.223;0.009;0.0107; 50000;1308;13960;2.15;1.9;42;0.0346;2.92;0.0119;0.619;2.87;6.4;0.551;0.775;0.000968;0.00216; 51920;87;246;15.9;19.4;41;0.164;0.289;0.569;0.619;117;138;0.15;0.256;0.00832;0.00979; 52720;1425;14868;2.1;1.83;44;0.000755;0.427;0.00177;0.611;0.184;0.688;0.732;0.382;0.00285;0.0106; 49280;9;0;2.07;2.41;49;7.4e+03;2.14e+03;942; 37%; 10%;  4%;1.08e+04;950;1.05e+04; 55%;  4%; 53%;7.67e+03;2.1e+03;988; 39%; 10%;  5%;1.4e+03;950;1.35e+03;  7%;  4%;  6%;95;5;0;0;0;0;0;0;0;1.92;19.5;0;78.6;0;0;0;0;0;91.9;8.14;0;0;0;0;0;0;0;0.29;4.87;0.567;94.3;0;38.9;0;0;0;78.2;67.3;83.2;51.5;13.5 ;33.4 ;14.6 ;13.3 ;
2017-09-04;06:42:50.479;0.119;0.457;0.261;0.619;255;309;0.177;0.345;0.00623;0.00757;22.7;26.5;4.09e+04;8.95e+04;2.14e+03;0.914;22.9;0.239;5.97;4.78e+04;42.2;15.7;0.0543;42;0;0;0;0;0;284;76;0.209;0.394;0.531;0.619;122;147;0.17;0.314;0.00679;0.00818; 51280;1555;14344;2.42;2.14;42;0.0211;2.86;0.00738;0.619;1.74;3.56;0.511;0.714;0.000962;0.00197; 51840;60;150;15.4;19.5;42;0.246;0.488;0.505;0.619;131;159;0.173;0.354;0.00622;0.00752; 52560;1629;15131;2.44;2.09;44;0.000851;0.505;0.00168;0.619;0.2;0.685;0.709;0.408;0.00275;0.00942; 48480;9;4;2.38;2.78;48;7.35e+03;2.48e+03;1.08e+03; 37%; 12%;  5%;1.05e+04;866;1.02e+04; 53%;  4%; 52%;7.66e+03;2.44e+03;1.16e+03; 39%; 12%;  5%;1.66e+03;867;1.55e+03;  8%;  4%;  7%;85.8;13.4;0;0.828;0;0;0;0;0;1.19;22.8;0;76;0;0;0;0;0;81.6;16.8;0;1.66;0;0;0;0;0;0.272;9.93;0.218;89.6;0;0;0;0;0;80;66.6;85.1;52;13.9 ;33 ;15.2 ;13.8 ;
2017-09-04;06:42:51.516;0.138;0.621;0.222;0.619;225;270;0.168;0.407;0.00471;0.00566;27.4;37.2;4.77e+04;7.68e+04;2.14e+03;1.24;31;0.276;6.9;5.36e+04;35.9;11.1;0.125;52.8;0;9.95;0;0;0;271;83.8;0.312;0.796;0.393;0.619;128;159;0.191;0.433;0.00478;0.00591; 46240;3606;15669;5.97;7.43;40;0.0753;0.33;0.228;0.619;37.5;40.2;0.0669;0.329;0.00578;0.00619; 50960;2545;7685;9.47;13;41;0.164;0.613;0.268;0.619;58.6;69.1;0.152;0.389;0.00412;0.00486; 52880;3029;9661;6.03;7.73;42;0.00119;0.501;0.00237;0.619;0.221;2.07;0.894;0.178;0.00215;0.0202; 49040;9;17;5.97;9.03;48;8.08e+03;5.07e+03;2.65e+03; 40%; 25%; 13%;5.07e+03;2.26e+03;9.24e+03; 25%; 11%; 46%;4.95e+03;5.3e+03;2.33e+03; 25%; 26%; 11%;2.76e+03;2.58e+03;3.33e+03; 14%; 13%; 16%;63.4;15.5;0;21.1;0;5.89;0;0;0;36.8;9.75;0;53.5;0;3.92;0;0;0;43.3;7.65;0;49;0;30;0;0;0;0.382;11.6;0.5;87.5;0;0;0;0;0;80.7;67.6;72.8;50.2;19 ;25.2 ;20.4 ;19.2 ;
2017-09-04;06:42:52.551;0.101;0.217;0.465;0.619;276;282;0.0213;0.0151;0.00786;0.00803;45.3;64.1;3.52e+04;1.62e+05;2.18e+03;0.435;10.9;0.202;5.05;8.64e+04;75.1;2.33;0.135;22.4;0;0;0;0;0;334;116;0.115;0.186;0.619;0.619;79.5;80.9;0.0178;0.0133;0.00794;0.00808; 54000;5300;15855;11.4;15.9;40;0.134;0.217;0.619;0.619;92.1;93.6;0.016;0.013;0.00789;0.00802; 49520;6124;18575;11.3;15.3;41;0.154;0.248;0.619;0.619;105;106;0.0149;0.013;0.00783;0.00795; 49200;7112;21176;11.3;14.9;42;0.00137;0.541;0.00253;0.619;0.185;1.68;0.889;0.267;0.00156;0.0141; 50080;12;11;11.3;18.1;48;8.81e+03;9.54e+03;4.06e+03; 44%; 47%; 20%;1.01e+04;4.59e+03;8.7e+03; 50%; 23%; 43%;9.96e+03;9.3e+03;5.21e+03; 50%; 46%; 26%;6.08e+03;5.34e+03;4.71e+03; 30%; 26%; 23%;100;0.0444;0;0;0;0;0;0;0;99.9;0.0583;0;0;0;0;0;0;0;99.9;0.0595;0;0;0;0;0;0;0;0.409;9.18;0.539;89.9;0;0;0;0;0;89.7;88.7;97.2;57.9;28.7 ;28.8 ;29.4 ;28.7 ;
2017-09-04;06:42:53.573;0.215;0.53;0.406;0.619;458;488;0.0618;0.151;0.00616;0.00656;48.1;53.2;7.43e+04;1.4e+05;2.17e+03;1.06;26.5;0.431;10.8;8.33e+04;65.6;4.69;0.0707;29.6;0;1.61;0;0;0;331;111;0.288;0.478;0.602;0.619;160;168;0.0505;0.13;0.00642;0.00676; 58400;6339;21039;10.9;11.1;40;0.329;0.602;0.546;0.619;173;185;0.0648;0.157;0.00611;0.00653; 57040;7291;16550;15.4;16.5;40;0.243;0.514;0.474;0.619;124;133;0.0635;0.168;0.00593;0.00633; 47760;4300;13964;10.9;12.1;42;0.00122;0.527;0.00232;0.619;0.223;1.44;0.845;0.279;0.00211;0.0137; 51520;9;2;10.8;13.5;48;1.05e+04;7.93e+03;4.52e+03; 53%; 40%; 22%;9.09e+03;4.12e+03;1.06e+04; 46%; 20%; 53%;9.2e+03;8.2e+03;3.21e+03; 46%; 41%; 16%;4.35e+03;5.67e+03;5.92e+03; 22%; 28%; 30%;97.2;1.54;0;1.24;0;0;0;0;0;88.3;1.95;0;9.8;0;6.42;0;0;0;76.6;4.98;0;18.5;0;0;0;0;0;0.375;10.3;0.283;89.1;0;0;0;0;0;91.1;93.7;89.6;57;25.9 ;31.4 ;27.8 ;25.8 ;
2017-09-04;06:42:54.593;0.332;0.715;0.465;0.619;598;653;0.0836;0.205;0.00525;0.00573;50.2;42.2;1.14e+05;1.6e+05;2.15e+03;1.43;35.7;0.665;16.6;7.97e+04;75.1;2.97;0.159;21.8;0;0;0;0;0;343;106;0.4;0.646;0.619;0.619;177;193;0.0794;0.204;0.00516;0.00561; 58640;3658;15212;10.5;7.75;41;0.535;0.864;0.619;0.619;247;269;0.0838;0.205;0.00537;0.00586; 52320;8896;15673;18.9;17.4;39;0.392;0.634;0.619;0.619;174;190;0.0796;0.204;0.00518;0.00563; 50560;3795;13066;10.5;7.88;42;0.00154;0.654;0.00235;0.619;0.181;1.88;0.903;0.217;0.00137;0.0142; 51920;12;3;10.4;9.09;48;1.03e+04;6.47e+03;3.11e+03; 52%; 33%; 15%;1.02e+04;3.77e+03;1.02e+04; 52%; 19%; 51%;1.03e+04;6.49e+03;3.07e+03; 52%; 33%; 15%;4.79e+03;6.11e+03;4.88e+03; 24%; 31%; 24%;100;0.000466;0;0;0;0;0;0;0;100;0.00128;0;0;0;0;0;0;0;100;0.00062;0;0;0;0;0;0;0;0.38;11.9;0.636;87.1;0;0;0;0;0;89.7;103;94.4;56.3;23.6 ;34 ;25.2 ;23.3 ;
2017-09-04;06:42:55.613;0.326;0.702;0.465;0.619;595;650;0.0844;0.202;0.00532;0.00581;50.2;42.2;1.12e+05;1.59e+05;2.14e+03;1.4;35.1;0.653;16.3;7.96e+04;75.1;3;0.153;21.8;0;0;0;0;0;342;106;0.392;0.633;0.619;0.619;176;192;0.0805;0.201;0.00525;0.00571; 53920;3782;15401;10.4;7.75;41;0.529;0.855;0.619;0.619;246;268;0.0841;0.204;0.00542;0.00592; 48160;8737;15183;18.9;17.4;39;0.383;0.619;0.619;0.619;173;189;0.0813;0.201;0.00528;0.00574; 49280;4036;13890;10.4;7.88;42;0.00131;0.582;0.00225;0.619;0.173;1.73;0.9;0.237;0.00154;0.0154; 52400;8;0;10.3;9.1;48;1.03e+04;6.48e+03;3.11e+03; 52%; 33%; 15%;1.02e+04;3.77e+03;1.02e+04; 52%; 19%; 51%;1.03e+04;6.49e+03;3.06e+03; 52%; 33%; 15%;4.79e+03;6.1e+03;4.87e+03; 24%; 31%; 24%;100;1.88e-05;0;0;0;0;0;0;0;100;0.00119;0;0;0;0;0;0;0;100;0.000614;0;0;0;0;0;0;0;0.364;12;0.613;87;0;0;0;0;0;89.5;102;94.1;56.2;23.7 ;33.8 ;25.3 ;23.3 ;
2017-09-04;06:42:56.629;0.349;0.787;0.444;0.619;602;659;0.0874;0.222;0.00504;0.00553;50.1;42.2;1.19e+05;1.52e+05;2.14e+03;1.57;39.4;0.698;17.5;8.11e+04;71.7;5.07;0.175;23.1;0;0;0;0;0;343;106;0.419;0.677;0.619;0.619;189;205;0.0795;0.201;0.00526;0.00572; 56800;4067;16713;10.5;7.66;40;0.557;1.04;0.534;0.619;226;250;0.0968;0.252;0.00475;0.00525; 44960;7132;13784;18.5;17.5;39;0.419;0.677;0.619;0.619;187;203;0.0797;0.204;0.00522;0.00568; 48800;4165;14530;10.6;7.81;42;0.00101;0.514;0.00197;0.619;0.183;1.11;0.836;0.313;0.00211;0.0129; 51760;9;2;10.5;9.15;48;1.02e+04;6.86e+03;3.26e+03; 52%; 35%; 16%;1.05e+04;3.58e+03;1.04e+04; 53%; 18%; 53%;1.03e+04;6.87e+03;3.21e+03; 52%; 35%; 16%;5.05e+03;5.8e+03;5.13e+03; 25%; 29%; 26%;100;0;0;0;0;0;0;0;0;86.2;8.6;0;5.16;0;0;0;0;0;100;0.000306;0;0;0;0;0;0;0;0.318;11.7;0.699;87.3;0;0;0;0;0;90.2;101;95.3;56.2;23.5 ;33.8 ;25.3 ;23.4 ;
2017-09-04;06:42:57.651;0.287;1.16;0.246;0.619;439;487;0.0989;0.27;0.00447;0.00496;35.4;30.8;9.83e+04;8.44e+04;2.14e+03;2.33;58.2;0.574;14.3;6.12e+04;39.8;10.2;0.133;49.9;0;9.61;0;0;0;291;88.3;0.525;1.11;0.474;0.619;212;233;0.0918;0.248;0.00471;0.00519; 47840;4473;17019;7.67;5.11;41;0.073;1.28;0.057;0.619;21.1;25.4;0.172;0.408;0.00337;0.00407; 46800;385;733;12.4;13.7;41;0.549;1.21;0.453;0.619;206;228;0.0959;0.273;0.00438;0.00484; 49040;4310;14147;7.71;5.28;43;0.000834;0.461;0.00181;0.619;0.196;0.767;0.744;0.387;0.00274;0.0107; 51520;8;6;7.66;6.77;49;5.99e+03;6.89e+03;3.03e+03; 30%; 35%; 15%;8.16e+03;1.43e+03;8.34e+03; 41%;  7%; 42%;5.87e+03;6.93e+03;2.92e+03; 29%; 35%; 14%;4.94e+03;1.64e+03;5.1e+03; 25%;  8%; 26%;76.6;7.27;0;16.2;0;4.66;0;0;0;9.22;10.2;0;80.6;0;33.8;0;0;0;73.2;11.7;0;15;0;0;0;0;0;0.292;11.5;0.533;87.6;0;0;0;0;0;86.5;61.9;91.9;51;19.8 ;27.4 ;21.4 ;19.7 ;
2017-09-04;06:42:58.670;0.341;0.734;0.465;0.619;610;677;0.0993;0.204;0.00521;0.00579;51;44;1.17e+05;1.59e+05;2.14e+03;1.47;36.7;0.683;17.1;8.17e+04;75.1;3;0.116;21.8;0;0;0;0;0;347;107;0.412;0.666;0.619;0.619;181;201;0.0961;0.203;0.00513;0.00567; 50800;4144;15281;10.7;8.23;40;0.547;0.884;0.619;0.619;250;278;0.0985;0.205;0.00533;0.00592; 48240;8253;13698;19.1;17.7;39;0.404;0.653;0.618;0.619;178;197;0.0962;0.204;0.00515;0.00569; 51680;3984;13992;10.7;8.39;41;0.00135;0.611;0.00221;0.619;0.188;1.81;0.896;0.237;0.00163;0.0157; 50720;11;0;10.6;9.67;48;1.04e+04;6.69e+03;3.24e+03; 53%; 34%; 16%;1.05e+04;3.94e+03;1.04e+04; 53%; 20%; 52%;1.06e+04;6.72e+03;3.17e+03; 53%; 34%; 16%;4.86e+03;6.26e+03;4.98e+03; 24%; 31%; 25%;100;0.00461;0;0;0;0;0;0;0;100;0.00102;0;0;0;0;0;0;0;99.8;0.201;0;0;0;0;0;0;0;0.356;11.8;0.462;87.4;0;0;0;0;0;91.2;103;96.7;56.4;24.1 ;34.1 ;25.6 ;23.6 ;
2017-09-04;06:42:59.690;0.34;0.732;0.465;0.619;608;676;0.0994;0.204;0.00522;0.00579;51;44.1;1.17e+05;1.59e+05;2.14e+03;1.46;36.6;0.681;17;8.19e+04;75.1;2.87;0.0546;22;0;0;0;0;0;347;108;0.414;0.669;0.619;0.619;181;200;0.0963;0.203;0.00511;0.00565; 52160;3811;13982;10.7;8.28;40;0.546;0.882;0.619;0.619;250;277;0.099;0.204;0.00534;0.00593; 49920;8990;14955;19.1;17.7;39;0.401;0.647;0.619;0.619;178;196;0.0965;0.203;0.00518;0.00573; 52320;3735;13079;10.7;8.44;42;0.00131;0.651;0.00201;0.619;0.171;1.66;0.897;0.241;0.00152;0.0147; 50320;13;0;10.6;9.72;48;1.04e+04;6.69e+03;3.24e+03; 53%; 34%; 16%;1.06e+04;3.95e+03;1.04e+04; 53%; 20%; 53%;1.06e+04;6.74e+03;3.18e+03; 54%; 34%; 16%;4.86e+03;6.27e+03;4.98e+03; 24%; 32%; 25%;100;0.00628;0;0;0;0;0;0;0;100;0.00136;0;0;0;0;0;0;0;100;0.00497;0;0;0;0;0;0;0;0.325;11.5;0.218;88;0;0;0;0;0;92.6;103;95.3;56.4;24 ;34 ;25.7 ;23.9 ;
2017-09-04;06:43:00.713;0.35;0.754;0.465;0.619;610;677;0.0992;0.204;0.00508;0.00564;51.2;44.3;1.2e+05;1.59e+05;2.14e+03;1.51;37.7;0.701;17.5;8.22e+04;75.1;3.72;0.0571;21.1;0;0;0;0;0;350;108;0.409;0.66;0.619;0.619;180;200;0.0957;0.201;0.00516;0.0057; 51280;3840;14300;10.7;8.32;40;0.549;0.897;0.612;0.619;250;278;0.0998;0.205;0.00531;0.0059; 45200;8452;14347;19.1;17.7;38;0.408;0.662;0.616;0.619;179;198;0.0969;0.204;0.00513;0.00569; 52560;3872;13373;10.7;8.46;41;0.0362;2.7;0.0134;0.619;0.104;1.22;0.915;0.222;3.36e-05;0.000394; 50080;8;8;10.7;9.78;48;1.05e+04;6.76e+03;3.25e+03; 53%; 34%; 16%;1.06e+04;3.96e+03;1.04e+04; 53%; 20%; 53%;1.06e+04;6.77e+03;3.22e+03; 54%; 34%; 16%;4.94e+03;6.28e+03;4.99e+03; 25%; 32%; 25%;100;0.00805;0;0;0;0;0;0;0;98.9;1.07;0;0;0;0;0;0;0;99.5;0.546;0;0;0;0;0;0;0;2.17;13.3;0.229;84.4;0;0;0;0;0;91;103;97.7;57.5;24.2 ;34.1 ;25.6 ;23.9 ;
2017-09-04;06:43:01.729;0.383;1.26;0.304;0.619;532;601;0.116;0.297;0.00405;0.00458;41.8;37;1.31e+05;1.04e+05;2.15e+03;2.52;63;0.766;19.1;7.2e+04;49.1;10.9;0.00522;40;0;0;0;0;0;333;97.2;0.623;1.1;0.565;0.619;256;284;0.0984;0.23;0.0048;0.00532; 49040;5301;18960;9.21;6.42;42;0.262;1.61;0.162;0.619;69.2;83.1;0.166;0.429;0.00308;0.0037; 51600;1852;4122;14.2;15.2;42;0.6;1.27;0.471;0.619;206;234;0.119;0.313;0.00401;0.00455; 51360;4327;13487;9.28;6.9;44;0.046;2.85;0.0162;0.619;0.0629;0.273;0.77;0.331;1.6e-05;6.92e-05; 50000;1;6;9.2;8.43;49;7.98e+03;7.7e+03;3.69e+03; 40%; 39%; 18%;8.29e+03;2.05e+03;1.04e+04; 42%; 10%; 52%;6.56e+03;8.09e+03;3.26e+03; 33%; 41%; 16%;5.25e+03;2.67e+03;6.06e+03; 26%; 13%; 30%;91.3;5.14;0;3.54;0;0;0;0;0;26.2;13;0;60.8;0;0;0;0;0;76.1;12.4;0;11.4;0;0;0;0;0;2.61;13.2;0.0209;84.2;0;0;0;0;0;98.5;76.4;102;56;21.8 ;29.8 ;23.6 ;22.1 ;
2017-09-04;06:43:02.761;0.0911;0.215;0.424;0.619;240;288;0.168;0.205;0.00764;0.00918;24.4;23.4;3.14e+04;1.46e+05;2.14e+03;0.43;10.7;0.182;4.56;3.53e+04;68.5;4.1;0.00546;27.4;0;1.49;0;0;0;280;74.9;0.101;0.179;0.563;0.619;66.7;80.6;0.173;0.209;0.00772;0.00933; 51200;808;8499;2.23;2.23;42;0.116;0.207;0.56;0.619;105;124;0.152;0.176;0.0105;0.0124; 51600;11152;3752;17.8;16.4;40;0.101;0.181;0.559;0.619;68;82.6;0.177;0.241;0.00779;0.00947; 49280;1021;8620;2.21;2.2;44;0.0467;2.78;0.0168;0.619;0.0857;1.13;0.924;0.136;2.12e-05;0.000279; 50640;3;5;2.17;2.55;49;5.7e+03;1.42e+03;672; 28%;  7%;  3%;7.37e+03;1.36e+03;7.34e+03; 37%;  6%; 37%;5.73e+03;1.41e+03;695; 29%;  7%;  3%;941;1.75e+03;915;  4%;  8%;  4%;91;1.94;0;7.08;0;0;0;0;0;90.4;0.867;0;8.7;0;5.98;0;0;0;90.2;2.2;0;7.58;0;0;0;0;0;2.72;11.3;0.0218;85.9;0;0;0;0;0;71.9;81.9;75.4;51.1;13.9 ;32.3 ;15.3 ;13.4 ;
2017-09-04;06:43:03.789;0.0875;0.187;0.469;0.619;260;314;0.171;0.179;0.00861;0.0104;26.4;25.1;3.02e+04;1.62e+05;2.17e+03;0.373;9.34;0.175;4.38;3.83e+04;75.7;2.15;0.00424;22.1;0;0;0;0;0;297;77.9;0.0901;0.146;0.619;0.619;72.2;88.5;0.184;0.182;0.00927;0.0114; 46800;860;9410;2.37;2.32;42;0.122;0.197;0.619;0.619;114;135;0.157;0.163;0.0108;0.0129; 51120;12328;4013;19.4;17.8;40;0.0914;0.148;0.619;0.619;73.9;88.7;0.166;0.199;0.00937;0.0112; 48640;1051;9415;2.36;2.3;43;0.0468;2.79;0.0168;0.619;0.0731;1.35;0.946;0.122;1.81e-05;0.000335; 51040;2;13;2.3;2.63;49;6.23e+03;1.48e+03;705; 31%;  7%;  3%;8.05e+03;1.47e+03;7.98e+03; 40%;  7%; 40%;6.29e+03;1.48e+03;732; 31%;  7%;  3%;1.01e+03;1.88e+03;973;  5%;  9%;  4%;100;0.000466;0;0;0;0;0;0;0;100;0;0;0;0;0;0;0;0;100;0.000915;0;0;0;0;0;0;0;2.71;8.61;0.017;88.7;0;0;0;0;0;76;88.1;80.1;53.3;14.3 ;34.3 ;15.6 ;13.7 ;
2017-09-04;06:43:04.821;0.0905;0.193;0.469;0.619;264;319;0.171;0.186;0.00842;0.0102;26.6;25.2;3.14e+04;1.62e+05;2.16e+03;0.386;9.66;0.181;4.53;3.85e+04;75.7;2.82;0.00998;21.5;0;0;0;0;0;299;78.3;0.0937;0.151;0.619;0.619;73;89.3;0.182;0.191;0.009;0.011; 49360;895;9442;2.41;2.35;42;0.129;0.208;0.619;0.619;116;138;0.155;0.173;0.0104;0.0124; 53280;12431;4116;19.4;17.9;40;0.0927;0.15;0.619;0.619;74.8;89.8;0.168;0.201;0.0093;0.0112; 47920;1079;9473;2.38;2.31;43;0.0471;2.72;0.0173;0.619;0.115;1.82;0.937;0.117;2.82e-05;0.000445; 51600;2;12;2.36;2.69;49;6.24e+03;1.48e+03;722; 31%;  7%;  3%;8.06e+03;1.5e+03;8e+03; 40%;  7%; 40%;6.3e+03;1.48e+03;741; 31%;  7%;  3%;1.03e+03;1.93e+03;990;  5%;  9%;  4%;100;0.000892;0;0;0;0;0;0;0;100;0.00434;0;0;0;0;0;0;0;100;0.000517;0;0;0;0;0;0;0;2.8;11.3;0.0399;85.9;0;0;0;0;0;76.3;88.6;80.4;53.9;14.4 ;34.3 ;15.7 ;13.8 ;
2017-09-04;06:43:05.849;0.0867;0.185;0.469;0.619;262;314;0.168;0.182;0.00872;0.0105;26.3;25.1;3e+04;1.62e+05;2.17e+03;0.37;9.25;0.173;4.34;3.82e+04;75.7;2.81;0.00465;21.5;0;0;0;0;0;297;77.8;0.0833;0.135;0.619;0.619;71.4;85.7;0.167;0.181;0.0099;0.0119; 53920;825;9372;2.36;2.33;42;0.124;0.2;0.619;0.619;115;137;0.161;0.165;0.0108;0.0128; 52080;12297;4083;19.3;17.9;40;0.093;0.15;0.619;0.619;74.9;89.9;0.167;0.208;0.00932;0.0112; 47360;1052;9443;2.35;2.28;44;0.0467;2.78;0.0168;0.619;0.0901;1.45;0.938;0.12;2.23e-05;0.000359; 51600;3;7;2.29;2.63;49;6.26e+03;1.48e+03;701; 31%;  7%;  3%;8.03e+03;1.47e+03;7.98e+03; 40%;  7%; 40%;6.28e+03;1.47e+03;729; 31%;  7%;  3%;998;1.89e+03;960;  5%;  9%;  4%;100;0.000292;0;0;0;0;0;0;0;100;0;0;0;0;0;0;0;0;100;0.000216;0;0;0;0;0;0;0;2.72;11.3;0.0186;86;0;0;0;0;0;75.7;88.2;80.1;53.6;14.2 ;34.3 ;15.5 ;13.8 ;
2017-09-04;06:43:06.878;0.0863;0.184;0.468;0.619;261;313;0.167;0.182;0.00874;0.0105;26.5;25.1;2.99e+04;1.62e+05;2.16e+03;0.369;9.22;0.173;4.31;3.83e+04;75.6;2.79;0.0306;21.6;0;0;0;0;0;298;78.1;0.0898;0.145;0.619;0.619;72.4;88;0.178;0.187;0.00932;0.0113; 49360;880;9387;2.39;2.33;42;0.124;0.201;0.619;0.619;115;135;0.151;0.167;0.0106;0.0126; 47680;12351;4059;19.4;17.8;40;0.0918;0.148;0.619;0.619;73.9;88.7;0.167;0.197;0.0093;0.0112; 50560;1047;9428;2.35;2.29;43;0.0392;2.7;0.0145;0.619;0.0881;1.5;0.941;0.237;2.59e-05;0.000441; 53040;18;19;2.31;2.65;49;6.23e+03;1.48e+03;716; 31%;  7%;  3%;8.05e+03;1.47e+03;7.99e+03; 40%;  7%; 40%;6.28e+03;1.47e+03;733; 31%;  7%;  3%;1.01e+03;1.89e+03;983;  5%;  9%;  4%;100;0.000605;0;0;0;0;0;0;0;100;0.00357;0;0;0;0;0;0;0;100;0.00109;0;0;0;0;0;0;0;2.34;11.1;0.122;86.4;0;0;0;0;0;76;88.4;80.1;53.5;14.3 ;34.4 ;15.6 ;13.8 ;
2017-09-04;06:43:07.906;0.0766;0.166;0.462;0.619;262;312;0.162;0.192;0.00988;0.0118;26.3;25.1;2.65e+04;1.6e+05;2.16e+03;0.332;8.3;0.153;3.83;3.82e+04;74.6;2.95;0.155;22.3;0;0;0;0;0;296;77.9;0.0871;0.141;0.619;0.619;72.1;87;0.171;0.187;0.00957;0.0116; 52800;840;9352;2.35;2.31;42;0.124;0.2;0.619;0.619;115;136;0.152;0.174;0.0108;0.0127; 51040;12310;4073;19.3;17.9;40;0.0945;0.156;0.606;0.619;74;87.9;0.158;0.22;0.00907;0.0108; 56720;1031;9529;2.35;2.29;44;0.00113;0.508;0.00222;0.619;0.194;1.25;0.845;0.286;0.00199;0.0129; 52720;8;32;2.32;2.64;49;6.24e+03;1.48e+03;702; 31%;  7%;  3%;8e+03;1.46e+03;7.95e+03; 40%;  7%; 40%;6.29e+03;1.47e+03;729; 31%;  7%;  3%;1.01e+03;1.89e+03;976;  5%;  9%;  4%;100;0.00101;0;0;0;0;0;0;0;100;0.000532;0;0;0;0;0;0;0;97.9;2.1;0;0;0;0;0;0;0;0.358;9.69;0.619;89.3;0;0;0;0;0;75.8;88.1;80;52.5;14.2 ;34.4 ;15.6 ;13.7 ;
2017-09-04;06:43:08.935;0.0753;0.163;0.461;0.619;261;309;0.156;0.192;0.01;0.0119;26.3;25.1;2.6e+04;1.59e+05;2.16e+03;0.326;8.16;0.151;3.76;3.82e+04;74.5;2.27;0.16;23.1;0;0;0;0;0;296;77.9;0.0876;0.142;0.619;0.619;72.3;86.2;0.161;0.195;0.00955;0.0114; 54480;856;9407;2.34;2.29;42;0.118;0.191;0.619;0.619;113;133;0.149;0.159;0.0111;0.013; 50240;12266;4040;19.3;17.9;40;0.0946;0.156;0.605;0.619;75.3;89.3;0.157;0.231;0.00921;0.0109; 46880;1051;9587;2.35;2.27;44;0.000908;0.424;0.00214;0.619;0.197;0.835;0.765;0.364;0.0025;0.0106; 51680;10;28;2.31;2.63;49;6.2e+03;1.46e+03;709; 31%;  7%;  3%;8.02e+03;1.46e+03;7.95e+03; 40%;  7%; 40%;6.31e+03;1.46e+03;730; 31%;  7%;  3%;1.01e+03;1.88e+03;973;  5%;  9%;  4%;100;0;0;0;0;0;0;0;0;100;0.00269;0;0;0;0;0;0;0;97.8;2.25;0;0;0;0;0;0;0;0.345;6.82;0.638;92.2;0;0;0;0;0;75.8;88.1;80.1;52.1;14.2 ;34.4 ;15.5 ;13.8 ;
2017-09-04;06:43:09.961;0.0766;0.166;0.461;0.619;261;312;0.163;0.188;0.00987;0.0118;26.2;25;2.64e+04;1.59e+05;2.16e+03;0.332;8.3;0.153;3.83;3.81e+04;74.5;2.32;0.183;23;0;0;0;0;0;296;77.8;0.0877;0.142;0.619;0.619;72;86.5;0.168;0.19;0.00951;0.0114; 51920;866;9341;2.36;2.3;42;0.126;0.204;0.619;0.619;115;137;0.163;0.167;0.0105;0.0126; 51840;12278;4101;19.3;17.8;40;0.0911;0.151;0.604;0.619;73.7;86.4;0.147;0.217;0.00938;0.011; 48320;1007;9506;2.33;2.27;44;0.00105;0.523;0.00201;0.619;0.186;1.16;0.84;0.297;0.00205;0.0128; 51200;6;4;2.3;2.63;49;6.22e+03;1.45e+03;707; 31%;  7%;  3%;8.02e+03;1.47e+03;7.96e+03; 40%;  7%; 40%;6.3e+03;1.45e+03;722; 31%;  7%;  3%;998;1.89e+03;967;  5%;  9%;  4%;100;0.000913;0;0;0;0;0;0;0;100;0.000564;0;0;0;0;0;0;0;97.6;2.38;0;0;0;0;0;0;0;0.325;6.9;0.731;92;0;0;0;0;0;75.7;88.2;79.7;52.1;14.1 ;34.4 ;15.6 ;13.8 ;
2017-09-04;06:43:10.993;0.0776;0.168;0.461;0.619;262;313;0.163;0.192;0.00975;0.0116;26.4;25.2;2.68e+04;1.59e+05;2.16e+03;0.337;8.42;0.155;3.88;3.83e+04;74.5;1.94;0.224;23.3;0;7.19;0;0;0;297;77.9;0.0886;0.143;0.619;0.619;72.4;87;0.168;0.193;0.00947;0.0114; 52880;879;9332;2.38;2.33;43;0.122;0.198;0.619;0.619;113;134;0.154;0.161;0.0107;0.0127; 51120;12277;4062;19.3;17.9;40;0.0982;0.163;0.604;0.619;75.5;90;0.161;0.232;0.00889;0.0106; 53200;992;9601;2.35;2.29;44;0.00155;0.569;0.00272;0.612;0.23;1.61;0.857;0.334;0.00171;0.012; 49280;12;3;2.32;2.65;49;6.23e+03;1.48e+03;719; 31%;  7%;  3%;8.02e+03;1.46e+03;7.98e+03; 40%;  7%; 40%;6.31e+03;1.46e+03;742; 31%;  7%;  3%;1.03e+03;1.88e+03;982;  5%;  9%;  4%;100;0.00133;0;0;0;0;0;0;0;100;0.00337;0;0;0;0;0;0;0;97.6;2.39;0;0;0;0;0;0;0;0.445;5.36;0.896;93.3;0;28.7;0;0;0;76;88.4;80.4;52.2;14.3 ;34.3 ;15.6 ;13.7 ;
2017-09-04;06:43:12.019;0.0743;0.161;0.462;0.619;260;310;0.161;0.186;0.0101;0.0121;26.2;25;2.57e+04;1.59e+05;2.17e+03;0.322;8.04;0.149;3.71;3.81e+04;74.6;3.37;0.448;21.6;0;0;0;0;0;296;77.8;0.0816;0.132;0.619;0.619;71.4;85.2;0.162;0.18;0.0101;0.0121; 54320;849;9304;2.35;2.3;42;0.122;0.197;0.619;0.619;114;136;0.161;0.163;0.0108;0.0129; 49840;12230;4084;19.2;17.8;40;0.0914;0.151;0.605;0.619;73.9;87.3;0.153;0.217;0.00937;0.0111; 48720;915;9519;2.3;2.24;44;0.00197;0.726;0.00271;0.619;0.311;1.05;0.705;0.536;0.00183;0.00619; 46400;23;2;2.29;2.62;48;6.25e+03;1.44e+03;706; 31%;  7%;  3%;8e+03;1.46e+03;7.95e+03; 40%;  7%; 40%;6.28e+03;1.43e+03;717; 31%;  7%;  3%;994;1.87e+03;962;  5%;  9%;  4%;100;0.000124;0;0;0;0;0;0;0;100;0;0;0;0;0;0;0;0;97.7;2.26;0;0;0;0;0;0;0;0.438;11.2;1.8;86.5;0;0;0;0;0;75.4;88;79.7;52.6;14.2 ;34.3 ;15.4 ;13.8 ;
2017-09-04;06:43:13.048;0.0766;0.166;0.461;0.619;261;311;0.16;0.189;0.00985;0.0117;26.3;25.1;2.65e+04;1.59e+05;2.15e+03;0.332;8.31;0.153;3.83;3.82e+04;74.5;3.28;0.212;22;0;0;0;0;0;297;77.8;0.0858;0.139;0.619;0.619;71.9;85.7;0.162;0.193;0.0097;0.0116; 51440;837;9379;2.36;2.31;42;0.127;0.204;0.619;0.619;115;136;0.153;0.17;0.0105;0.0124; 50240;12310;4095;19.3;17.9;40;0.0932;0.154;0.604;0.619;73.6;87.8;0.162;0.214;0.00914;0.0109; 48480;883;9473;2.35;2.29;44;0.000882;0.459;0.00192;0.619;0.164;1.14;0.857;0.203;0.00215;0.015; 45920;3;7;2.31;2.64;49;6.25e+03;1.47e+03;706; 31%;  7%;  3%;8.01e+03;1.46e+03;7.98e+03; 40%;  7%; 40%;6.3e+03;1.46e+03;730; 31%;  7%;  3%;1.01e+03;1.89e+03;964;  5%;  9%;  4%;100;0.00103;0;0;0;0;0;0;0;100;0.00272;0;0;0;0;0;0;0;97.6;2.39;0;0;0;0;0;0;0;0.311;10.7;0.846;88.1;0;0;0;0;0;75.8;88.4;80;52.7;14.3 ;34.2 ;15.6 ;13.8 ;
2017-09-04;06:43:14.074;0.0777;0.168;0.461;0.619;262;314;0.165;0.192;0.00979;0.0117;26.3;25.1;2.68e+04;1.59e+05;2.16e+03;0.337;8.41;0.155;3.88;3.82e+04;74.5;3.21;0.16;22.1;0;0;0;0;0;296;78;0.0907;0.147;0.619;0.619;73.1;87.4;0.164;0.202;0.00933;0.0112; 50560;863;9447;2.37;2.31;42;0.124;0.2;0.619;0.619;115;137;0.159;0.168;0.0107;0.0128; 52560;12269;4098;19.3;17.8;40;0.0948;0.157;0.605;0.619;74.1;88.9;0.167;0.215;0.00907;0.0109; 49920;886;9418;2.36;2.29;44;0.00113;0.495;0.00229;0.619;0.182;1.14;0.84;0.219;0.00187;0.0117; 46080;8;0;2.32;2.64;49;6.22e+03;1.46e+03;716; 31%;  7%;  3%;7.99e+03;1.47e+03;7.97e+03; 40%;  7%; 40%;6.28e+03;1.46e+03;719; 31%;  7%;  3%;1e+03;1.89e+03;981;  5%;  9%;  4%;100;0.000263;0;0;0;0;0;0;0;100;0.000374;0;0;0;0;0;0;0;97.7;2.27;0;0;0;0;0;0;0;0.37;10.6;0.64;88.4;0;0;0;0;0;75.6;88;79.7;52.4;14.2 ;34.4 ;15.6 ;13.7 ;
2017-09-04;06:43:15.104;0.0769;0.167;0.461;0.619;260;311;0.164;0.184;0.00978;0.0117;26.4;25.1;2.66e+04;1.59e+05;2.15e+03;0.333;8.34;0.154;3.84;3.82e+04;74.5;2.65;0.153;22.7;0;0;0;0;0;297;77.7;0.088;0.142;0.619;0.619;72.2;86.6;0.167;0.191;0.0095;0.0114; 53280;853;9414;2.37;2.31;42;0.119;0.192;0.619;0.619;113;133;0.149;0.159;0.011;0.0129; 51840;12316;4055;19.4;17.9;40;0.0997;0.165;0.604;0.619;74.4;90.2;0.175;0.213;0.00864;0.0105; 52400;895;9567;2.34;2.27;44;0.000871;0.452;0.00193;0.619;0.162;1.17;0.862;0.201;0.00215;0.0156; 47200;4;3;2.31;2.63;49;6.22e+03;1.48e+03;712; 31%;  7%;  3%;8.01e+03;1.46e+03;7.98e+03; 40%;  7%; 40%;6.27e+03;1.47e+03;737; 31%;  7%;  3%;1.02e+03;1.88e+03;977;  5%;  9%;  4%;100;0.000942;0;0;0;0;0;0;0;100;0.00335;0;0;0;0;0;0;0;97.6;2.42;0;0;0;0;0;0;0;0.311;8.16;0.613;90.9;0;0;0;0;0;75.9;88.1;80.3;52.4;14.2 ;34.2 ;15.5 ;13.7 ;
2017-09-04;06:43:16.132;0.0773;0.168;0.46;0.619;263;315;0.166;0.188;0.00983;0.0118;26.3;25.2;2.67e+04;1.59e+05;2.16e+03;0.336;8.4;0.155;3.87;3.83e+04;74.4;1.43;0.137;24.1;0;16;0;0;0;296;77.9;0.0847;0.137;0.619;0.619;71.8;86.1;0.166;0.183;0.00981;0.0118; 52240;833;9365;2.37;2.32;43;0.13;0.211;0.615;0.619;116;139;0.163;0.17;0.0104;0.0124; 51520;12253;4226;19.3;17.9;40;0.0943;0.156;0.605;0.619;74.7;89.4;0.164;0.219;0.00918;0.011; 51360;965;9573;2.37;2.3;44;0.000779;0.41;0.0019;0.606;0.165;0.932;0.823;0.257;0.00245;0.0139; 46800;5;0;2.32;2.65;49;6.24e+03;1.46e+03;711; 31%;  7%;  3%;8.03e+03;1.47e+03;7.98e+03; 40%;  7%; 40%;6.35e+03;1.44e+03;730; 32%;  7%;  3%;1.02e+03;1.9e+03;977;  5%;  9%;  4%;100;0.000212;0;0;0;0;0;0;0;99.4;0.636;0;0;0;0;0;0;0;97.7;2.28;0;0;0;0;0;0;0;0.314;2.82;0.549;96.3;0;63.9;0;0;0;75.6;88.4;80;51.7;14.2 ;34.4 ;15.6 ;13.7 ;
2017-09-04;06:43:17.157;0.0994;0.225;0.441;0.619;276;333;0.169;0.255;0.00806;0.00969;26.6;25.8;3.43e+04;1.52e+05;2.16e+03;0.45;11.3;0.199;4.97;3.95e+04;71.3;4.47;0.142;24.1;0;13.1;0;0;0;298;78.8;0.0881;0.142;0.619;0.619;72.1;86.9;0.171;0.187;0.00947;0.0114; 51200;828;9448;2.53;2.51;42;0.212;0.392;0.541;0.619;130;157;0.172;0.302;0.0071;0.00858; 48240;12260;5134;19.1;18;40;0.0968;0.16;0.604;0.619;74.4;88;0.155;0.225;0.00892;0.0105; 50320;978;9445;2.52;2.5;44;0.000672;0.366;0.00184;0.606;0.163;0.684;0.761;0.316;0.00282;0.0118; 48400;5;0;2.51;2.86;49;6.42e+03;1.49e+03;728; 32%;  7%;  3%;8.17e+03;1.64e+03;8.11e+03; 41%;  8%; 41%;6.5e+03;1.49e+03;748; 32%;  7%;  3%;1.02e+03;2.15e+03;996;  5%; 10%;  5%;100;0.000868;0;0;0;0;0;0;0;87.4;12.1;0;0.561;0;0;0;0;0;97.5;2.48;0;0;0;0;0;0;0;0.303;3.33;0.567;95.8;0;52.3;0;0;0;75.7;90.3;80;51.8;14.6 ;34.2 ;15.9 ;14.1 ;
2017-09-04;06:43:18.178;0.116;0.333;0.35;0.619;257;317;0.192;0.333;0.00641;0.00793;24.3;26.4;4e+04;1.2e+05;2.15e+03;0.666;16.7;0.233;5.82;4.68e+04;56.5;6.8;0.126;36.6;0;0.838;0;0;0;289;77.5;0.107;0.173;0.619;0.619;95.4;113;0.159;0.181;0.0104;0.0124; 53600;1110;12440;2.49;2.36;42;0.24;1.37;0.175;0.619;61.7;86.8;0.289;0.543;0.003;0.00422; 46560;3952;3151;16.9;18.9;41;0.119;0.197;0.602;0.619;99.4;116;0.147;0.206;0.00975;0.0114; 50400;1194;12527;2.46;2.33;44;0.000674;0.377;0.00179;0.619;0.169;0.742;0.772;0.29;0.00293;0.0128; 49200;7;3;2.44;2.82;49;7.48e+03;1.88e+03;862; 38%;  9%;  4%;1.04e+04;1.46e+03;1.01e+04; 52%;  7%; 51%;7.71e+03;1.86e+03;896; 39%;  9%;  4%;1.25e+03;1.75e+03;1.21e+03;  6%;  8%;  6%;100;0.000537;0;0;0;0;0;0;0;28.3;17.8;0;54;0;3.35;0;0;0;97.3;2.75;0;0;0;0;0;0;0;0.289;6.69;0.506;92.5;0;0;0;0;0;77;79.3;81.4;51.8;14.3 ;33.7 ;15.6 ;13.8 ;
2017-09-04;06:43:19.199;0.0696;0.229;0.304;0.619;222;264;0.161;0.223;0.00928;0.0111;22;25;2.39e+04;1.04e+05;2.14e+03;0.458;11.5;0.139;3.48;4.68e+04;49;5.65;0.119;45.2;0;7.79;0;0;0;277;73.9;0.114;0.184;0.618;0.619;106;124;0.148;0.175;0.0108;0.0127; 48880;1164;13891;1.99;1.74;42;0.0181;2.71;0.00668;0.618;1.5;4.86;0.692;0.675;0.000962;0.00313; 51840;50;115;16.1;19.3;41;0.145;0.247;0.588;0.619;114;135;0.15;0.226;0.00916;0.0108; 48720;1459;14224;2.01;1.7;44;0.00066;0.422;0.00156;0.619;0.149;0.606;0.754;0.35;0.00263;0.0107; 49040;4;3;1.92;2.23;49;7.41e+03;2.03e+03;868; 37%; 10%;  4%;1.08e+04;935;1.06e+04; 55%;  4%; 54%;7.63e+03;2e+03;933; 38%; 10%;  4%;1.34e+03;940;1.24e+03;  6%;  4%;  6%;99.9;0.123;0;0;0;0;0;0;0;1.08;9.34;0;89.6;0;31.2;0;0;0;95;5.01;0;0;0;0;0;0;0;0.252;8.11;0.478;91.2;0;0;0;0;0;77.4;65.6;82.6;51.8;13.3 ;33.4 ;14.2 ;13 ;
2017-09-04;06:43:20.218;0.0906;0.318;0.285;0.619;235;282;0.168;0.298;0.00757;0.0091;22.3;25.6;3.1e+04;9.77e+04;2.15e+03;0.636;15.9;0.181;4.53;4.72e+04;46.1;12.6;0.152;41.2;0;0;0;0;0;281;74.7;0.138;0.234;0.592;0.619;111;131;0.154;0.222;0.00937;0.0111; 53040;1267;14076;2.16;1.92;43;0.0273;2.87;0.00949;0.619;2.28;4.99;0.542;0.789;0.000977;0.00214; 52080;69;199;15.8;19.4;41;0.196;0.365;0.537;0.619;121;146;0.166;0.302;0.00723;0.00867; 52560;1589;14759;2.16;1.85;44;0.000644;0.389;0.00165;0.619;0.15;0.617;0.756;0.341;0.00273;0.0112; 49200;8;0;2.12;2.47;49;7.4e+03;2.22e+03;944; 37%; 11%;  4%;1.06e+04;929;1.05e+04; 54%;  4%; 53%;7.64e+03;2.16e+03;1.03e+03; 39%; 11%;  5%;1.47e+03;929;1.36e+03;  7%;  4%;  6%;95.6;4.22;0;0.168;0;0;0;0;0;1.53;27.9;0;70.6;0;0;0;0;0;86.8;11.7;0;1.53;0;0;0;0;0;0.267;6.44;0.607;92.7;0;0;0;0;0;78;67.4;83.6;51.5;13.6 ;33.2 ;14.6 ;13.3 ;
2017-09-04;06:43:21.233;0.162;0.88;0.184;0.619;266;335;0.207;0.447;0.00481;0.00607;21.5;25.9;5.52e+04;6.28e+04;2.14e+03;1.76;44;0.323;8.09;4.51e+04;29.7;20.5;0.16;49.6;0;0;0;0;0;280;75.8;0.348;0.715;0.488;0.619;181;220;0.18;0.379;0.00606;0.0074; 54800;2079;17451;2.64;2.14;41;0.016;2.81;0.00571;0.619;1.35;3;0.55;0.841;0.000987;0.0022; 52240;46;115;13.7;18.1;42;0.281;1.17;0.24;0.619;83.6;111;0.249;0.519;0.00349;0.00464; 53520;1389;8513;2.61;2.54;44;0.00127;0.661;0.00192;0.619;0.22;0.644;0.659;0.521;0.00203;0.00595; 49200;12;0;2.59;3.07;49;9.62e+03;2.57e+03;1.52e+03; 49%; 13%;  7%;5.38e+03;733;1.3e+04; 27%;  3%; 66%;4.2e+03;2.88e+03;966; 21%; 14%;  4%;1.31e+03;732;2.18e+03;  6%;  3%; 11%;78.8;18.6;0;2.61;0;0;0;0;0;0.922;35.9;0;63.2;0;0;0;0;0;38.7;20.2;0;41.1;0;0;0;0;0;0.31;7.32;0.641;91.7;0;0;0;0;0;85.4;66.6;76.7;51.7;14.2 ;31.4 ;16 ;14.2 ;
2017-09-04;06:43:22.271;0.103;0.319;0.324;0.619;217;232;0.0647;0.158;0.00607;0.00649;36.1;50.7;3.57e+04;1.12e+05;2.13e+03;0.637;15.9;0.207;5.16;6.87e+04;52.4;7.24;0.253;40.2;0;0.0606;0;0;0;287;96.7;0.192;0.431;0.446;0.619;75.4;86.1;0.124;0.318;0.00456;0.00521; 48800;4645;13595;9.03;12.2;40;0.109;0.255;0.428;0.619;68.9;70.2;0.0191;0.0197;0.0073;0.00744; 49520;4790;14562;9.05;12.2;41;0.111;0.264;0.421;0.619;72;73.4;0.0193;0.0201;0.00748;0.00763; 48160;4939;14909;9.04;12;41;0.00131;0.464;0.00282;0.619;0.26;1.8;0.856;0.201;0.00229;0.0158; 49360;7;22;8.97;14.3;48;7.43e+03;7.43e+03;3.46e+03; 37%; 37%; 17%;7.66e+03;3.73e+03;7.38e+03; 38%; 18%; 37%;7.66e+03;7.4e+03;3.77e+03; 38%; 37%; 19%;4.4e+03;4.33e+03;4.05e+03; 22%; 21%; 20%;72.1;7.87;0;20.1;0;0;0;0;0;69.2;9.53;0;21.3;0;0;0;0;0;68;3.27;0;28.7;0;0.242;0;0;0;0.456;8.29;1.01;90.2;0;0;0;0;0;80;75.2;80;51.4;23.8 ;24.2 ;24.7 ;23.9 ;
2017-09-04;06:43:23.294;0.102;0.229;0.446;0.619;282;288;0.0202;0.0148;0.008;0.00817;44.9;63.3;3.52e+04;1.54e+05;2.18e+03;0.457;11.4;0.204;5.09;8.56e+04;72;2.5;0.122;25.4;0;0.964;0;0;0;326;114;0.108;0.174;0.619;0.619;75.1;76.5;0.0184;0.0135;0.00802;0.00817; 49440;5052;14862;11.2;15.7;41;0.148;0.245;0.605;0.619;103;105;0.0148;0.0128;0.00804;0.00816; 57280;6733;20357;11.2;14.9;41;0.15;0.27;0.555;0.619;104;105;0.0144;0.013;0.00801;0.00813; 49680;6805;20319;11.3;14.9;42;0.00133;0.503;0.00264;0.619;0.186;1.54;0.88;0.258;0.00162;0.0135; 49920;7;18;11.2;17.9;48;9.01e+03;8.98e+03;3.76e+03; 45%; 45%; 19%;1.02e+04;4.96e+03;8.76e+03; 51%; 25%; 44%;1.02e+04;8.75e+03;4.95e+03; 51%; 44%; 25%;5.77e+03;5.79e+03;4.36e+03; 29%; 29%; 22%;99.9;0.0526;0;0;0;0;0;0;0;97.7;1.31;0;1.03;0;0;0;0;0;89.6;1.73;0;8.69;0;3.86;0;0;0;0.427;6.91;0.489;92.2;0;0;0;0;0;87.9;88.1;93.2;57.1;28.3 ;28.2 ;29.2 ;28.4 ;
2017-09-04;06:43:24.316;0.287;0.707;0.405;0.619;546;592;0.0779;0.189;0.00554;0.00601;48.1;44.2;9.85e+04;1.39e+05;2.15e+03;1.41;35.4;0.573;14.3;7.92e+04;65.5;2.19;0.0607;32.3;0;7.1;0;0;0;332;106;0.371;0.624;0.595;0.619;192;205;0.0629;0.163;0.00602;0.00642; 47040;5405;18796;10.4;8;40;0.468;0.905;0.518;0.619;213;232;0.084;0.205;0.00529;0.00578; 46880;9835;12793;17.2;16.9;39;0.306;0.603;0.507;0.619;141;153;0.0793;0.197;0.00537;0.00583; 50240;3170;12079;10.3;9.13;42;0.00168;0.668;0.00251;0.619;0.218;1.83;0.881;0.243;0.00151;0.0127; 49840;12;0;10.2;10.2;48;1.06e+04;6.9e+03;4.22e+03; 53%; 35%; 21%;8.93e+03;3.46e+03;1.07e+04; 45%; 17%; 54%;9.1e+03;7.25e+03;2.61e+03; 46%; 36%; 13%;3.99e+03;5.53e+03;5.94e+03; 20%; 28%; 30%;96.1;1.17;0;2.76;0;0;0;0;0;83.6;0.714;0;15.7;0;11.9;0;0;0;81.9;0.158;0;17.9;0;16.4;0;0;0;0.405;6.7;0.243;92.7;0;0.0266;0;0;0;90.3;96.6;88.5;56.2;23.5 ;32.6 ;25.7 ;23.9 ;
2017-09-04;06:43:25.336;0.334;0.719;0.465;0.619;602;658;0.0848;0.205;0.00525;0.00574;50.6;42.6;1.15e+05;1.6e+05;2.15e+03;1.44;35.9;0.668;16.7;8.15e+04;75.1;0.539;0.164;24.2;0;19;0;0;0;342;107;0.399;0.644;0.619;0.619;178;193;0.0788;0.203;0.00521;0.00565; 53840;3521;13672;10.6;7.9;40;0.561;0.907;0.619;0.619;252;276;0.0873;0.21;0.00523;0.00573; 51520;12003;15216;18.9;17.5;39;0.375;0.606;0.619;0.619;172;187;0.0789;0.198;0.00535;0.00581; 56400;3910;14892;10.6;8.06;42;0.0014;0.566;0.00248;0.601;0.177;1.88;0.906;0.241;0.00147;0.0156; 49680;10;5;10.5;9.19;48;1.07e+04;6.42e+03;3.12e+03; 54%; 32%; 15%;1.05e+04;3.9e+03;1.04e+04; 53%; 19%; 53%;1.08e+04;6.5e+03;3.08e+03; 55%; 33%; 15%;4.73e+03;6.42e+03;4.86e+03; 24%; 32%; 24%;100;0.000931;0;0;0;0;0;0;0;100;0.00122;0;0;0;0;0;0;0;100;0.000679;0;0;0;0;0;0;0;0.412;2.16;0.657;96.8;0;76.2;0;0;0;89.8;103;93.9;55.4;23.8 ;33.9 ;25.5 ;23.5 ;
2017-09-04;06:43:26.357;0.333;0.717;0.465;0.619;603;659;0.0851;0.205;0.00527;0.00576;50.6;42.7;1.14e+05;1.59e+05;2.14e+03;1.43;35.9;0.667;16.7;8.15e+04;75.1;0.886;0.205;23.8;0;14;0;0;0;343;106;0.388;0.628;0.619;0.619;177;192;0.0805;0.2;0.00531;0.00578; 45920;3665;14180;10.6;7.92;40;0.572;0.924;0.619;0.619;254;278;0.0867;0.213;0.00518;0.00567; 43680;11623;14920;18.9;17.5;39;0.372;0.601;0.619;0.619;172;187;0.0798;0.198;0.00539;0.00586; 58000;3944;15080;10.6;8.08;42;0.00138;0.583;0.00237;0.605;0.176;1.8;0.902;0.248;0.00148;0.0152; 50560;8;2;10.5;9.22;48;1.07e+04;6.43e+03;3.12e+03; 54%; 32%; 15%;1.06e+04;3.91e+03;1.04e+04; 53%; 19%; 53%;1.08e+04;6.51e+03;3.08e+03; 55%; 33%; 15%;4.74e+03;6.42e+03;4.86e+03; 24%; 32%; 24%;100;0.000706;0;0;0;0;0;0;0;100;0.00176;0;0;0;0;0;0;0;100;0.00123;0;0;0;0;0;0;0;0.392;3.54;0.82;95.2;0;55.9;0;0;0;89.7;104;93.9;55.6;23.8 ;33.7 ;25.4 ;23.3 ;
2017-09-04;06:43:27.373;0.317;0.836;0.38;0.619;563;616;0.0848;0.213;0.00519;0.00567;46.2;40.4;1.09e+05;1.3e+05;2.14e+03;1.67;41.8;0.635;15.9;7.89e+04;61.3;2.32;0.177;36.2;0;25.4;0;0;0;332;103;0.477;0.771;0.619;0.619;221;239;0.0756;0.198;0.0054;0.00584; 48800;4422;16906;9.71;6.81;40;0.315;1.11;0.283;0.619;120;135;0.109;0.262;0.00445;0.005; 53600;5062;7352;17.2;18.2;41;0.476;0.775;0.614;0.619;223;241;0.0773;0.198;0.00547;0.00593; 53920;4903;18548;9.74;6.95;42;0.00105;0.508;0.00206;0.604;0.192;1.04;0.815;0.355;0.00216;0.0116; 48720;13;0;9.62;8.48;48;9e+03;7.53e+03;3.36e+03; 46%; 38%; 17%;1.1e+04;2.58e+03;1.06e+04; 56%; 13%; 54%;9.28e+03;7.55e+03;3.38e+03; 47%; 38%; 17%;5.47e+03;3.8e+03;5.47e+03; 27%; 19%; 27%;100;0.00168;0;0;0;0;0;0;0;45.7;6.11;0;48.2;0;28;0;0;0;99.2;0.822;0;0;0;0;0;0;0;0.341;2.34;0.707;96.6;0;73.6;0;0;0;94.9;84.3;98.3;54.8;22.6 ;33.3 ;24.2 ;22.5 ;
2017-09-04;06:43:28.393;0.296;1.12;0.263;0.619;439;492;0.107;0.274;0.00434;0.00486;35.6;30;1.01e+05;9e+04;2.13e+03;2.25;56.2;0.592;14.8;5.93e+04;42.5;9.99;0.161;47.4;0;11.7;0;0;0;294;87.1;0.451;1.07;0.422;0.619;169;188;0.103;0.26;0.00438;0.00488; 49520;3051;10935;7.74;5.44;41;0.198;0.942;0.21;0.619;83.9;94;0.108;0.257;0.00496;0.00556; 46560;3570;4691;12.4;12.4;40;0.533;1.28;0.418;0.619;186;208;0.107;0.292;0.00408;0.00456; 48480;3880;12795;7.77;5.44;42;0.00103;0.504;0.00205;0.61;0.236;1.18;0.8;0.33;0.00268;0.0134; 50320;12;1;7.71;6.73;49;6.23e+03;6.14e+03;2.62e+03; 31%; 31%; 13%;7.87e+03;2.01e+03;7.46e+03; 40%; 10%; 38%;6.46e+03;5.96e+03;2.77e+03; 33%; 30%; 14%;4.62e+03;2.83e+03;4.3e+03; 23%; 14%; 21%;68.2;8.49;0;23.3;0;8.18;0;0;0;33.9;10.8;0;55.3;0;0;0;0;0;67.5;16.5;0;16;0;0;0;0;0;0.335;4.2;0.645;94.8;0;38.7;0;0;0;83.2;69.7;91;50;19.7 ;26.6 ;21.3 ;19.5 ;
2017-09-04;06:43:29.414;0.353;0.76;0.465;0.619;619;687;0.0989;0.207;0.00511;0.00567;51.9;44.7;1.21e+05;1.59e+05;2.14e+03;1.52;38;0.706;17.7;8.42e+04;75;0.669;0.155;24.1;0;17.4;0;0;0;354;108;0.425;0.686;0.619;0.619;185;205;0.0962;0.206;0.00509;0.00563; 52560;3648;14036;11;8.47;40;0.563;0.91;0.619;0.619;247;274;0.098;0.209;0.00513;0.00568; 50400;12451;16678;19;17.7;39;0.423;0.685;0.618;0.619;186;206;0.0963;0.207;0.00513;0.00567; 52400;4317;15359;11;8.59;42;0.00133;0.585;0.00228;0.604;0.189;1.72;0.89;0.256;0.00166;0.015; 49760;9;3;10.9;9.86;48;1.07e+04;6.95e+03;3.3e+03; 54%; 35%; 16%;1.09e+04;4e+03;1.06e+04; 55%; 20%; 54%;1.09e+04;6.94e+03;3.32e+03; 55%; 35%; 16%;5.09e+03;6.4e+03;5.09e+03; 25%; 32%; 25%;100;0.00122;0;0;0;0;0;0;0;100;0.00153;0;0;0;0;0;0;0;99.8;0.185;0;0;0;0;0;0;0;0.377;2.49;0.618;96.5;0;69.5;0;0;0;95.3;103;99.3;55.7;24.3 ;33.9 ;25.8 ;23.9 ;
2017-09-04;06:43:30.437;0.357;0.766;0.466;0.619;618;686;0.0989;0.207;0.00505;0.0056;52;44.8;1.22e+05;1.6e+05;2.14e+03;1.53;38.3;0.715;17.9;8.44e+04;75.3;0.714;0.109;23.9;0;12.1;0;0;0;358;108;0.43;0.694;0.619;0.619;186;206;0.0971;0.207;0.00505;0.0056; 51520;3711;14372;11;8.51;39;0.562;0.907;0.619;0.619;247;273;0.0974;0.208;0.00513;0.00568; 46320;11696;15594;19;17.8;38;0.42;0.678;0.619;0.619;185;205;0.0958;0.206;0.00516;0.00571; 57440;4508;16270;11.1;8.64;41;0.0185;2.33;0.00796;0.616;0.155;1.74;0.911;0.235;9.74e-05;0.00109; 50640;10;2;10.9;9.92;49;1.07e+04;6.98e+03;3.34e+03; 54%; 35%; 17%;1.09e+04;4e+03;1.07e+04; 55%; 20%; 54%;1.09e+04;7e+03;3.32e+03; 55%; 35%; 16%;5.09e+03;6.41e+03;5.14e+03; 25%; 32%; 26%;100;0;0;0;0;0;0;0;0;100;0.00113;0;0;0;0;0;0;0;100;0.00243;0;0;0;0;0;0;0;1.29;2.85;0.435;95.4;0;48.3;0;0;0;95.8;104;102;56.2;24.4 ;34 ;26 ;24 ;
2017-09-04;06:43:31.457;0.372;0.809;0.46;0.619;617;686;0.0996;0.21;0.00484;0.00538;51.4;44.7;1.28e+05;1.58e+05;2.15e+03;1.62;40.4;0.743;18.6;8.44e+04;74.2;1.59;0.00843;24.2;0;0;0;0;0;354;108;0.436;0.704;0.619;0.619;191;212;0.0961;0.205;0.00512;0.00566; 48720;3630;14030;10.9;8.4;40;0.572;0.982;0.583;0.619;234;260;0.102;0.219;0.00475;0.0053; 52320;9440;13025;18.7;17.9;39;0.431;0.697;0.619;0.619;192;213;0.0952;0.204;0.0052;0.00574; 52000;4387;15831;11;8.52;41;0.0466;2.8;0.0166;0.619;0.0547;1.14;0.952;0.135;1.37e-05;0.000286; 50560;0;5;10.8;9.86;49;1.06e+04;7.13e+03;3.37e+03; 54%; 36%; 17%;1.1e+04;3.85e+03;1.07e+04; 55%; 19%; 54%;1.08e+04;7.13e+03;3.37e+03; 54%; 36%; 17%;5.19e+03;6.1e+03;5.2e+03; 26%; 31%; 26%;100;0.00123;0;0;0;0;0;0;0;94.2;2.75;0;3.1;0;0;0;0;0;100;0.00283;0;0;0;0;0;0;0;2.69;3.61;0.0337;93.7;0;0;0;0;0;95.9;103;98.4;56.7;24.4 ;33.9 ;25.9 ;23.7 ;
2017-09-04;06:43:32.493;0.271;0.929;0.292;0.619;405;462;0.122;0.273;0.00432;0.00492;33.2;29.8;9.38e+04;1.01e+05;2.14e+03;1.86;46.5;0.543;13.6;5.58e+04;47.2;5.83;0.00692;47;0;15;0;0;0;301;86.9;0.487;0.967;0.503;0.619;186;210;0.116;0.29;0.00443;0.00501; 53200;3168;12671;6.47;4.6;42;0.0572;0.362;0.158;0.619;30.5;36.5;0.164;0.259;0.00618;0.00739; 48880;3148;1272;13.9;14.6;41;0.495;1.01;0.491;0.619;189;213;0.112;0.26;0.00441;0.00496; 51360;3769;13898;6.47;4.63;44;0.0468;2.8;0.0167;0.619;0.0851;2.06;0.959;0.069;2.09e-05;0.000507; 51120;2;4;6.41;5.94;49;5.72e+03;5.97e+03;2.55e+03; 28%; 30%; 12%;8.17e+03;1.28e+03;8.1e+03; 41%;  6%; 40%;5.72e+03;5.9e+03;2.57e+03; 28%; 29%; 12%;4.26e+03;1.39e+03;4.19e+03; 21%;  7%; 21%;81.2;8.08;0;10.7;0;0;0;0;0;25.5;2.07;0;72.4;0;58.8;0;0;0;79.3;9.76;0;10.9;0;1.35;0;0;0;2.7;3.4;0.0276;93.9;0;0;0;0;0;88.6;66;94.1;52.5;18.8 ;29.3 ;20.2 ;18.6 ;
2017-09-04;06:43:33.525;0.0883;0.189;0.469;0.619;264;315;0.162;0.19;0.00861;0.0103;26.5;25.2;3.07e+04;1.63e+05;2.18e+03;0.377;9.43;0.177;4.42;3.83e+04;75.7;0.928;0.00543;23.4;0;0;0;0;0;298;78.2;0.0858;0.139;0.619;0.619;71.9;86;0.164;0.19;0.00964;0.0115; 52880;867;9185;2.39;2.35;42;0.125;0.203;0.619;0.619;116;136;0.146;0.18;0.0106;0.0124; 50160;12520;3849;19.4;17.9;40;0.0955;0.154;0.619;0.619;76.5;92.3;0.171;0.205;0.00921;0.0111; 49760;1112;9956;2.37;2.27;44;0.0466;2.78;0.0168;0.619;0.0667;1.4;0.952;0.121;1.65e-05;0.000345; 51840;3;3;2.32;2.66;49;6.21e+03;1.53e+03;693; 31%;  7%;  3%;7.99e+03;1.46e+03;7.96e+03; 40%;  7%; 40%;6.25e+03;1.49e+03;769; 31%;  7%;  3%;1.07e+03;1.88e+03;945;  5%;  9%;  4%;100;0;0;0;0;0;0;0;0;100;0.00222;0;0;0;0;0;0;0;100;0.000875;0;0;0;0;0;0;0;2.71;3.71;0.0217;93.6;0;0;0;0;0;76.1;88.4;80.5;53.2;14.4 ;34.4 ;15.6 ;13.8 ;
2017-09-04;06:43:34.553;0.0893;0.19;0.469;0.619;262;316;0.17;0.184;0.00849;0.0102;26.4;25.1;3.09e+04;1.62e+05;2.17e+03;0.381;9.52;0.179;4.46;3.83e+04;75.7;0.954;0.00508;23.3;0;0;0;0;0;297;78;0.0884;0.143;0.619;0.619;72.3;86.7;0.166;0.196;0.00945;0.0113; 53120;873;9249;2.38;2.33;42;0.124;0.2;0.619;0.619;114;136;0.162;0.166;0.0107;0.0127; 50400;12377;3789;19.4;17.8;40;0.098;0.158;0.619;0.619;75.6;91.5;0.174;0.201;0.00892;0.0108; 53360;1118;9917;2.39;2.29;44;0.0469;2.75;0.017;0.619;0.0971;1.58;0.939;0.124;2.4e-05;0.00039; 52480;4;4;2.33;2.65;49;6.23e+03;1.52e+03;703; 31%;  7%;  3%;8.01e+03;1.45e+03;7.99e+03; 40%;  7%; 40%;6.22e+03;1.5e+03;771; 31%;  7%;  3%;1.08e+03;1.86e+03;960;  5%;  9%;  4%;100;0.000495;0;0;0;0;0;0;0;100;0.000716;0;0;0;0;0;0;0;100;0.000117;0;0;0;0;0;0;0;2.75;3.82;0.0204;93.4;0;0;0;0;0;75.9;88.1;80.3;53;14.2 ;34.4 ;15.7 ;13.8 ;
2017-09-04;06:43:35.557;0.0873;0.186;0.468;0.619;253;304;0.166;0.181;0.00864;0.0104;25.7;24.4;2.93e+04;1.57e+05;2.1e+03;0.373;9.32;0.175;4.36;3.72e+04;75.7;1.2;0.00336;23.1;0;0;0;0;0;290;76.1;0.0875;0.141;0.619;0.619;70;84.2;0.169;0.191;0.00953;0.0115; 50320;864;8949;2.29;2.25;42;0.12;0.194;0.619;0.619;110;130;0.152;0.164;0.0109;0.0129; 45920;12098;3650;18.9;17.4;40;0.0945;0.153;0.619;0.619;72.8;88.1;0.174;0.196;0.00917;0.0111; 54080;1059;9558;2.29;2.2;44;0.0468;2.76;0.0169;0.619;0.087;1.35;0.936;0.118;2.21e-05;0.000343; 53040;3;9;2.24;2.56;49;6.03e+03;1.47e+03;678; 31%;  7%;  3%;7.8e+03;1.41e+03;7.76e+03; 40%;  7%; 40%;6.06e+03;1.45e+03;726; 31%;  7%;  3%;1e+03;1.82e+03;935;  5%;  9%;  4%;100;0.000792;0;0;0;0;0;0;0;100;0.00182;0;0;0;0;0;0;0;100;0.000734;0;0;0;0;0;0;0;2.74;4.81;0.0135;92.4;0;0;0;0;0;74;85.9;78.3;51.8;13.9 ;33.6 ;15.1 ;13.5 ;
2017-09-04;06:43:36.584;0.0879;0.188;0.468;0.619;263;315;0.168;0.189;0.00861;0.0103;26.4;25.1;3.05e+04;1.62e+05;2.17e+03;0.376;9.39;0.176;4.39;3.82e+04;75.6;0.869;0.0265;23.5;0;3.7;0;0;0;297;77.8;0.0936;0.151;0.619;0.619;73.1;88;0.17;0.205;0.009;0.0108; 49760;898;9265;2.41;2.35;42;0.125;0.202;0.619;0.619;115;135;0.153;0.172;0.0106;0.0125; 52080;12446;3803;19.3;17.8;40;0.0948;0.153;0.619;0.619;74.8;90.6;0.174;0.197;0.0091;0.011; 50720;1084;9881;2.36;2.27;44;0.0379;2.69;0.0141;0.619;0.102;1.49;0.931;0.238;3.12e-05;0.000452; 53040;21;8;2.31;2.65;49;6.23e+03;1.52e+03;714; 31%;  7%;  3%;7.97e+03;1.46e+03;7.98e+03; 40%;  7%; 40%;6.2e+03;1.51e+03;762; 31%;  7%;  3%;1.05e+03;1.86e+03;979;  5%;  9%;  4%;100;0.000908;0;0;0;0;0;0;0;100;0.00138;0;0;0;0;0;0;0;100;0.000617;0;0;0;0;0;0;0;2.27;3.47;0.106;94.1;0;14.8;0;0;0;76.1;88.2;80.2;52.7;14.4 ;34.3 ;15.5 ;13.7 ;
2017-09-04;06:43:37.613;0.0782;0.169;0.464;0.619;263;315;0.165;0.192;0.00974;0.0117;26.4;25.1;2.7e+04;1.6e+05;2.16e+03;0.337;8.43;0.156;3.91;3.81e+04;74.9;0.711;0.146;24.2;0;19.4;0;0;0;296;78;0.0865;0.14;0.619;0.619;71.5;85.3;0.162;0.198;0.00957;0.0114; 47760;863;9167;2.37;2.33;42;0.126;0.203;0.619;0.619;115;136;0.155;0.172;0.0106;0.0125; 49920;12402;3820;19.3;17.9;40;0.0989;0.161;0.615;0.619;76.5;92;0.169;0.215;0.00895;0.0108; 49120;1095;9834;2.37;2.28;44;0.00132;0.533;0.00248;0.6;0.175;1.71;0.898;0.241;0.00153;0.015; 52480;8;11;2.29;2.63;49;6.18e+03;1.53e+03;701; 31%;  7%;  3%;7.99e+03;1.44e+03;7.94e+03; 40%;  7%; 40%;6.24e+03;1.49e+03;762; 31%;  7%;  3%;1.06e+03;1.85e+03;955;  5%;  9%;  4%;100;0.000772;0;0;0;0;0;0;0;100;0.00258;0;0;0;0;0;0;0;99.3;0.708;0;0;0;0;0;0;0;0.414;2.13;0.585;96.9;0;77.4;0;0;0;75.8;88.2;80.3;51.8;14.2 ;34.4 ;15.6 ;13.7 ;
2017-09-04;06:43:38.642;0.0776;0.168;0.461;0.619;261;311;0.159;0.192;0.00974;0.0116;26.4;25.1;2.68e+04;1.59e+05;2.16e+03;0.336;8.41;0.155;3.88;3.82e+04;74.5;1.07;0.163;24.3;0;19;0;0;0;296;77.9;0.0876;0.141;0.619;0.619;72.1;85.5;0.157;0.199;0.00952;0.0113; 48080;858;9187;2.39;2.33;42;0.127;0.205;0.619;0.619;114;135;0.157;0.17;0.0104;0.0123; 49440;12338;3836;19.3;17.9;40;0.0946;0.156;0.605;0.619;75.1;88.8;0.154;0.214;0.00919;0.0109; 53680;963;9831;2.32;2.23;44;0.00119;0.514;0.00232;0.604;0.22;1.19;0.815;0.337;0.00213;0.0115; 51360;11;22;2.32;2.63;49;6.23e+03;1.49e+03;707; 31%;  7%;  3%;7.99e+03;1.45e+03;7.97e+03; 40%;  7%; 40%;6.25e+03;1.47e+03;757; 31%;  7%;  3%;1.05e+03;1.87e+03;978;  5%;  9%;  4%;100;0.000405;0;0;0;0;0;0;0;100;0.00186;0;0;0;0;0;0;0;97.7;2.33;0;0;0;0;0;0;0;0.384;1.96;0.653;97;0;76.1;0;0;0;75.9;88.3;80;51.7;14.3 ;34.4 ;15.5 ;13.7 ;
2017-09-04;06:43:39.670;0.0792;0.172;0.461;0.619;264;315;0.163;0.2;0.00965;0.0115;26.3;25.2;2.74e+04;1.59e+05;2.16e+03;0.343;8.59;0.158;3.96;3.82e+04;74.5;1.05;0.159;24.3;0;19.2;0;0;0;296;78;0.0876;0.141;0.619;0.619;71.9;85.9;0.162;0.198;0.00951;0.0114; 55440;849;9158;2.36;2.33;42;0.129;0.208;0.619;0.619;115;137;0.16;0.176;0.0104;0.0124; 49440;12267;3863;19.2;17.9;40;0.0995;0.165;0.605;0.619;76.7;91.2;0.159;0.234;0.00893;0.0106; 49440;980;9805;2.38;2.3;44;0.00114;0.495;0.00229;0.602;0.211;1.12;0.811;0.358;0.00215;0.0114; 50720;11;5;2.33;2.66;49;6.18e+03;1.52e+03;697; 31%;  7%;  3%;7.99e+03;1.45e+03;7.92e+03; 40%;  7%; 40%;6.3e+03;1.49e+03;774; 31%;  7%;  3%;1.08e+03;1.87e+03;954;  5%;  9%;  4%;100;0.00104;0;0;0;0;0;0;0;100;0.000693;0;0;0;0;0;0;0;97.7;2.29;0;0;0;0;0;0;0;0.381;1.93;0.635;97.1;0;76.9;0;0;0;75.8;88.3;80.2;51.7;14.3 ;34.4 ;15.6 ;13.7 ;
2017-09-04;06:43:40.700;0.0764;0.166;0.461;0.619;260;309;0.159;0.189;0.00985;0.0117;26.3;25.1;2.64e+04;1.6e+05;2.16e+03;0.331;8.28;0.153;3.82;3.81e+04;74.5;1.02;0.167;24.3;0;19.4;0;0;0;296;77.9;0.085;0.137;0.619;0.619;71.3;85;0.161;0.194;0.00971;0.0116; 50880;827;9170;2.36;2.31;42;0.123;0.198;0.619;0.619;113;133;0.151;0.166;0.0107;0.0126; 49280;12429;3780;19.4;17.9;40;0.097;0.16;0.606;0.619;75.4;89.9;0.161;0.216;0.00899;0.0107; 48960;901;9740;2.32;2.24;44;0.000992;0.465;0.00214;0.605;0.214;0.888;0.759;0.389;0.0025;0.0103; 49280;12;0;2.3;2.62;49;6.2e+03;1.51e+03;697; 31%;  7%;  3%;7.99e+03;1.44e+03;7.95e+03; 40%;  7%; 40%;6.24e+03;1.49e+03;766; 31%;  7%;  3%;1.07e+03;1.85e+03;952;  5%;  9%;  4%;100;0.000277;0;0;0;0;0;0;0;100;0.00366;0;0;0;0;0;0;0;97.8;2.17;0;0;0;0;0;0;0;0.353;1.91;0.668;97.1;0;77.6;0;0;0;75.9;88.3;80.2;51.7;14.2 ;34.4 ;15.5 ;13.8 ;
2017-09-04;06:43:41.727;0.0772;0.167;0.461;0.619;262;314;0.167;0.191;0.0098;0.0118;26.3;25.1;2.67e+04;1.59e+05;2.16e+03;0.335;8.37;0.154;3.86;3.81e+04;74.5;1.56;0.154;23.7;0;11.6;0;0;0;295;78;0.0813;0.131;0.619;0.619;71.1;84.3;0.157;0.186;0.0101;0.012; 52480;823;9152;2.36;2.31;42;0.124;0.2;0.619;0.619;114;136;0.163;0.167;0.0106;0.0127; 48560;12317;3827;19.2;17.9;40;0.102;0.169;0.605;0.619;76.8;92.8;0.173;0.226;0.00869;0.0105; 47520;918;9846;2.38;2.26;44;0.00117;0.503;0.00233;0.609;0.209;1.22;0.829;0.335;0.00206;0.0121; 48400;13;1;2.3;2.62;49;6.21e+03;1.5e+03;693; 31%;  7%;  3%;7.97e+03;1.44e+03;7.95e+03; 40%;  7%; 40%;6.26e+03;1.47e+03;760; 31%;  7%;  3%;1.06e+03;1.85e+03;943;  5%;  9%;  4%;100;0.000731;0;0;0;0;0;0;0;100;0.000262;0;0;0;0;0;0;0;97.7;2.33;0;0;0;0;0;0;0;0.382;3.92;0.615;95.1;0;46.4;0;0;0;75.4;88;80.2;51.7;14.2 ;34.4 ;15.6 ;13.8 ;
2017-09-04;06:43:42.757;0.0778;0.169;0.461;0.619;261;311;0.16;0.195;0.00972;0.0116;26.3;25.1;2.69e+04;1.59e+05;2.16e+03;0.337;8.43;0.156;3.89;3.82e+04;74.5;1.08;0.175;24.3;0;19.3;0;0;0;296;77.9;0.0874;0.141;0.619;0.619;71.9;85.7;0.162;0.201;0.00953;0.0114; 50480;862;9184;2.38;2.33;42;0.127;0.205;0.619;0.619;114;134;0.152;0.174;0.0104;0.0123; 54080;12298;3856;19.3;17.9;40;0.0959;0.159;0.604;0.619;75;89.1;0.158;0.217;0.00905;0.0107; 53920;959;9804;2.31;2.24;44;0.0012;0.517;0.00232;0.602;0.194;1.48;0.869;0.267;0.00187;0.0143; 47360;8;4;2.3;2.63;49;6.22e+03;1.5e+03;702; 31%;  7%;  3%;7.97e+03;1.45e+03;7.96e+03; 40%;  7%; 40%;6.24e+03;1.47e+03;757; 31%;  7%;  3%;1.05e+03;1.87e+03;958;  5%;  9%;  4%;100;0.00155;0;0;0;0;0;0;0;100;0.00161;0;0;0;0;0;0;0;97.6;2.35;0;0;0;0;0;0;0;0.384;1.96;0.701;97;0;77.1;0;0;0;75.9;88.4;80.2;51.7;14.3 ;34.4 ;15.5 ;13.7 ;
2017-09-04;06:43:43.783;0.0764;0.166;0.461;0.619;261;312;0.165;0.191;0.0099;0.0118;26.2;25;2.64e+04;1.59e+05;2.16e+03;0.331;8.28;0.153;3.82;3.81e+04;74.5;1.02;0.117;24.3;0;19.6;0;0;0;295;77.7;0.0848;0.137;0.619;0.619;71.8;85.2;0.158;0.198;0.00979;0.0116; 46880;839;9177;2.34;2.3;42;0.125;0.202;0.619;0.619;114;135;0.16;0.169;0.0106;0.0126; 48240;12318;3787;19.2;17.9;40;0.0948;0.157;0.605;0.619;75.2;90.9;0.172;0.211;0.0092;0.0111; 48000;1020;9786;2.37;2.27;44;0.000993;0.465;0.00214;0.604;0.203;0.965;0.79;0.355;0.00237;0.0113; 46960;13;0;2.29;2.61;49;6.22e+03;1.48e+03;693; 31%;  7%;  3%;7.95e+03;1.43e+03;7.96e+03; 40%;  7%; 40%;6.25e+03;1.47e+03;752; 31%;  7%;  3%;1.06e+03;1.84e+03;947;  5%;  9%;  4%;100;0;0;0;0;0;0;0;0;100;0.0011;0;0;0;0;0;0;0;97.7;2.27;0;0;0;0;0;0;0;0.354;1.81;0.467;97.4;0;78.6;0;0;0;75.5;88;79.8;51.5;14.1 ;34.4 ;15.6 ;13.7 ;
2017-09-04;06:43:44.813;0.0785;0.17;0.461;0.619;262;312;0.161;0.196;0.00965;0.0115;26.3;25.1;2.71e+04;1.59e+05;2.15e+03;0.34;8.51;0.157;3.92;3.81e+04;74.5;1.14;0.167;24.2;0;18.8;0;0;0;297;78.1;0.0866;0.14;0.619;0.619;72.2;85.5;0.156;0.206;0.00966;0.0114; 50400;831;9213;2.35;2.32;42;0.125;0.202;0.619;0.619;114;135;0.157;0.168;0.0105;0.0125; 48880;12305;3848;19.3;17.9;40;0.101;0.167;0.604;0.619;75.6;90;0.16;0.224;0.00868;0.0103; 49600;914;9818;2.34;2.27;44;0.00146;0.58;0.00252;0.604;0.226;1.46;0.845;0.297;0.00179;0.0115; 48800;9;5;2.29;2.63;49;6.22e+03;1.52e+03;696; 31%;  7%;  3%;7.98e+03;1.43e+03;7.95e+03; 40%;  7%; 40%;6.24e+03;1.49e+03;766; 31%;  7%;  3%;1.06e+03;1.85e+03;947;  5%;  9%;  4%;100;0.000585;0;0;0;0;0;0;0;100;0.00317;0;0;0;0;0;0;0;97.6;2.38;0;0;0;0;0;0;0;0.417;2.19;0.668;96.7;0;75.3;0;0;0;75.9;88.4;80.4;51.8;14.3 ;34.5 ;15.6 ;13.8 ;
2017-09-04;06:43:45.841;0.0769;0.167;0.462;0.619;262;312;0.162;0.194;0.00983;0.0117;26.3;25.1;2.66e+04;1.6e+05;2.16e+03;0.333;8.33;0.154;3.84;3.82e+04;74.6;2.26;0.226;23;0;9.43;0;0;0;296;77.8;0.0871;0.141;0.619;0.619;72.3;85.7;0.156;0.203;0.00959;0.0114; 52880;863;9212;2.37;2.32;42;0.122;0.196;0.619;0.619;113;134;0.152;0.167;0.0108;0.0127; 47680;12377;3777;19.3;17.9;40;0.0975;0.161;0.605;0.619;75.6;90.9;0.168;0.222;0.00897;0.0108; 52400;1032;9964;2.34;2.25;44;0.00132;0.506;0.00261;0.612;0.231;1.53;0.849;0.3;0.00202;0.0134; 49600;9;0;2.33;2.65;49;6.22e+03;1.51e+03;702; 31%;  7%;  3%;7.96e+03;1.45e+03;7.96e+03; 40%;  7%; 40%;6.23e+03;1.48e+03;764; 31%;  7%;  3%;1.07e+03;1.86e+03;962;  5%;  9%;  4%;100;0.000864;0;0;0;0;0;0;0;100;0.000782;0;0;0;0;0;0;0;97.7;2.29;0;0;0;0;0;0;0;0.427;6.77;0.906;91.9;0;37.7;0;0;0;75.7;88.1;80;52.2;14.3 ;34.2 ;15.5 ;13.9 ;
2017-09-04;06:43:46.870;0.0866;0.191;0.453;0.619;267;320;0.166;0.218;0.00893;0.0107;26.5;25.4;2.99e+04;1.56e+05;2.16e+03;0.383;9.57;0.173;4.33;3.86e+04;73.1;2.96;0.182;23.7;0;9.91;0;0;0;297;78.4;0.0878;0.142;0.619;0.619;71.8;86.2;0.167;0.193;0.00947;0.0114; 46960;863;9155;2.42;2.39;42;0.155;0.265;0.586;0.619;120;143;0.161;0.225;0.00892;0.0106; 51600;12369;4040;19.3;17.9;40;0.102;0.17;0.604;0.619;75.5;90.4;0.165;0.225;0.00854;0.0102; 52080;1034;9829;2.4;2.32;44;0.000985;0.466;0.00211;0.61;0.212;0.859;0.753;0.412;0.0025;0.0101; 48720;14;2;2.4;2.74;49;6.24e+03;1.53e+03;714; 31%;  7%;  3%;8.03e+03;1.51e+03;7.98e+03; 40%;  7%; 40%;6.3e+03;1.5e+03;766; 31%;  7%;  3%;1.05e+03;1.96e+03;979;  5%;  9%;  4%;100;0.000941;0;0;0;0;0;0;0;94.6;5.28;0;0.0801;0;0;0;0;0;97.5;2.47;0;0;0;0;0;0;0;0.347;4.08;0.729;94.8;0;39.6;0;0;0;75.8;89.1;80.3;51.9;14.4 ;34.4 ;15.6 ;14 ;
2017-09-04;06:43:47.890;0.126;0.298;0.424;0.619;288;352;0.182;0.322;0.00664;0.00812;26.7;26.7;4.34e+04;1.46e+05;2.16e+03;0.595;14.9;0.252;6.3;4.21e+04;68.4;6.04;0.149;25.4;0;19.5;0;0;0;299;79.8;0.0934;0.151;0.619;0.619;75.4;90;0.163;0.197;0.00936;0.0112; 50320;892;9640;2.74;2.74;43;0.311;0.664;0.468;0.619;133;168;0.207;0.412;0.00497;0.00627; 52880;11069;5697;18.5;18.1;39;0.0986;0.163;0.604;0.619;79.4;93.3;0.149;0.223;0.00937;0.011; 53440;1079;10292;2.75;2.71;44;0.000901;0.453;0.00199;0.604;0.195;0.77;0.747;0.411;0.00252;0.00995; 48880;12;2;2.72;3.12;49;6.82e+03;1.59e+03;757; 34%;  8%;  3%;8.67e+03;1.8e+03;8.58e+03; 44%;  9%; 43%;6.97e+03;1.57e+03;824; 35%;  7%;  4%;1.13e+03;2.36e+03;1.02e+03;  5%; 11%;  5%;100;0;0;0;0;0;0;0;0;75.7;20;0;4.33;0;0;0;0;0;97.5;2.46;0;0;0;0;0;0;0;0.33;1.69;0.598;97.4;0;78.3;0;0;0;75.8;91.9;80.1;51.5;14.9 ;34.1 ;16.4 ;14.5 ;
2017-09-04;06:43:48.911;0.0795;0.258;0.309;0.619;225;271;0.171;0.26;0.00824;0.00994;22.3;25.2;2.73e+04;1.06e+05;2.14e+03;0.516;12.9;0.159;3.98;4.72e+04;49.8;5.24;0.134;44.8;0;23.9;0;0;0;279;74.4;0.12;0.195;0.615;0.619;105;125;0.155;0.181;0.0103;0.0121; 52560;1203;13532;2.09;1.88;43;0.0581;2.84;0.0205;0.619;4.92;11.6;0.577;0.72;0.000989;0.00234; 47520;155;405;16.1;19.3;41;0.139;0.234;0.597;0.619;114;134;0.148;0.217;0.00957;0.0112; 47280;1389;14525;2.07;1.78;44;0.000999;0.484;0.00206;0.604;0.212;0.833;0.745;0.43;0.00248;0.00972; 48960;10;12;1.98;2.32;49;7.44e+03;2.08e+03;861; 37%; 10%;  4%;1.09e+04;1e+03;1.06e+04; 55%;  5%; 54%;7.66e+03;2.04e+03;956; 39%; 10%;  4%;1.37e+03;1.01e+03;1.24e+03;  7%;  5%;  6%;99.3;0.674;0;0;0;0;0;0;0;3.31;15.1;0;81.6;0;18.8;0;0;0;96.4;3.4;0;0.213;0;0;0;0;0;0.342;1.83;0.537;97.3;0;76.7;0;0;0;77.6;67.7;82.3;51.2;13.5 ;33.3 ;14.5 ;13.1 ;
2017-09-04;06:43:49.930;0.0818;0.278;0.294;0.619;231;276;0.163;0.272;0.00823;0.00984;22.3;25.4;2.8e+04;1.01e+05;2.14e+03;0.557;13.9;0.164;4.09;4.71e+04;47.5;14.7;0.159;37.6;0;17.5;0;0;0;281;74.6;0.146;0.248;0.59;0.619;111;132;0.157;0.228;0.00888;0.0105; 49760;1168;13408;2.14;1.88;42;0.0215;2.81;0.00765;0.619;1.84;4.25;0.567;0.812;0.000997;0.0023; 51680;62;157;16;19.3;41;0.158;0.274;0.575;0.619;117;138;0.154;0.243;0.00869;0.0103; 49520;1604;14815;2.09;1.77;44;0.00175;0.72;0.00243;0.608;0.289;0.836;0.654;0.572;0.00193;0.00558; 48800;22;29;2.07;2.39;49;7.4e+03;2.16e+03;932; 37%; 11%;  4%;1.08e+04;934;1.05e+04; 55%;  4%; 53%;7.61e+03;2.09e+03;1.01e+03; 38%; 10%;  5%;1.44e+03;934;1.34e+03;  7%;  4%;  6%;95.3;4.74;0;0;0;0;0;0;0;1.24;45;0;53.8;0;0;0;0;0;92.9;7.06;0;0.00303;0;0;0;0;0;0.399;2.19;0.635;96.8;0;70.2;0;0;0;78.1;68.5;82.8;51.2;13.5 ;33.3 ;14.5 ;13.3 ;
2017-09-04;06:43:50.946;0.118;0.451;0.261;0.619;254;308;0.176;0.336;0.0063;0.00765;22.7;26.5;4.02e+04;8.92e+04;2.14e+03;0.902;22.6;0.235;5.88;4.78e+04;42.1;10.7;0.141;47;0;31.6;0;0;0;281;76.3;0.209;0.392;0.532;0.619;119;144;0.17;0.316;0.0067;0.00807; 53920;1394;14094;2.4;2.16;42;0.0182;2.86;0.00638;0.619;1.53;3.15;0.516;0.736;0.00098;0.00203; 51840;52;129;15.5;19.5;42;0.243;0.483;0.504;0.619;132;160;0.171;0.334;0.00637;0.00769; 48880;1858;15203;2.44;2.07;44;0.000728;0.4;0.00182;0.603;0.184;0.752;0.755;0.335;0.00296;0.0121; 47760;10;13;2.36;2.75;49;7.34e+03;2.48e+03;1.03e+03; 37%; 12%;  5%;1.05e+04;868;1.02e+04; 53%;  4%; 52%;7.68e+03;2.43e+03;1.2e+03; 39%; 12%;  6%;1.71e+03;869;1.49e+03;  8%;  4%;  7%;85.9;13.9;0;0.243;0;0;0;0;0;1.03;11.7;0;87.3;0;48.2;0;0;0;81.3;15.6;0;3.04;0;0;0;0;0;0.302;1.71;0.565;97.4;0;78.3;0;0;0;79.9;65.3;84.8;51;14.2 ;33.1 ;15.2 ;13.9 ;
2017-09-04;06:43:51.983;0.152;0.676;0.225;0.619;229;276;0.172;0.435;0.00435;0.00525;27.6;37.4;5.26e+04;7.78e+04;2.14e+03;1.35;33.8;0.304;7.61;5.4e+04;36.4;15.1;0.141;48.4;0;16;0;0;0;276;83.9;0.34;0.86;0.396;0.619;129;158;0.188;0.433;0.00439;0.00541; 49120;3615;16217;6.02;7.48;40;0.0614;0.283;0.217;0.619;35.5;36.7;0.0315;0.088;0.0067;0.00692; 51360;2500;7511;9.63;13.3;41;0.207;0.723;0.287;0.619;64.2;79.8;0.196;0.523;0.00358;0.00445; 48000;2973;9955;6.02;7.64;42;0.000796;0.376;0.00211;0.604;0.192;0.994;0.807;0.262;0.00278;0.0144; 48160;7;0;5.95;8.96;48;8.05e+03;5.1e+03;2.65e+03; 40%; 25%; 13%;5.29e+03;2.2e+03;9.23e+03; 26%; 11%; 46%;5.08e+03;5.33e+03;2.37e+03; 25%; 27%; 12%;2.81e+03;2.53e+03;3.33e+03; 14%; 12%; 16%;63.9;18;0;18.1;0;0;0;0;0;35.1;28.4;0;36.5;0;0;0;0;0;46.3;10.9;0;42.7;0;0;0;0;0;0.35;3.26;0.563;95.8;0;63.8;0;0;0;82.3;68.8;75.5;49.6;19.1 ;25.3 ;20.4 ;19 ;
2017-09-04;06:43:53.019;0.107;0.23;0.465;0.619;284;291;0.0221;0.0149;0.00764;0.00781;47.9;68;3.72e+04;1.62e+05;2.18e+03;0.46;11.5;0.214;5.34;9.13e+04;75.1;1.81;0.177;22.9;0;0;0;0;0;340;119;0.118;0.19;0.619;0.619;80;81.4;0.0183;0.0144;0.00781;0.00795; 50000;5423;16194;12;16.8;40;0.151;0.243;0.619;0.619;99.8;101;0.0154;0.0131;0.00761;0.00773; 49600;6910;20788;12;16.2;41;0.158;0.255;0.619;0.619;104;106;0.0151;0.0131;0.0076;0.00772; 53600;7249;21749;12;15.9;41;0.0013;0.455;0.00286;0.619;0.192;1.97;0.902;0.188;0.0017;0.0174; 48720;9;6;11.9;19;48;9.51e+03;9.81e+03;4.1e+03; 47%; 49%; 20%;1.08e+04;5.11e+03;9.29e+03; 54%; 25%; 46%;1.08e+04;9.56e+03;5.35e+03; 54%; 47%; 26%;6.24e+03;5.96e+03;4.77e+03; 31%; 29%; 23%;100;0.0405;0;0;0;0;0;0;0;99.9;0.0519;0;0;0;0;0;0;0;100;0.0452;0;0;0;0;0;0;0;0.462;7.1;0.707;91.7;0;0;0;0;0;91.3;91.2;99.6;58.4;29.6 ;29.7 ;30.3 ;29.6 ;
2017-09-04;06:43:54.040;0.206;0.537;0.384;0.619;438;467;0.0635;0.152;0.00615;0.00657;45.1;49.6;7.12e+04;1.33e+05;2.17e+03;1.07;26.8;0.413;10.3;7.82e+04;62.1;2.29;0.192;35.4;0;23.4;0;0;0;321;106;0.284;0.474;0.598;0.619;159;168;0.051;0.129;0.00649;0.00684; 41280;6048;19714;10.3;10.2;40;0.317;0.661;0.479;0.619;161;174;0.0716;0.17;0.00589;0.00634; 43120;6804;13867;14.4;15.7;39;0.223;0.488;0.456;0.619;117;125;0.0608;0.156;0.00611;0.0065; 59680;3865;13356;10.2;11;42;0.0012;0.528;0.00227;0.607;0.212;1.34;0.842;0.238;0.00205;0.013; 49680;8;1;10.2;12.6;48;9.77e+03;7.54e+03;4.41e+03; 49%; 38%; 22%;8.43e+03;3.63e+03;9.93e+03; 42%; 18%; 50%;8.52e+03;7.87e+03;3.08e+03; 43%; 39%; 15%;4.13e+03;5.11e+03;5.79e+03; 20%; 25%; 29%;96.7;1.56;0;1.79;0;0;0;0;0;77.5;1.48;0.000632;21.1;0;13.5;0;0;0;73.6;3.2;0;23.2;0;20.3;0;0;0;0.375;2.95;0.768;95.9;0;59.9;0;0;0;89.8;89.1;86.1;56;24.8 ;30.4 ;26.3 ;25 ;
2017-09-04;06:43:55.060;0.338;0.728;0.465;0.619;601;656;0.0847;0.207;0.00518;0.00566;50.3;42;1.16e+05;1.59e+05;2.14e+03;1.46;36.4;0.676;16.9;8.05e+04;75.1;0.867;0.153;23.9;0;13.9;0;0;0;342;105;0.416;0.672;0.619;0.619;178;193;0.081;0.209;0.00498;0.00542; 52000;3477;13172;10.5;7.77;40;0.564;0.912;0.619;0.619;253;276;0.0862;0.212;0.00522;0.00571; 45760;10024;15387;18.9;17.3;39;0.371;0.599;0.619;0.619;170;185;0.0785;0.198;0.00535;0.00581; 60400;3737;14533;10.5;7.87;43;0.00123;0.549;0.00224;0.606;0.161;1.79;0.91;0.203;0.00153;0.017; 49280;8;1;10.4;9.04;49;1.05e+04;6.3e+03;3.06e+03; 53%; 32%; 15%;1.05e+04;3.86e+03;1.03e+04; 53%; 19%; 52%;1.07e+04;6.45e+03;3.07e+03; 54%; 32%; 15%;4.7e+03;6.34e+03;4.85e+03; 23%; 32%; 24%;100;0.000249;0;0;0;0;0;0;0;100;0.00164;0;0;0;0;0;0;0;100;0.000509;0;0;0;0;0;0;0;0.369;3.47;0.61;95.6;0;55.7;0;0;0;90.2;103;93.6;55.4;23.7 ;33.7 ;25.1 ;23 ;
2017-09-04;06:43:56.081;0.336;0.721;0.466;0.619;599;655;0.0858;0.205;0.0052;0.00569;50.6;42.5;1.15e+05;1.6e+05;2.14e+03;1.44;36;0.672;16.8;8.1e+04;75.3;2.17;0.194;22.3;0;0;0;0;0;343;107;0.403;0.651;0.619;0.619;177;193;0.0827;0.205;0.00513;0.00559; 45840;3763;14034;10.6;7.85;40;0.561;0.906;0.619;0.619;253;277;0.087;0.211;0.00527;0.00577; 54480;9540;15024;19;17.5;39;0.363;0.587;0.619;0.619;169;184;0.0797;0.196;0.00543;0.0059; 50720;3770;14781;10.6;8;42;0.0174;2.25;0.00776;0.619;0.234;1.79;0.869;0.368;0.000157;0.0012; 48880;18;4;10.5;9.18;48;1.06e+04;6.35e+03;3.12e+03; 53%; 32%; 15%;1.05e+04;3.89e+03;1.03e+04; 53%; 19%; 52%;1.07e+04;6.5e+03;3.07e+03; 54%; 33%; 15%;4.7e+03;6.38e+03;4.9e+03; 23%; 32%; 25%;100;0.000347;0;0;0;0;0;0;0;100;0.000882;0;0;0;0;0;0;0;100;0.000984;0;0;0;0;0;0;0;1.25;8.68;0.774;89.3;0;0;0;0;0;90;103;93.6;56.3;23.8 ;34 ;25.4 ;23.3 ;
2017-09-04;06:43:57.101;0.357;0.822;0.434;0.619;593;650;0.0875;0.22;0.00485;0.00532;49.3;42;1.22e+05;1.49e+05;2.14e+03;1.64;41.1;0.713;17.8;8.12e+04;70.1;4.06;0.00725;25.8;0;0;0;0;0;342;105;0.446;0.721;0.619;0.619;195;212;0.0803;0.205;0.00511;0.00555; 52800;4069;15119;10.4;7.54;41;0.52;1.08;0.483;0.619;205;228;0.0994;0.254;0.00461;0.00512; 51840;7348;12250;18.2;17.8;40;0.414;0.671;0.617;0.619;193;209;0.0783;0.197;0.00543;0.00589; 56480;4110;16278;10.4;7.66;43;0.0465;2.82;0.0165;0.619;0.0523;0.837;0.938;0.164;1.31e-05;0.00021; 49120;0;9;10.3;9.04;48;1e+04;6.91e+03;3.25e+03; 51%; 35%; 16%;1.08e+04;3.41e+03;1.05e+04; 55%; 17%; 53%;1.03e+04;7e+03;3.26e+03; 52%; 35%; 16%;5.09e+03;5.46e+03;5.18e+03; 25%; 27%; 26%;100;0.00112;0;0;0;0;0;0;0;78;7.45;0;14.6;0;0;0;0;0;99.7;0.346;0;0;0;0;0;0;0;2.66;8.47;0.029;88.8;0;0;0;0;0;91.4;98.3;95.4;56.8;23.4 ;33.8 ;25 ;23.2 ;
2017-09-04;06:43:58.201;0.267;1.34;0.199;0.619;372;415;0.104;0.29;0.00401;0.00447;33;28.6;9.28e+04;6.93e+04;2.14e+03;2.68;67;0.533;13.3;5.7e+04;32.1;9.57;0.00484;58.3;0;3.56;0;0;0;292;87.8;0.417;1.11;0.375;0.619;165;182;0.0963;0.257;0.00461;0.0051; 50720;3276;11969;7.15;4.93;41;0.0396;2.92;0.0136;0.619;3.77;5.91;0.363;0.593;0.00111;0.00174; 51760;110;335;11.5;12.6;42;0.563;1.43;0.393;0.619;203;227;0.103;0.301;0.00411;0.00458; 65520;4348;15919;7.21;4.78;43;0.0479;2.84;0.0169;0.619;0.0773;0.345;0.776;0.295;1.81e-05;8.09e-05; 49680;1;6;7.18;6.35;49;5.22e+03;6.53e+03;2.59e+03; 26%; 32%; 13%;8.12e+03;1.38e+03;7.19e+03; 40%;  6%; 36%;5.79e+03;6.27e+03;2.94e+03; 29%; 31%; 14%;4.99e+03;1.58e+03;4.36e+03; 25%;  7%; 21%;60.7;5.66;0;33.7;0;14.5;0;0;0;2.19;9.17;0;88.6;0;0;0;0;0;63.4;15.2;0;21.4;0;0;0;0;0;2.72;8.15;0.0189;89.1;0;0;0;0;0;82.4;62.4;94.3;52.9;19.7 ;27.1 ;21.1 ;19.9 ;
2017-09-04;06:43:59.353;0.369;0.804;0.46;0.619;736;820;0.103;0.224;0.00493;0.0055;58.8;50.5;1.49e+05;1.86e+05;2.32e+03;1.61;40.2;0.739;18.5;9.47e+04;74.2;3.97;0.00816;21.8;0;0.0749;0;0;0;402;123;0.414;0.68;0.608;0.619;208;231;0.0974;0.223;0.00505;0.0056; 48240;4132;16002;12.4;9.63;40;0.58;0.943;0.614;0.619;307;343;0.103;0.217;0.00516;0.00575; 54000;10536;18283;21.6;19.9;39;0.433;0.728;0.595;0.619;220;245;0.101;0.236;0.00501;0.00557; 47040;4914;18925;12.5;9.71;41;0.0453;2.77;0.0163;0.619;0.148;2.26;0.935;0.0918;3.25e-05;0.000499; 49440;4;4;12.4;11.2;48;1.21e+04;7.79e+03;3.68e+03; 52%; 33%; 15%;1.21e+04;4.59e+03;1.19e+04; 52%; 19%; 51%;1.22e+04;7.72e+03;3.78e+03; 52%; 33%; 16%;5.81e+03;7.36e+03;5.63e+03; 25%; 31%; 24%;98.2;1.23;0;0.561;0;0.304;0;0;0;99.2;0.405;0;0.355;0;0;0;0;0;96.1;3.64;0;0.271;0;0;0;0;0;2.64;10.7;0.0329;86.7;0;0;0;0;0;106;117;114;64.8;27.5 ;38.5 ;29.4 ;27.4 ;
2017-09-04;06:44:00.373;0.36;0.766;0.47;0.619;627;696;0.0996;0.205;0.00501;0.00556;51.6;44.6;1.25e+05;1.63e+05;2.41e+03;1.53;38.3;0.72;18;8.34e+04;75.9;2.21;0.00493;21.8;0;0;0;0;0;350;108;0.404;0.653;0.619;0.619;186;206;0.094;0.201;0.00514;0.00567; 45120;3809;14585;10.9;8.46;40;0.578;0.934;0.619;0.619;258;287;0.103;0.213;0.00516;0.00575; 46960;9111;16483;19;17.7;39;0.407;0.659;0.618;0.619;183;202;0.0955;0.201;0.00523;0.00578; 53840;4051;17277;10.9;8.54;42;0.0467;2.8;0.0166;0.619;0.0874;1.31;0.933;0.124;2.18e-05;0.000327; 50560;6;1;10.8;9.89;49;1.07e+04;6.77e+03;3.21e+03; 53%; 34%; 16%;1.08e+04;4.07e+03;1.05e+04; 54%; 20%; 52%;1.09e+04;6.77e+03;3.29e+03; 54%; 34%; 16%;5.01e+03;6.51e+03;4.93e+03; 25%; 32%; 24%;100;0;0;0;0;0;0;0;0;100;0;0;0;0;0;0;0;0;99.8;0.216;0;0;0;0;0;0;0;2.69;8.74;0.02;88.6;0;0;0;0;0;91.2;104;98;57.1;24.3 ;33.9 ;25.9 ;23.8 ;
2017-09-04;06:44:01.389;0.369;0.803;0.46;0.619;618;687;0.101;0.211;0.00489;0.00544;51.4;44.5;1.26e+05;1.57e+05;2.14e+03;1.61;40.1;0.739;18.5;8.4e+04;74.3;3.22;0.00572;22.5;0;0;0;0;0;349;108;0.418;0.675;0.619;0.619;184;203;0.0936;0.201;0.00515;0.00569; 48080;3791;14669;10.9;8.39;40;0.599;1.02;0.585;0.619;245;275;0.108;0.229;0.00479;0.00537; 51680;7725;14469;18.7;17.8;38;0.414;0.668;0.619;0.619;188;208;0.0943;0.198;0.00532;0.00588; 49600;3946;17205;10.9;8.48;41;0.0466;2.81;0.0166;0.619;0.089;1.12;0.92;0.136;2.24e-05;0.000281; 51120;4;3;10.8;9.88;48;1.06e+04;6.94e+03;3.28e+03; 54%; 35%; 16%;1.09e+04;3.94e+03;1.05e+04; 56%; 20%; 53%;1.09e+04;6.95e+03;3.36e+03; 55%; 35%; 17%;5.11e+03;6.33e+03;5.05e+03; 26%; 32%; 25%;100;0.00322;0;0;0;0;0;0;0;94.5;3.82;0;1.64;0;0;0;0;0;100;0.00201;0;0;0;0;0;0;0;2.67;9.07;0.0229;88.2;0;0;0;0;0;92.4;104;96.4;57;24 ;33.9 ;25.7 ;23.9 ;
2017-09-04;06:44:02.419;0.303;1.17;0.26;0.619;455;509;0.106;0.268;0.00436;0.00488;36.4;33.4;1.04e+05;8.95e+04;2.13e+03;2.33;58.3;0.606;15.2;6.4e+04;42;8.47;0.0725;49.5;0;9.92;0;0;0;309;91;0.571;1.06;0.54;0.619;239;263;0.0938;0.213;0.00487;0.00538; 49840;4186;16333;7.72;5.38;42;0.0561;1.61;0.0349;0.619;8.12;11.9;0.318;0.624;0.00168;0.00247; 51280;439;559;13.1;15.1;42;0.552;1.22;0.453;0.619;208;234;0.109;0.289;0.00438;0.00491; 47520;4084;17230;7.79;5.68;45;0.0347;2.7;0.0128;0.619;0.159;0.518;0.692;0.592;5.32e-05;0.000173; 51040;19;12;7.73;7.26;49;6.54e+03;7.23e+03;3.29e+03; 33%; 36%; 16%;8.16e+03;1.29e+03;9.42e+03; 41%;  6%; 47%;5.72e+03;7.54e+03;3.07e+03; 29%; 38%; 15%;4.96e+03;1.31e+03;5.48e+03; 25%;  6%; 27%;87.2;4.74;0.0123;8.08;0;0;0;0;0;5.64;5.5;0;88.9;0;39.7;0;0;0;73.2;10.5;0;16.3;0;0;0;0;0;2.07;13.1;0.277;84.5;0;0;0;0;0;94.2;63.2;97.9;53.9;20.1 ;28.9 ;21.9 ;20.2 ;
2017-09-04;06:44:03.448;0.0788;0.17;0.462;0.619;261;314;0.167;0.19;0.0096;0.0115;26.4;25;2.72e+04;1.6e+05;2.16e+03;0.341;8.52;0.158;3.94;3.81e+04;74.7;3.01;0.273;22;0;0;0;0;0;295;78.1;0.0922;0.15;0.614;0.619;72.6;87.5;0.171;0.199;0.0091;0.011; 47760;945;9236;2.41;2.34;42;0.124;0.201;0.619;0.619;114;134;0.149;0.175;0.0106;0.0125; 51280;11996;3815;19.4;17.8;41;0.0973;0.158;0.615;0.619;74.8;90.7;0.175;0.203;0.00889;0.0108; 53520;1006;9693;2.34;2.25;43;0.00133;0.596;0.00223;0.619;0.203;1.66;0.878;0.221;0.00176;0.0144; 52000;6;0;2.3;2.63;49;6.19e+03;1.52e+03;728; 31%;  7%;  3%;7.97e+03;1.44e+03;7.96e+03; 40%;  7%; 40%;6.16e+03;1.49e+03;751; 31%;  7%;  3%;1.04e+03;1.85e+03;985;  5%;  9%;  4%;99.2;0.805;0;0;0;0;0;0;0;99.9;0.0719;0;0;0;0;0;0;0;99.3;0.697;0;0;0;0;0;0;0;0.36;10.5;1.09;88.1;0;0;0;0;0;75.7;87.5;79.7;52.1;14.4 ;34.4 ;15.6 ;13.7 ;
2017-09-04;06:44:04.475;0.0771;0.166;0.465;0.619;262;314;0.166;0.187;0.00984;0.0118;26.4;25;2.66e+04;1.61e+05;2.16e+03;0.332;8.29;0.154;3.85;3.81e+04;75.1;2.36;0.176;22.4;0;0;0;0;0;296;77.9;0.088;0.142;0.619;0.619;71.9;87.4;0.177;0.182;0.00946;0.0115; 48800;906;9209;2.38;2.32;42;0.127;0.205;0.619;0.619;115;136;0.151;0.183;0.0105;0.0124; 46320;11997;3870;19.3;17.8;40;0.0919;0.148;0.619;0.619;74.4;88.8;0.162;0.195;0.00938;0.0112; 51520;987;9715;2.34;2.26;44;0.00156;0.632;0.00247;0.619;0.165;1.79;0.908;0.228;0.00122;0.0132; 52080;5;4;2.33;2.66;49;6.19e+03;1.5e+03;722; 31%;  7%;  3%;7.98e+03;1.46e+03;7.93e+03; 40%;  7%; 40%;6.21e+03;1.49e+03;746; 31%;  7%;  3%;1.03e+03;1.88e+03;998;  5%;  9%;  5%;100;0.00105;0;0;0;0;0;0;0;100;0.00117;0;0;0;0;0;0;0;100;0.000164;0;0;0;0;0;0;0;0.4;9.45;0.705;89.4;0;0;0;0;0;75.8;88.1;79.9;52.3;14.3 ;34.3 ;15.5 ;13.8 ;
2017-09-04;06:44:05.505;0.077;0.166;0.465;0.619;261;313;0.167;0.184;0.0098;0.0118;26.4;25.1;2.66e+04;1.61e+05;2.16e+03;0.331;8.28;0.154;3.85;3.81e+04;75.1;2.33;0.153;22.4;0;0;0;0;0;297;78;0.0883;0.143;0.619;0.619;72.5;86.9;0.166;0.193;0.00951;0.0114; 50000;917;9266;2.35;2.3;42;0.128;0.206;0.619;0.619;114;135;0.154;0.174;0.0103;0.0122; 50400;11928;3779;19.4;17.8;40;0.0906;0.146;0.619;0.619;74;89.5;0.173;0.191;0.00946;0.0114; 48240;964;9706;2.36;2.28;44;0.00127;0.558;0.00228;0.619;0.159;1.69;0.906;0.237;0.00145;0.0154; 50480;6;24;2.29;2.63;49;6.17e+03;1.52e+03;716; 31%;  7%;  3%;7.98e+03;1.43e+03;7.96e+03; 40%;  7%; 40%;6.23e+03;1.5e+03;750; 31%;  7%;  3%;1.04e+03;1.83e+03;985;  5%;  9%;  4%;100;0.00139;0;0;0;0;0;0;0;100;0.00193;0;0;0;0;0;0;0;100;0.00133;0;0;0;0;0;0;0;0.368;9.32;0.613;89.7;0;0;0;0;0;75.9;88.3;80.1;52.4;14.2 ;34.4 ;15.6 ;13.7 ;
2017-09-04;06:44:06.532;0.0779;0.167;0.465;0.619;263;315;0.165;0.191;0.00978;0.0117;26.3;25.1;2.69e+04;1.61e+05;2.16e+03;0.335;8.37;0.156;3.89;3.82e+04;75.1;1.53;0.209;23.2;0;3.65;0;0;0;296;78.1;0.0822;0.133;0.619;0.619;71.6;85.2;0.16;0.183;0.0101;0.012; 49840;902;9195;2.39;2.34;42;0.133;0.215;0.619;0.619;116;138;0.162;0.182;0.0101;0.012; 47680;11903;3865;19.3;17.8;40;0.0946;0.153;0.619;0.619;75.6;90;0.16;0.212;0.00925;0.011; 51600;994;9753;2.34;2.26;44;0.00132;0.537;0.00246;0.616;0.159;1.84;0.913;0.209;0.00139;0.0161; 49200;13;25;2.31;2.65;49;6.23e+03;1.52e+03;706; 31%;  7%;  3%;7.99e+03;1.46e+03;7.97e+03; 40%;  7%; 40%;6.22e+03;1.48e+03;752; 31%;  7%;  3%;1.04e+03;1.88e+03;958;  5%;  9%;  4%;100;0.000495;0;0;0;0;0;0;0;100;0.000757;0;0;0;0;0;0;0;100;0.000151;0;0;0;0;0;0;0;0.399;6.1;0.838;92.7;0;14.6;0;0;0;75.7;88.4;80;51.9;14.4 ;34.3 ;15.6 ;13.8 ;
2017-09-04;06:44:07.562;0.0772;0.166;0.465;0.619;262;311;0.158;0.191;0.00982;0.0117;26.4;25.1;2.67e+04;1.61e+05;2.16e+03;0.332;8.31;0.154;3.86;3.81e+04;75.1;0.845;0.211;23.9;0;14.4;0;0;0;296;78.1;0.0911;0.147;0.619;0.619;73;87;0.161;0.204;0.00928;0.0111; 48160;924;9271;2.37;2.32;42;0.128;0.207;0.619;0.619;115;136;0.15;0.182;0.0104;0.0122; 52720;12020;3788;19.4;17.9;40;0.0883;0.143;0.618;0.619;73.7;87.1;0.154;0.192;0.00965;0.0114; 51760;960;9686;2.35;2.29;44;0.00127;0.517;0.00245;0.604;0.164;1.74;0.906;0.218;0.0015;0.0159; 48240;7;35;2.28;2.62;49;6.18e+03;1.52e+03;720; 31%;  7%;  3%;7.99e+03;1.44e+03;7.95e+03; 40%;  7%; 40%;6.21e+03;1.51e+03;745; 31%;  7%;  3%;1.02e+03;1.84e+03;993;  5%;  9%;  5%;100;0.000135;0;0;0;0;0;0;0;100;0.00332;0;0;0;0;0;0;0;99.9;0.127;0;0;0;0;0;0;0;0.405;3.25;0.844;95.5;0;57.5;0;0;0;76;88.4;79.9;51.8;14.4 ;34.3 ;15.6 ;13.8 ;
2017-09-04;06:44:08.591;0.0775;0.168;0.461;0.619;262;313;0.164;0.194;0.00977;0.0117;26.4;25.1;2.68e+04;1.6e+05;2.17e+03;0.336;8.4;0.155;3.88;3.82e+04;74.5;2.27;0.176;23;0;0;0;0;0;296;78.1;0.0869;0.14;0.619;0.619;71.9;86.1;0.165;0.192;0.00955;0.0114; 51600;932;9205;2.38;2.32;42;0.123;0.199;0.619;0.619;114;135;0.155;0.173;0.0107;0.0127; 52960;11950;3789;19.3;17.9;40;0.0991;0.164;0.605;0.619;75.8;91.3;0.17;0.223;0.00884;0.0106; 54640;980;9712;2.36;2.27;44;0.000934;0.444;0.0021;0.619;0.182;1.01;0.819;0.315;0.00226;0.0125; 47760;9;0;2.33;2.66;49;6.17e+03;1.51e+03;715; 31%;  7%;  3%;7.98e+03;1.45e+03;7.93e+03; 40%;  7%; 40%;6.27e+03;1.49e+03;757; 31%;  7%;  3%;1.06e+03;1.86e+03;980;  5%;  9%;  4%;100;0.000454;0;0;0;0;0;0;0;100;0.000281;0;0;0;0;0;0;0;97.7;2.3;0;0;0;0;0;0;0;0.34;6.78;0.704;92.2;0;0;0;0;0;75.8;88.3;80.2;52;14.3 ;34.4 ;15.5 ;13.9 ;
2017-09-04;06:44:09.622;0.0787;0.171;0.461;0.619;262;313;0.162;0.195;0.00963;0.0115;26.4;25.1;2.72e+04;1.59e+05;2.16e+03;0.341;8.53;0.157;3.93;3.82e+04;74.5;2.27;0.221;23;0;0;0;0;0;297;78;0.0894;0.144;0.619;0.619;71.9;86.9;0.173;0.194;0.0093;0.0112; 47280;905;9185;2.38;2.32;42;0.13;0.21;0.619;0.619;115;136;0.157;0.18;0.0102;0.0121; 53280;11940;3831;19.4;17.9;40;0.0941;0.156;0.605;0.619;75.1;88.3;0.15;0.217;0.00922;0.0109; 45920;896;9698;2.34;2.26;44;0.000978;0.466;0.0021;0.619;0.186;1.19;0.843;0.266;0.0022;0.014; 46320;8;1;2.31;2.64;49;6.17e+03;1.49e+03;710; 31%;  7%;  3%;8.02e+03;1.44e+03;7.94e+03; 40%;  7%; 40%;6.27e+03;1.48e+03;750; 31%;  7%;  3%;1.04e+03;1.85e+03;970;  5%;  9%;  4%;100;0.00123;0;0;0;0;0;0;0;100;0.00273;0;0;0;0;0;0;0;97.7;2.34;0;0;0;0;0;0;0;0.339;6.75;0.884;92;0;0;0;0;0;76;88.6;80.1;52.1;14.3 ;34.4 ;15.5 ;13.9 ;
2017-09-04;06:44:10.651;0.0785;0.17;0.461;0.619;263;315;0.166;0.194;0.00967;0.0116;26.4;25.1;2.72e+04;1.6e+05;2.16e+03;0.341;8.52;0.157;3.93;3.82e+04;74.5;2.29;0.223;23;0;0;0;0;0;296;78.3;0.0951;0.154;0.619;0.619;73.5;89;0.173;0.201;0.00893;0.0108; 46720;957;9262;2.39;2.31;42;0.124;0.2;0.619;0.619;114;134;0.15;0.177;0.0107;0.0126; 50160;11961;3821;19.3;17.9;40;0.0945;0.156;0.604;0.619;75;90.5;0.172;0.21;0.00918;0.0111; 49040;884;9528;2.37;2.28;44;0.00101;0.471;0.00213;0.619;0.188;1.27;0.852;0.252;0.00217;0.0146; 47280;9;0;2.35;2.67;49;6.15e+03;1.53e+03;737; 31%;  7%;  3%;7.98e+03;1.44e+03;7.92e+03; 40%;  7%; 40%;6.27e+03;1.51e+03;757; 31%;  7%;  3%;1.05e+03;1.86e+03;1.02e+03;  5%;  9%;  5%;100;0.000189;0;0;0;0;0;0;0;100;0.00146;0;0;0;0;0;0;0;97.6;2.38;0;0;0;0;0;0;0;0.344;6.76;0.893;92;0;0;0;0;0;76.1;88.3;80.1;52;14.3 ;34.4 ;15.6 ;13.9 ;
2017-09-04;06:44:11.680;0.0814;0.176;0.461;0.619;264;318;0.171;0.193;0.00938;0.0113;26.5;25.1;2.81e+04;1.59e+05;2.16e+03;0.353;8.82;0.163;4.07;3.82e+04;74.5;1.42;0.159;23.9;0;12.4;0;0;0;296;78.1;0.0902;0.146;0.619;0.619;72.4;87.6;0.173;0.192;0.00929;0.0112; 49280;910;9261;2.37;2.32;42;0.131;0.212;0.619;0.619;116;138;0.161;0.176;0.0102;0.0121; 54080;11966;3845;19.4;17.8;40;0.103;0.171;0.605;0.619;75.7;92.2;0.179;0.216;0.00847;0.0103; 45040;835;9553;2.39;2.3;45;0.000807;0.412;0.00196;0.606;0.179;0.826;0.783;0.33;0.00257;0.0118; 47520;6;2;2.33;2.66;49;6.17e+03;1.53e+03;711; 31%;  7%;  3%;8.01e+03;1.46e+03;7.94e+03; 40%;  7%; 40%;6.24e+03;1.51e+03;762; 31%;  7%;  3%;1.07e+03;1.87e+03;978;  5%;  9%;  4%;100;0.000603;0;0;0;0;0;0;0;100;0.00234;0;0;0;0;0;0;0;97.8;2.23;0;0;0;0;0;0;0;0.324;3.45;0.634;95.6;0;49.4;0;0;0;75.9;88.4;80.3;51.7;14.3 ;34.3 ;15.6 ;13.9 ;
2017-09-04;06:44:12.710;0.0793;0.172;0.461;0.619;262;314;0.164;0.195;0.00956;0.0114;26.4;25.2;2.74e+04;1.6e+05;2.16e+03;0.344;8.6;0.159;3.96;3.82e+04;74.5;2.16;0.178;23.2;0;2.39;0;0;0;297;78.1;0.0913;0.147;0.619;0.619;72.5;87.9;0.175;0.192;0.00918;0.0111; 50480;940;9243;2.37;2.32;43;0.127;0.205;0.619;0.619;114;135;0.15;0.18;0.0104;0.0123; 52240;11953;3766;19.3;17.9;40;0.0981;0.162;0.604;0.619;75.3;90.2;0.165;0.217;0.00887;0.0106; 48960;825;9623;2.35;2.27;44;0.00106;0.479;0.00222;0.616;0.183;1.38;0.868;0.235;0.00199;0.015; 48160;7;2;2.31;2.65;49;6.16e+03;1.51e+03;726; 31%;  7%;  3%;7.99e+03;1.43e+03;7.93e+03; 40%;  7%; 40%;6.27e+03;1.5e+03;758; 31%;  7%;  3%;1.05e+03;1.83e+03;997;  5%;  9%;  5%;100;0.000574;0;0;0;0;0;0;0;100;0.00131;0;0;0;0;0;0;0;97.6;2.43;0;0;0;0;0;0;0;0.361;6.2;0.713;92.7;0;9.55;0;0;0;76;88.4;80.2;52;14.3 ;34.5 ;15.5 ;13.8 ;
2017-09-04;06:44:13.738;0.0798;0.173;0.461;0.619;264;316;0.164;0.201;0.00958;0.0115;26.4;25.2;2.76e+04;1.59e+05;2.16e+03;0.346;8.65;0.16;3.99;3.82e+04;74.5;2.33;0.248;22.9;0;0;0;0;0;296;78;0.0871;0.141;0.619;0.619;72.2;86.3;0.164;0.192;0.00958;0.0115; 52000;891;9233;2.4;2.34;42;0.13;0.209;0.619;0.619;115;137;0.156;0.185;0.0103;0.0122; 51600;11860;3838;19.3;17.9;40;0.102;0.168;0.604;0.619;76.6;92;0.168;0.229;0.00873;0.0105; 50560;879;9738;2.36;2.27;44;0.00108;0.471;0.00228;0.619;0.18;1.25;0.856;0.266;0.00193;0.0135; 48720;8;0;2.34;2.67;49;6.21e+03;1.53e+03;720; 31%;  7%;  3%;7.96e+03;1.45e+03;7.94e+03; 40%;  7%; 40%;6.24e+03;1.5e+03;762; 31%;  7%;  3%;1.06e+03;1.86e+03;989;  5%;  9%;  5%;100;0.000579;0;0;0;0;0;0;0;100;0.00218;0;0;0;0;0;0;0;97.6;2.36;0;0;0;0;0;0;0;0.368;6.94;0.993;91.7;0;0;0;0;0;75.8;88.3;80.2;52;14.3 ;34.2 ;15.6 ;13.9 ;
2017-09-04;06:44:14.768;0.0779;0.169;0.461;0.619;261;312;0.162;0.192;0.00969;0.0116;26.3;25.1;2.7e+04;1.6e+05;2.16e+03;0.338;8.44;0.156;3.9;3.81e+04;74.5;2.31;0.187;23;0;0;0;0;0;296;78;0.0838;0.135;0.619;0.619;71.5;85.2;0.161;0.188;0.00988;0.0118; 49920;893;9147;2.36;2.31;42;0.128;0.207;0.619;0.619;114;135;0.155;0.174;0.0103;0.0122; 48560;11896;3807;19.3;17.9;40;0.0986;0.163;0.605;0.619;75.2;90;0.164;0.22;0.00882;0.0106; 47120;824;9762;2.33;2.26;44;0.00131;0.551;0.00239;0.619;0.204;1.33;0.847;0.28;0.00179;0.0117; 49120;7;18;2.31;2.65;49;6.17e+03;1.51e+03;706; 31%;  7%;  3%;8e+03;1.44e+03;7.94e+03; 40%;  7%; 40%;6.26e+03;1.48e+03;762; 31%;  7%;  3%;1.06e+03;1.85e+03;961;  5%;  9%;  4%;100;0.00182;0;0;0;0;0;0;0;100;0.00174;0;0;0;0;0;0;0;97.8;2.23;0;0;0;0;0;0;0;0.386;7;0.747;91.9;0;0;0;0;0;75.8;88.4;80.2;52.1;14.3 ;34.4 ;15.4 ;13.8 ;
2017-09-04;06:44:15.795;0.0913;0.204;0.448;0.619;273;327;0.165;0.239;0.00865;0.0104;26.5;25.6;3.15e+04;1.55e+05;2.16e+03;0.408;10.2;0.183;4.56;3.88e+04;72.3;4.27;0.194;23.2;0;0;0;0;0;297;78.7;0.0873;0.141;0.619;0.619;72.1;86.2;0.164;0.191;0.00955;0.0114; 49760;1008;9196;2.46;2.43;42;0.178;0.315;0.565;0.619;124;149;0.167;0.267;0.0081;0.00972; 55280;11849;4262;19.2;18;40;0.0991;0.164;0.604;0.619;76.1;90.5;0.159;0.231;0.00889;0.0106; 46640;894;9696;2.46;2.39;44;0.000797;0.409;0.00195;0.619;0.18;0.734;0.755;0.375;0.00262;0.0107; 49040;8;16;2.44;2.79;49;6.28e+03;1.52e+03;718; 31%;  7%;  3%;8.07e+03;1.56e+03;8e+03; 40%;  7%; 40%;6.38e+03;1.5e+03;759; 32%;  7%;  3%;1.05e+03;2.03e+03;976;  5%; 10%;  4%;100;1.78e-05;0;0;0;0;0;0;0;91.3;7.96;0;0.707;0;0;0;0;0;97.5;2.47;0;0;0;0;0;0;0;0.315;6.67;0.776;92.2;0;0;0;0;0;75.7;89.4;80.1;52;14.5 ;34.4 ;15.7 ;14.1 ;
2017-09-04;06:44:16.822;0.109;0.252;0.435;0.619;283;342;0.174;0.272;0.00748;0.00906;26.8;26.1;3.78e+04;1.5e+05;2.16e+03;0.503;12.6;0.219;5.47;3.97e+04;70.3;6.41;0.179;23.1;0;0;0;0;0;300;79.5;0.0894;0.144;0.619;0.619;72.3;87.6;0.176;0.193;0.00937;0.0114; 48640;1032;9233;2.61;2.6;43;0.246;0.478;0.516;0.619;136;163;0.171;0.331;0.00637;0.00769; 47360;11759;4792;19.1;18;40;0.101;0.168;0.604;0.619;74.9;90.3;0.171;0.22;0.00857;0.0103; 47680;892;9598;2.57;2.54;44;0.000829;0.407;0.00204;0.619;0.184;0.851;0.784;0.333;0.00257;0.0119; 48720;10;0;2.56;2.94;49;6.44e+03;1.56e+03;741; 32%;  7%;  3%;8.17e+03;1.67e+03;8.12e+03; 41%;  8%; 41%;6.49e+03;1.55e+03;769; 32%;  7%;  3%;1.05e+03;2.18e+03;1.02e+03;  5%; 11%;  5%;100;0.00144;0;0;0;0;0;0;0;83.3;16.3;0;0.33;0;0;0;0;0;97.5;2.46;0;0;0;0;0;0;0;0.329;6.83;0.717;92.1;0;0;0;0;0;75.9;91.4;80.2;52.1;14.8 ;34.4 ;16.1 ;14.3 ;
2017-09-04;06:44:17.843;0.111;0.325;0.341;0.619;252;312;0.193;0.351;0.00662;0.0082;23.9;26.2;3.8e+04;1.17e+05;2.16e+03;0.65;16.2;0.221;5.53;4.7e+04;55;6.37;0.169;38.4;0;0;0;0;0;288;76.6;0.109;0.177;0.619;0.619;98.3;115;0.148;0.182;0.0104;0.0123; 48880;1328;12594;2.39;2.24;42;0.2;1.42;0.14;0.619;48;70.5;0.319;0.607;0.0028;0.00411; 51680;3586;2309;16.7;19;41;0.133;0.221;0.6;0.619;105;125;0.159;0.212;0.00923;0.011; 50800;1398;13325;2.43;2.23;44;0.000923;0.425;0.00217;0.619;0.193;1.06;0.818;0.292;0.00243;0.0133; 48800;11;0;2.36;2.74;49;7.47e+03;1.96e+03;863; 38%;  9%;  4%;1.04e+04;1.34e+03;1.03e+04; 53%;  6%; 52%;7.65e+03;1.92e+03;945; 38%;  9%;  4%;1.36e+03;1.55e+03;1.21e+03;  6%;  7%;  6%;100;0;0;0;0;0;0;0;0;22.6;15.7;0;61.6;0;0;0;0;0;97;3.01;0;0;0;0;0;0;0;0.351;6.75;0.677;92.2;0;0;0;0;0;77.1;76.7;82;51.7;14.1 ;33.5 ;15.3 ;13.8 ;
2017-09-04;06:44:18.864;0.0772;0.254;0.304;0.619;228;272;0.16;0.249;0.00861;0.0103;22.4;25.4;2.65e+04;1.04e+05;2.14e+03;0.508;12.7;0.154;3.86;4.74e+04;49.1;4.85;0.181;45.9;0;4.14;0;0;0;278;74.8;0.124;0.201;0.615;0.619;109;127;0.149;0.192;0.0102;0.012; 47200;1445;13824;2.14;1.89;42;0.0325;2.9;0.0112;0.619;2.65;6.07;0.564;0.755;0.00095;0.00218; 52000;79;229;16.1;19.3;41;0.152;0.258;0.588;0.619;117;137;0.15;0.229;0.00895;0.0105; 50960;1575;14701;2.1;1.79;44;0.000787;0.417;0.00189;0.619;0.184;0.803;0.771;0.336;0.00273;0.0119; 48960;4;2;2.07;2.4;49;7.41e+03;2.15e+03;927; 37%; 10%;  4%;1.09e+04;972;1.06e+04; 55%;  4%; 54%;7.64e+03;2.09e+03;992; 38%; 10%;  5%;1.42e+03;971;1.34e+03;  7%;  4%;  6%;99.4;0.649;0;0;0;0;0;0;0;1.81;7.04;0.00076;91.2;0;16.6;0;0;0;95;5.01;0;0;0;0;0;0;0;0.305;6.71;0.724;92.3;0;0;0;0;0;77.6;65.8;82.7;51.5;13.6 ;33.3 ;14.6 ;13.3 ;
2017-09-04;06:44:19.882;0.0887;0.307;0.289;0.619;234;281;0.166;0.27;0.00772;0.00925;22.5;25.7;3.04e+04;9.9e+04;2.14e+03;0.613;15.3;0.177;4.44;4.75e+04;46.7;9.7;0.196;43.4;0;0;0;0;0;279;75.2;0.166;0.293;0.568;0.619;114;137;0.163;0.264;0.00804;0.00961; 49760;1565;14040;2.22;1.95;42;0.0291;2.96;0.00982;0.619;2.41;4.87;0.506;0.699;0.000967;0.00196; 51920;75;211;15.9;19.3;41;0.159;0.275;0.577;0.619;117;139;0.153;0.237;0.00864;0.0102; 51600;1644;14857;2.18;1.9;44;0.00075;0.415;0.00181;0.619;0.181;0.714;0.746;0.36;0.00282;0.0111; 48880;5;2;2.15;2.49;49;7.38e+03;2.22e+03;989; 37%; 11%;  5%;1.08e+04;937;1.04e+04; 55%;  4%; 53%;7.66e+03;2.2e+03;1.01e+03; 39%; 11%;  5%;1.44e+03;939;1.43e+03;  7%;  4%;  7%;91.7;8.06;0;0.226;0;0;0;0;0;1.59;17.4;0;81;0;0;0;0;0;93.3;6.74;0;0;0;0;0;0;0;0.292;6.65;0.786;92.3;0;0;0;0;0;78.7;66.3;82.8;51.4;13.7 ;33.3 ;14.8 ;13.5 ;
2017-09-04;06:44:20.896;0.155;0.655;0.236;0.619;274;342;0.197;0.409;0.0052;0.00647;23.2;27.4;5.28e+04;8.06e+04;2.14e+03;1.31;32.7;0.309;7.73;4.86e+04;38.2;16.9;0.174;44.8;0;0;0;0;0;285;77.8;0.269;0.533;0.505;0.619;143;173;0.174;0.343;0.00621;0.00752; 55760;1932;16104;2.76;2.43;42;0.0105;2.68;0.00393;0.619;0.952;2.13;0.552;0.846;0.00106;0.00236; 52000;34;82;15;19.3;42;0.338;0.779;0.434;0.619;131;166;0.214;0.446;0.00453;0.00576; 48080;2067;14061;2.75;2.39;43;0.000769;0.434;0.00177;0.619;0.18;0.734;0.755;0.358;0.00275;0.0112; 49120;7;1;2.74;3.19;49;8.06e+03;2.86e+03;1.29e+03; 41%; 14%;  6%;9.05e+03;827;1.1e+04; 46%;  4%; 56%;6.77e+03;2.83e+03;1.32e+03; 34%; 14%;  6%;1.87e+03;828;1.84e+03;  9%;  4%;  9%;81.5;17.9;0;0.554;0;0;0;0;0;0.635;21;0;78.3;0;0;0;0;0;70.1;21.8;0;8.05;0;0;0;0;0;0.286;6.73;0.695;92.3;0;0;0;0;0;82.2;65.6;86;51.5;14.6 ;32.7 ;16 ;14.5 ;
2017-09-04;06:44:21.939;0.114;0.437;0.26;0.619;200;224;0.11;0.314;0.00508;0.00571;30.2;42.4;3.93e+04;9e+04;2.13e+03;0.873;21.8;0.227;5.68;5.78e+04;42;8.75;0.251;49;0;6.43;0;0;0;272;87.8;0.264;0.671;0.394;0.619;91;111;0.178;0.446;0.00401;0.00488; 47920;4147;15225;7.34;9.73;40;0.0871;0.269;0.324;0.619;52.3;53.7;0.0277;0.0583;0.00695;0.00714; 49520;3629;10957;8.17;11.3;41;0.103;0.318;0.322;0.619;56;58.7;0.0453;0.135;0.0063;0.0066; 47760;3787;11225;7.36;9.85;42;0.00196;0.674;0.00291;0.619;0.329;1.19;0.723;0.471;0.00193;0.00697; 50000;23;2;7.33;11.5;48;6.99e+03;6.07e+03;3.1e+03; 35%; 30%; 15%;5.91e+03;2.9e+03;7.3e+03; 29%; 14%; 36%;5.93e+03;6.21e+03;2.92e+03; 29%; 31%; 14%;3.4e+03;3.36e+03;3.71e+03; 17%; 17%; 18%;63.6;12.6;0.0279;23.8;0;0;0;0;0;52.3;10.4;0;37.3;0;0;0;0;0;52;3.81;0;44.2;0;25.6;0;0;0;0.47;8.28;0.971;90.3;0;0;0;0;0;79.4;69.3;73.7;49.7;21 ;23.3 ;22.2 ;21.3 ;
2017-09-04;06:44:22.979;0.0995;0.214;0.464;0.619;275;281;0.0216;0.0141;0.00788;0.00805;44.8;63.7;3.49e+04;1.63e+05;2.19e+03;0.429;10.7;0.199;4.97;8.54e+04;75;1.11;0.195;23.7;0;12.1;0;0;0;330;115;0.0988;0.16;0.619;0.619;70.1;71.5;0.0195;0.0136;0.00809;0.00826; 52400;4645;13634;11.2;16.1;41;0.143;0.232;0.619;0.619;98.5;100;0.0153;0.0131;0.00784;0.00796; 51120;6626;19986;11.2;15.2;41;0.155;0.251;0.617;0.619;106;108;0.0149;0.013;0.00781;0.00793; 51120;7220;21480;11.3;14.8;42;0.0011;0.453;0.00243;0.607;0.141;1.68;0.916;0.142;0.00146;0.0174; 49440;11;0;11.1;17.7;49;8.77e+03;9.1e+03;3.45e+03; 43%; 45%; 17%;1.05e+04;4.88e+03;8.47e+03; 52%; 24%; 42%;1.04e+04;8.8e+03;5.25e+03; 51%; 43%; 26%;6.13e+03;5.69e+03;4.02e+03; 30%; 28%; 20%;99.9;0.0714;0;0;0;0;0;0;0;99.9;0.0597;0;0;0;0;0;0;0;99.6;0.39;0;0;0;0;0;0;0;0.4;3.91;0.782;94.9;0;48.4;0;0;0;87.9;88.3;96.2;57.2;28.7 ;28.8 ;29.2 ;28.6 ;
2017-09-04;06:44:23.000;0.231;0.614;0.376;0.619;477;512;0.0683;0.17;0.00598;0.00642;45.3;46.4;7.98e+04;1.3e+05;2.18e+03;1.23;30.7;0.462;11.6;7.65e+04;60.8;3.94;0.198;35.1;0;8.25;0;0;0;320;105;0.314;0.523;0.6;0.619;174;184;0.0535;0.139;0.0064;0.00676; 54720;6003;20437;10;8.95;40;0.36;0.756;0.476;0.619;180;194;0.0752;0.181;0.00578;0.00625; 50720;7628;13411;15.4;15.9;39;0.249;0.585;0.425;0.619;123;133;0.0717;0.192;0.00576;0.0062; 51120;3318;12748;9.94;10.2;42;0.000865;0.459;0.00188;0.619;0.163;1.2;0.865;0.192;0.00218;0.0161; 50400;5;3;9.96;11.3;49;1e+04;7.14e+03;4.48e+03; 50%; 36%; 22%;8.05e+03;3.45e+03;1.02e+04; 40%; 17%; 51%;8.18e+03;7.49e+03;2.59e+03; 41%; 37%; 13%;3.73e+03;5.12e+03;5.96e+03; 18%; 25%; 30%;96.9;1.12;0;2;0;0;0;0;0;76.9;2.52;0;20.5;0;15.2;0;0;0;68.7;4.43;0;26.9;0;17.8;0;0;0;0.304;7.7;0.792;91.2;0;0;0;0;0;89.3;90.6;84.5;55.8;24 ;30.9 ;26 ;24.3 ;
2017-09-04;06:44:25.020;0.325;0.699;0.465;0.619;589;643;0.0835;0.204;0.00529;0.00577;49.5;41.7;1.11e+05;1.59e+05;2.14e+03;1.4;35;0.65;16.3;7.85e+04;75.1;1.94;0.163;22.8;0;0;0;0;0;340;106;0.394;0.636;0.619;0.619;172;187;0.0802;0.207;0.0051;0.00554; 42800;3809;15590;10.2;7.63;41;0.53;0.856;0.619;0.619;246;268;0.0842;0.204;0.00542;0.00592; 51680;9807;13846;18.9;17.5;39;0.375;0.606;0.619;0.619;171;185;0.0781;0.199;0.00531;0.00576; 50160;3726;15356;10.2;7.68;42;0.00136;0.636;0.00214;0.619;0.144;1.75;0.918;0.17;0.00124;0.015; 49920;6;1;10.1;8.9;49;1.02e+04;6.26e+03;2.96e+03; 52%; 31%; 15%;1.02e+04;3.77e+03;1.01e+04; 51%; 19%; 51%;1.03e+04;6.29e+03;3.02e+03; 52%; 32%; 15%;4.67e+03;6.11e+03;4.66e+03; 23%; 31%; 23%;100;4.18e-05;0;0;0;0;0;0;0;100;0.0017;0;0;0;0;0;0;0;100;0.00138;0;0;0;0;0;0;0;0.346;7.74;0.653;91.3;0;0;0;0;0;89.3;102;93.5;55.6;23.6 ;34 ;25 ;23.1 ;
2017-09-04;06:44:26.040;0.321;0.691;0.465;0.619;587;642;0.0842;0.202;0.00534;0.00583;49.5;41.8;1.1e+05;1.59e+05;2.14e+03;1.38;34.6;0.643;16.1;7.86e+04;75.1;1.98;0.146;22.8;0;0;0;0;0;340;105;0.386;0.624;0.619;0.619;171;186;0.0813;0.204;0.00518;0.00563; 53200;3789;15350;10.3;7.65;40;0.529;0.855;0.619;0.619;246;269;0.0846;0.204;0.00543;0.00593; 51520;9625;13511;18.9;17.5;39;0.369;0.596;0.619;0.619;170;185;0.079;0.197;0.00539;0.00585; 49920;3910;16216;10.2;7.71;42;0.00116;0.534;0.00217;0.619;0.145;1.69;0.914;0.187;0.00146;0.017; 48240;8;17;10.1;8.94;48;1.02e+04;6.28e+03;2.97e+03; 52%; 32%; 15%;1.02e+04;3.76e+03;1.01e+04; 51%; 19%; 51%;1.03e+04;6.32e+03;3.03e+03; 52%; 32%; 15%;4.67e+03;6.12e+03;4.68e+03; 23%; 31%; 23%;100;0.000862;0;0;0;0;0;0;0;100;0.000636;0;0;0;0;0;0;0;100;0.000149;0;0;0;0;0;0;0;0.351;7.92;0.583;91.1;0;0;0;0;0;89.2;102;93.4;55.7;23.3 ;33.8 ;24.9 ;23.1 ;
2017-09-04;06:44:27.036;0.34;0.78;0.436;0.619;577;632;0.0873;0.216;0.00506;0.00554;47.9;40.8;1.14e+05;1.46e+05;2.1e+03;1.56;39;0.681;17;7.83e+04;70.5;3.06;0.16;26.3;0;14.5;0;0;0;333;102;0.422;0.681;0.619;0.619;185;201;0.0798;0.203;0.00523;0.00569; 50960;3994;16588;10;7.33;40;0.528;1.04;0.506;0.619;205;228;0.0974;0.243;0.00464;0.00514; 42960;7390;11722;17.9;17.4;40;0.41;0.665;0.618;0.619;187;202;0.0782;0.198;0.00543;0.00589; 54560;4163;17403;10;7.36;42;0.000979;0.489;0.002;0.603;0.152;1.32;0.885;0.216;0.00185;0.0161; 48400;6;2;9.94;8.71;48;9.81e+03;6.65e+03;3.06e+03; 51%; 34%; 15%;1.03e+04;3.35e+03;1.02e+04; 53%; 17%; 53%;9.89e+03;6.67e+03;3.15e+03; 51%; 34%; 16%;4.93e+03;5.37e+03;4.88e+03; 25%; 28%; 25%;100;0.00171;0;0;0;0;0;0;0;81.7;7.89;0;10.4;0;0;0;0;0;99.8;0.244;0;0;0;0;0;0;0;0.332;4.09;0.641;94.9;0;58.1;0;0;0;89.5;97;92.9;54;22.7 ;33 ;24.3 ;22.5 ;
2017-09-04;06:44:28.058;0.279;1.24;0.225;0.619;422;469;0.101;0.283;0.00442;0.00491;33.8;28.8;9.55e+04;7.7e+04;2.13e+03;2.48;62;0.557;13.9;5.8e+04;36.3;9.63;0.188;53.9;0;6.34;0;0;0;286;85.5;0.496;1.18;0.419;0.619;191;212;0.0988;0.284;0.0045;0.00499; 52560;3920;15835;7.34;4.88;42;0.0395;0.906;0.0436;0.619;16.9;19.3;0.125;0.238;0.00499;0.0057; 48720;392;596;11.8;12.9;41;0.579;1.33;0.435;0.619;214;237;0.0982;0.285;0.00431;0.00477; 42560;4417;16753;7.34;4.75;43;0.000766;0.426;0.0018;0.619;0.171;0.735;0.767;0.356;0.00261;0.0112; 48080;8;3;7.3;6.28;49;5.42e+03;6.71e+03;2.69e+03; 27%; 34%; 13%;8.07e+03;1.34e+03;7.58e+03; 41%;  6%; 38%;5.67e+03;6.47e+03;2.94e+03; 28%; 33%; 15%;5.05e+03;1.52e+03;4.57e+03; 25%;  7%; 23%;67.7;10.3;0;22;0;0;0;0;0;7.05;6.05;0;86.9;0;25.4;0;0;0;70.3;14.3;0;15.4;0;0;0;0;0;0.291;7.81;0.751;91.2;0;0;0;0;0;84.8;58.7;93;49.8;19.3 ;26.5 ;20.4 ;19.3 ;
2017-09-04;06:44:29.078;0.342;0.737;0.464;0.619;611;678;0.0988;0.206;0.00521;0.00578;51;43.9;1.17e+05;1.59e+05;2.15e+03;1.47;36.9;0.684;17.1;8.19e+04;75;2.07;0.0921;22.9;0;0;0;0;0;347;107;0.41;0.662;0.619;0.619;180;199;0.0955;0.206;0.00512;0.00566; 49440;4026;18048;10.7;8.25;40;0.553;0.893;0.619;0.619;251;279;0.0991;0.209;0.00529;0.00587; 55280;7776;12429;19;17.7;39;0.404;0.656;0.616;0.619;180;199;0.0952;0.201;0.0052;0.00575; 48320;3690;15592;10.6;8.29;42;0.00116;0.575;0.00201;0.619;0.18;1.59;0.887;0.215;0.00182;0.0161; 48480;5;2;10.6;9.69;48;1.06e+04;6.68e+03;3.13e+03; 53%; 34%; 15%;1.04e+04;4e+03;1.05e+04; 53%; 20%; 53%;1.05e+04;6.67e+03;3.24e+03; 53%; 34%; 16%;4.95e+03;6.36e+03;4.83e+03; 25%; 32%; 24%;100;0.0037;0;0;0;0;0;0;0;100;0.00106;0;0;0;0;0;0;0;99.5;0.532;0;0;0;0;0;0;0;0.325;7.76;0.368;91.5;0;0;0;0;0;90.7;103;97.6;55.9;24 ;33.8 ;25.5 ;23.7 ;
2017-09-04;06:44:30.100;0.346;0.74;0.467;0.619;608;675;0.0989;0.205;0.00513;0.00569;50.9;44.1;1.18e+05;1.6e+05;2.14e+03;1.48;37;0.691;17.3;8.19e+04;75.4;2.23;0.0652;22.3;0;0;0;0;0;346;108;0.404;0.653;0.619;0.619;178;197;0.0963;0.204;0.00515;0.0057; 46560;3783;16804;10.7;8.27;40;0.554;0.895;0.619;0.619;251;278;0.099;0.209;0.00528;0.00586; 55360;8879;13908;19;17.8;39;0.398;0.643;0.619;0.619;179;197;0.0947;0.199;0.00524;0.00579; 50960;3651;15529;10.6;8.32;41;0.0266;2.56;0.0104;0.619;0.122;1.61;0.924;0.199;5.37e-05;0.000707; 47920;7;4;10.6;9.72;48;1.06e+04;6.69e+03;3.14e+03; 53%; 34%; 16%;1.05e+04;3.99e+03;1.05e+04; 53%; 20%; 53%;1.05e+04;6.68e+03;3.24e+03; 53%; 34%; 16%;4.93e+03;6.35e+03;4.84e+03; 25%; 32%; 24%;100;0.000698;0;0;0;0;0;0;0;100;0.00198;0;0;0;0;0;0;0;100;0.0027;0;0;0;0;0;0;0;1.68;8.92;0.261;89.1;0;0;0;0;0;90.4;103;95.3;56.7;24.1 ;34.2 ;25.8 ;23.7 ;
2017-09-04;06:44:31.120;0.35;0.747;0.468;0.619;608;675;0.0986;0.204;0.00506;0.00561;50.7;44;1.2e+05;1.61e+05;2.15e+03;1.49;37.4;0.7;17.5;8.16e+04;75.6;2.87;0.00344;21.5;0;0;0;0;0;347;107;0.403;0.651;0.619;0.619;178;197;0.0959;0.204;0.00515;0.0057; 55280;3541;15972;10.6;8.25;40;0.553;0.896;0.617;0.619;250;278;0.0995;0.209;0.00527;0.00585; 49360;8573;13761;19;17.8;39;0.397;0.641;0.619;0.619;180;198;0.0945;0.199;0.00527;0.00582; 42240;3576;15277;10.6;8.29;42;0.0465;2.81;0.0166;0.619;0.0486;1.27;0.962;0.151;1.22e-05;0.000318; 47440;2;2;10.6;9.69;48;1.05e+04;6.67e+03;3.13e+03; 53%; 33%; 15%;1.04e+04;3.97e+03;1.05e+04; 53%; 20%; 53%;1.05e+04;6.66e+03;3.22e+03; 53%; 33%; 16%;4.91e+03;6.33e+03;4.81e+03; 24%; 32%; 24%;100;0.00401;0;0;0;0;0;0;0;99.7;0.288;0;0;0;0;0;0;0;100;0.00196;0;0;0;0;0;0;0;2.68;11.2;0.0138;86.1;0;0;0;0;0;90.9;103;95.2;57.2;23.9 ;34 ;25.4 ;23.7 ;
2017-09-04;06:44:32.137;0.374;1.14;0.327;0.619;560;627;0.107;0.255;0.00438;0.0049;44.6;39.1;1.28e+05;1.12e+05;2.14e+03;2.29;57.2;0.748;18.7;7.67e+04;52.8;9.25;0.00284;38;0;1.28;0;0;0;340;101;0.608;1.07;0.57;0.619;247;275;0.102;0.241;0.00475;0.00529; 48640;4921;22055;9.71;6.85;41;0.226;1.42;0.159;0.619;66.3;77.5;0.144;0.377;0.00344;0.00402; 52320;1757;3671;15.5;16.7;42;0.615;1.1;0.562;0.619;246;274;0.1;0.226;0.00469;0.00521; 54320;4675;18398;9.73;6.87;42;0.0461;2.84;0.0162;0.619;0.0766;0.312;0.754;0.311;1.95e-05;7.91e-05; 47680;4;2;9.64;8.67;49;7.92e+03;8.34e+03;3.57e+03; 40%; 42%; 18%;1.01e+04;2.12e+03;1.03e+04; 51%; 10%; 52%;7.75e+03;8.32e+03;3.69e+03; 39%; 42%; 18%;6.03e+03;2.75e+03;5.9e+03; 30%; 14%; 30%;92.1;6.68;0;1.23;0;0;0;0;0;25.7;9.48;0;64.8;0;5.12;0;0;0;90.7;7.7;0;1.59;0;0;0;0;0;2.62;13.1;0.0114;84.2;0;0;0;0;0;99.8;76.5;107;56.6;22.5 ;31.5 ;24 ;22.6 ;
2017-09-04;06:44:33.169;0.101;0.246;0.409;0.619;232;280;0.169;0.227;0.0067;0.00806;23.5;22.7;3.47e+04;1.41e+05;2.13e+03;0.492;12.3;0.201;5.03;3.42e+04;66.1;4.95;0.00388;29;0;0.272;0;0;0;277;74;0.114;0.209;0.545;0.619;64.7;78.6;0.177;0.259;0.00663;0.00805; 52560;877;8320;2.19;2.23;42;0.106;0.199;0.534;0.619;97.3;114;0.149;0.167;0.0106;0.0125; 48800;10353;2992;17;15.8;40;0.136;0.251;0.541;0.619;70.3;85;0.172;0.269;0.00601;0.00726; 52080;877;8694;2.18;2.16;43;0.047;2.8;0.0168;0.619;0.0982;1.61;0.939;0.127;2.42e-05;0.000396; 48240;3;9;2.15;2.56;49;5.42e+03;1.51e+03;678; 27%;  7%;  3%;7.08e+03;1.26e+03;6.99e+03; 35%;  6%; 35%;5.49e+03;1.48e+03;755; 27%;  7%;  3%;1.02e+03;1.61e+03;910;  5%;  8%;  4%;88.1;2.35;0;9.59;0;1.09;0;0;0;86.3;1.63;0;12.1;0;0;0;0;0;87.4;4.31;0;8.29;0;0;0;0;0;2.71;11.5;0.0155;85.8;0;0;0;0;0;71.2;79.9;75.5;50.7;14 ;31.4 ;15.1 ;13.4 ;
2017-09-04;06:44:34.201;0.0912;0.195;0.469;0.619;265;319;0.169;0.191;0.00839;0.0101;26.5;25.1;3.16e+04;1.62e+05;2.17e+03;0.389;9.73;0.182;4.56;3.83e+04;75.7;1.81;0.00538;22.5;0;0;0;0;0;299;78.5;0.094;0.152;0.619;0.619;73.8;89.9;0.179;0.199;0.00906;0.011; 49280;960;9552;2.41;2.34;42;0.131;0.212;0.619;0.619;116;138;0.158;0.18;0.0102;0.0121; 49840;12132;3628;19.4;17.9;40;0.0922;0.149;0.619;0.619;74.6;89;0.162;0.199;0.00934;0.0111; 48080;835;9662;2.34;2.27;44;0.047;2.76;0.017;0.619;0.0964;1.56;0.938;0.135;2.37e-05;0.000383; 49600;4;8;2.32;2.65;49;6.24e+03;1.51e+03;722; 31%;  7%;  3%;8.03e+03;1.46e+03;8.01e+03; 40%;  7%; 40%;6.22e+03;1.49e+03;738; 31%;  7%;  3%;1.02e+03;1.87e+03;995;  5%;  9%;  5%;100;0.00147;0;0;0;0;0;0;0;100;0.00163;0;0;0;0;0;0;0;100;0.00131;0;0;0;0;0;0;0;2.75;7.24;0.0215;90;0;0;0;0;0;76.4;88.6;80.3;53.4;14.4 ;34.6 ;15.7 ;13.8 ;
2017-09-04;06:44:35.233;0.0878;0.187;0.468;0.619;261;314;0.166;0.182;0.00858;0.0103;26.4;25.1;3.04e+04;1.63e+05;2.17e+03;0.375;9.37;0.176;4.39;3.82e+04;75.7;1.86;0.0048;22.5;0;0;0;0;0;298;78.1;0.0905;0.146;0.619;0.619;73.2;88.5;0.173;0.194;0.00932;0.0113; 48560;940;9564;2.37;2.31;42;0.12;0.195;0.619;0.619;113;134;0.153;0.163;0.0108;0.0128; 47920;12174;3479;19.4;17.9;40;0.0935;0.151;0.619;0.619;74.7;89.8;0.167;0.198;0.00922;0.0111; 50800;820;9743;2.32;2.25;44;0.0466;2.77;0.0169;0.619;0.0947;1.43;0.934;0.122;2.34e-05;0.000353; 49840;3;9;2.31;2.64;49;6.19e+03;1.51e+03;722; 31%;  7%;  3%;8.04e+03;1.45e+03;7.98e+03; 40%;  7%; 40%;6.22e+03;1.49e+03;753; 31%;  7%;  3%;1.04e+03;1.85e+03;987;  5%;  9%;  4%;100;2.64e-05;0;0;0;0;0;0;0;100;0.00166;0;0;0;0;0;0;0;100;0.00161;0;0;0;0;0;0;0;2.72;7.43;0.0192;89.8;0;0;0;0;0;76.3;88.4;80.3;53.4;14.3 ;34.5 ;15.5 ;13.8 ;
2017-09-04;06:44:36.263;0.0861;0.184;0.467;0.619;265;317;0.165;0.19;0.00886;0.0106;26.5;25.1;2.99e+04;1.62e+05;2.17e+03;0.369;9.21;0.172;4.31;3.82e+04;75.5;2.53;0.0365;21.9;0;0;0;0;0;298;78.3;0.0883;0.143;0.619;0.619;72.6;86.9;0.164;0.193;0.00949;0.0113; 51440;912;9491;2.36;2.32;42;0.129;0.208;0.619;0.619;117;138;0.152;0.183;0.0105;0.0124; 49440;12279;3611;19.4;17.9;40;0.0957;0.155;0.619;0.619;74.7;90.4;0.173;0.198;0.009;0.0109; 49040;851;9663;2.36;2.28;44;0.0316;2.61;0.0121;0.619;0.099;1.55;0.936;0.232;3.62e-05;0.000568; 51120;17;11;2.3;2.64;49;6.21e+03;1.52e+03;709; 31%;  7%;  3%;8e+03;1.45e+03;7.98e+03; 40%;  7%; 40%;6.2e+03;1.49e+03;745; 31%;  7%;  3%;1.04e+03;1.86e+03;974;  5%;  9%;  4%;100;0;0;0;0;0;0;0;0;100;0.00135;0;0;0;0;0;0;0;100;0.000313;0;0;0;0;0;0;0;1.95;10.1;0.146;87.8;0;0;0;0;0;75.9;88.5;80.4;53.1;14.4 ;34.5 ;15.7 ;13.7 ;
2017-09-04;06:44:37.290;0.0788;0.169;0.465;0.619;263;316;0.169;0.189;0.00966;0.0116;26.4;25.1;2.72e+04;1.6e+05;2.16e+03;0.339;8.47;0.158;3.94;3.82e+04;75.1;2.11;0.19;22.6;0;0.882;0;0;0;296;77.9;0.0914;0.148;0.619;0.619;72.7;88;0.174;0.192;0.0092;0.0111; 50160;918;9473;2.39;2.34;42;0.126;0.204;0.619;0.619;115;136;0.153;0.177;0.0105;0.0124; 52080;12111;3604;19.3;17.8;40;0.096;0.155;0.619;0.619;75.1;91;0.175;0.202;0.00907;0.011; 48000;834;9632;2.36;2.27;44;0.00127;0.56;0.00226;0.618;0.155;1.61;0.903;0.251;0.00142;0.0147; 51200;9;0;2.32;2.66;49;6.19e+03;1.53e+03;716; 31%;  7%;  3%;7.98e+03;1.46e+03;7.95e+03; 40%;  7%; 40%;6.2e+03;1.51e+03;751; 31%;  7%;  3%;1.03e+03;1.88e+03;984;  5%;  9%;  4%;100;0;0;0;0;0;0;0;0;100;0.00128;0;0;0;0;0;0;0;100;0.00144;0;0;0;0;0;0;0;0.366;8.43;0.759;90.4;0;3.53;0;0;0;75.9;88.1;80;52.2;14.3 ;34.3 ;15.5 ;13.8 ;
2017-09-04;06:44:38.318;0.0777;0.168;0.462;0.619;262;313;0.163;0.19;0.00976;0.0117;26.3;25;2.68e+04;1.6e+05;2.16e+03;0.336;8.41;0.155;3.88;3.81e+04;74.6;2.17;0.165;23.1;0;0.222;0;0;0;296;77.9;0.0882;0.142;0.619;0.619;72.3;86.6;0.165;0.194;0.0095;0.0114; 49920;920;9435;2.37;2.31;42;0.125;0.203;0.619;0.619;114;135;0.154;0.171;0.0105;0.0124; 49280;12042;3561;19.3;17.9;40;0.0961;0.158;0.607;0.619;75.3;90.3;0.166;0.214;0.00907;0.0109; 52400;871;9677;2.31;2.24;44;0.000987;0.458;0.00215;0.618;0.168;1.14;0.852;0.277;0.00197;0.0133; 51760;6;0;2.29;2.62;49;6.19e+03;1.5e+03;711; 31%;  7%;  3%;7.99e+03;1.44e+03;7.94e+03; 40%;  7%; 40%;6.23e+03;1.48e+03;744; 31%;  7%;  3%;1.03e+03;1.85e+03;967;  5%;  9%;  4%;100;0.000833;0;0;0;0;0;0;0;100;0.00222;0;0;0;0;0;0;0;98;1.97;0;0;0;0;0;0;0;0.348;6.69;0.66;92.3;0;0.889;0;0;0;75.8;88.1;80;51.9;14.3 ;34.3 ;15.6 ;13.8 ;
2017-09-04;06:44:39.348;0.078;0.169;0.461;0.619;261;313;0.166;0.19;0.00966;0.0116;26.3;25;2.7e+04;1.6e+05;2.16e+03;0.338;8.45;0.156;3.9;3.81e+04;74.5;2.21;0.176;23.1;0;0.321;0;0;0;296;78;0.0934;0.151;0.619;0.619;73.1;88.6;0.175;0.197;0.00905;0.011; 51280;925;9530;2.34;2.27;42;0.122;0.197;0.619;0.619;113;133;0.155;0.164;0.0107;0.0127; 46560;12053;3523;19.3;17.9;40;0.0955;0.158;0.605;0.619;74.7;88.9;0.16;0.218;0.00904;0.0108; 53040;935;9706;2.35;2.27;44;0.00124;0.496;0.0025;0.616;0.198;1.63;0.879;0.235;0.00184;0.0152; 51680;5;6;2.3;2.62;49;6.15e+03;1.5e+03;715; 31%;  7%;  3%;8.02e+03;1.43e+03;7.93e+03; 40%;  7%; 40%;6.27e+03;1.5e+03;748; 31%;  7%;  3%;1.03e+03;1.84e+03;985;  5%;  9%;  4%;100;0.000545;0;0;0;0;0;0;0;100;0.0019;0;0;0;0;0;0;0;97.7;2.32;0;0;0;0;0;0;0;0.406;6.53;0.702;92.4;0;1.28;0;0;0;76;88.2;80.1;52;14.2 ;34.4 ;15.5 ;13.8 ;
2017-09-04;06:44:40.375;0.0787;0.171;0.461;0.619;263;316;0.168;0.191;0.00968;0.0116;26.4;25.1;2.72e+04;1.59e+05;2.16e+03;0.341;8.53;0.157;3.93;3.82e+04;74.5;1.07;0.173;24.2;0;18.5;0;0;0;296;78;0.0874;0.141;0.619;0.619;72.1;86.7;0.169;0.187;0.00955;0.0115; 48640;911;9510;2.36;2.3;42;0.128;0.207;0.619;0.619;115;137;0.16;0.176;0.0104;0.0124; 47120;12048;3608;19.3;17.9;40;0.0984;0.163;0.605;0.619;75.4;91.1;0.173;0.216;0.00888;0.0107; 52400;1032;9818;2.35;2.27;44;0.00102;0.474;0.00216;0.601;0.188;1.1;0.829;0.291;0.00213;0.0124; 52320;8;5;2.33;2.65;49;6.19e+03;1.5e+03;721; 31%;  7%;  3%;7.98e+03;1.45e+03;7.94e+03; 40%;  7%; 40%;6.24e+03;1.48e+03;747; 31%;  7%;  3%;1.05e+03;1.87e+03;1e+03;  5%;  9%;  5%;100;0.000934;0;0;0;0;0;0;0;100;0.00114;0;0;0;0;0;0;0;97.7;2.34;0;0;0;0;0;0;0;0.359;1.93;0.693;97;0;73.9;0;0;0;75.7;88.2;80.1;51.6;14.3 ;34.4 ;15.6 ;13.7 ;
2017-09-04;06:44:41.404;0.0784;0.17;0.461;0.619;261;312;0.164;0.19;0.00965;0.0115;26.3;25;2.71e+04;1.59e+05;2.16e+03;0.34;8.5;0.157;3.92;3.81e+04;74.5;1.72;0.152;23.6;0;8.39;0;0;0;296;77.7;0.0883;0.143;0.619;0.619;72.6;86.8;0.164;0.196;0.00953;0.0114; 52000;919;9445;2.35;2.3;42;0.126;0.204;0.619;0.619;114;135;0.157;0.169;0.0104;0.0123; 51040;12074;3543;19.3;17.9;40;0.0979;0.162;0.605;0.619;74.7;89.6;0.166;0.212;0.00884;0.0106; 52480;964;9901;2.33;2.26;44;0.000988;0.466;0.00212;0.612;0.182;1.09;0.833;0.301;0.00213;0.0128; 53440;7;30;2.29;2.62;49;6.18e+03;1.5e+03;708; 31%;  7%;  3%;7.99e+03;1.44e+03;7.94e+03; 40%;  7%; 40%;6.24e+03;1.48e+03;746; 31%;  7%;  3%;1.03e+03;1.85e+03;968;  5%;  9%;  4%;100;0.000444;0;0;0;0;0;0;0;100;0.00312;0;0;0;0;0;0;0;97.7;2.32;0;0;0;0;0;0;0;0.347;4.57;0.607;94.5;0;33.5;0;0;0;75.8;88.2;80;51.8;14.2 ;34.2 ;15.5 ;13.8 ;
2017-09-04;06:44:42.432;0.0786;0.17;0.461;0.619;263;314;0.163;0.197;0.00969;0.0116;26.3;25;2.71e+04;1.59e+05;2.16e+03;0.341;8.52;0.157;3.93;3.8e+04;74.5;1.62;0.127;23.8;0;9.78;0;0;0;296;77.9;0.0894;0.144;0.619;0.619;72.8;86.5;0.158;0.205;0.00943;0.0112; 50320;926;9505;2.36;2.3;42;0.124;0.2;0.619;0.619;114;135;0.155;0.174;0.0107;0.0127; 47600;12097;3523;19.3;17.9;40;0.1;0.166;0.605;0.619;75.5;91.2;0.172;0.222;0.00874;0.0106; 47840;934;9839;2.34;2.25;44;0.000951;0.461;0.00206;0.61;0.177;1.1;0.839;0.281;0.00216;0.0134; 54160;9;22;2.3;2.63;49;6.19e+03;1.5e+03;722; 31%;  7%;  3%;7.94e+03;1.43e+03;7.95e+03; 40%;  7%; 40%;6.21e+03;1.48e+03;750; 31%;  7%;  3%;1.05e+03;1.82e+03;988;  5%;  9%;  5%;100;0.000341;0;0;0;0;0;0;0;100;0.000967;0;0;0;0;0;0;0;97.7;2.34;0;0;0;0;0;0;0;0.338;4.14;0.51;95;0;39.1;0;0;0;75.8;88.1;80.2;51.7;14.3 ;34.4 ;15.6 ;13.7 ;
2017-09-04;06:44:43.458;0.0766;0.166;0.461;0.619;261;310;0.16;0.192;0.00986;0.0117;26.2;25;2.64e+04;1.59e+05;2.16e+03;0.332;8.3;0.153;3.83;3.8e+04;74.5;1.2;0.21;24.1;0;17;0;0;0;295;77.7;0.0824;0.133;0.619;0.619;72.3;84.6;0.146;0.197;0.0102;0.0119; 51920;887;9477;2.35;2.3;42;0.122;0.197;0.619;0.619;113;134;0.151;0.168;0.0108;0.0127; 48080;12094;3549;19.2;17.8;40;0.101;0.166;0.605;0.619;74.8;90.8;0.176;0.218;0.00862;0.0105; 48400;923;9614;2.3;2.24;44;0.00108;0.479;0.00225;0.603;0.187;1.32;0.858;0.262;0.00201;0.0141; 52320;9;0;2.29;2.62;49;6.21e+03;1.51e+03;709; 31%;  7%;  3%;7.94e+03;1.44e+03;7.94e+03; 40%;  7%; 40%;6.18e+03;1.48e+03;746; 31%;  7%;  3%;1.03e+03;1.85e+03;971;  5%;  9%;  4%;100;0.00177;0;0;0;0;0;0;0;100;0.00125;0;0;0;0;0;0;0;97.7;2.32;0;0;0;0;0;0;0;0.374;2.47;0.842;96.3;0;68;0;0;0;75.5;87.9;79.9;51.5;14.2 ;34.3 ;15.4 ;13.8 ;
2017-09-04;06:44:44.487;0.0799;0.173;0.461;0.619;263;315;0.165;0.196;0.00953;0.0114;26.3;25.1;2.76e+04;1.59e+05;2.15e+03;0.347;8.67;0.16;4;3.82e+04;74.5;1.82;0.164;23.5;0;7.15;0;0;0;296;77.9;0.0899;0.145;0.619;0.619;73.1;86.6;0.156;0.209;0.00944;0.0112; 51440;934;9513;2.37;2.32;43;0.129;0.208;0.619;0.619;115;137;0.159;0.176;0.0103;0.0123; 49360;12048;3591;19.3;17.9;40;0.0998;0.165;0.604;0.619;74.7;90.3;0.173;0.213;0.00867;0.0105; 48560;883;9419;2.35;2.28;44;0.0013;0.579;0.00224;0.612;0.187;1.36;0.863;0.258;0.00166;0.0121; 51360;12;1;2.3;2.64;49;6.22e+03;1.52e+03;714; 31%;  7%;  3%;7.98e+03;1.44e+03;7.97e+03; 40%;  7%; 40%;6.22e+03;1.5e+03;748; 31%;  7%;  3%;1.03e+03;1.85e+03;976;  5%;  9%;  4%;100;0.000132;0;0;0;0;0;0;0;100;0.00252;0;0;0;0;0;0;0;97.6;2.41;0;0;0;0;0;0;0;0.367;4.86;0.656;94.1;0;28.6;0;0;0;75.9;88.4;80.2;51.8;14.3 ;34.2 ;15.6 ;13.9 ;
2017-09-04;06:44:45.518;0.0787;0.171;0.461;0.619;263;313;0.162;0.196;0.00964;0.0115;26.4;25.2;2.72e+04;1.6e+05;2.16e+03;0.341;8.54;0.157;3.94;3.82e+04;74.5;1.28;0.19;24;0;15.7;0;0;0;296;78.3;0.0898;0.145;0.619;0.619;73.1;87.1;0.162;0.204;0.0094;0.0112; 51760;933;9519;2.38;2.32;43;0.129;0.208;0.619;0.619;115;136;0.154;0.176;0.0103;0.0122; 48560;12121;3587;19.3;17.9;40;0.0955;0.158;0.604;0.619;74.3;89;0.165;0.215;0.009;0.0108; 50400;873;9252;2.35;2.27;44;0.00112;0.472;0.00237;0.605;0.19;1.31;0.855;0.265;0.00197;0.0136; 50080;9;0;2.31;2.64;49;6.22e+03;1.5e+03;717; 31%;  7%;  3%;7.98e+03;1.46e+03;7.97e+03; 40%;  7%; 40%;6.24e+03;1.48e+03;745; 31%;  7%;  3%;1.03e+03;1.87e+03;980;  5%;  9%;  4%;100;0.00394;0;0;0;0;0;0;0;100;0.00511;0;0;0;0;0;0;0;97.6;2.37;0;0;0;0;0;0;0;0.392;2.75;0.76;96.1;0;62.9;0;0;0;76;88.5;80.1;51.8;14.3 ;34.5 ;15.7 ;13.8 ;
2017-09-04;06:44:46.546;0.0963;0.217;0.444;0.619;276;330;0.165;0.249;0.00828;0.00992;26.5;25.6;3.33e+04;1.53e+05;2.16e+03;0.434;10.9;0.193;4.82;3.91e+04;71.7;3.74;0.144;24.4;0;19.1;0;0;0;297;78.8;0.088;0.142;0.619;0.619;73;86.4;0.155;0.205;0.00958;0.0113; 53040;911;9529;2.47;2.44;43;0.199;0.362;0.55;0.619;127;153;0.171;0.283;0.00741;0.00893; 49600;12268;4181;19.1;18;40;0.0976;0.162;0.604;0.619;75.5;89.6;0.158;0.229;0.00894;0.0106; 45200;862;9254;2.45;2.41;44;0.000842;0.418;0.00201;0.604;0.192;0.847;0.773;0.341;0.00264;0.0116; 50160;8;1;2.46;2.81;49;6.36e+03;1.51e+03;729; 32%;  7%;  3%;8.1e+03;1.58e+03;8.05e+03; 40%;  7%; 40%;6.38e+03;1.5e+03;763; 32%;  7%;  3%;1.05e+03;2.06e+03;991;  5%; 10%;  5%;100;0.000391;0;0;0;0;0;0;0;88.8;10.6;0;0.643;0;0;0;0;0;97.5;2.46;0;0;0;0;0;0;0;0.333;1.92;0.576;97.2;0;76.4;0;0;0;75.7;90;80;51.6;14.5 ;34.3 ;15.9 ;14 ;
2017-09-04;06:44:47.566;0.133;0.332;0.401;0.619;285;349;0.183;0.347;0.00622;0.00762;26.1;26.7;4.58e+04;1.38e+05;2.16e+03;0.664;16.6;0.266;6.66;4.33e+04;64.8;8.18;0.199;26.8;0;18.8;0;0;0;299;79.2;0.0974;0.157;0.619;0.619;81.3;96.3;0.156;0.201;0.00968;0.0115; 49040;1009;10653;2.68;2.65;42;0.331;0.871;0.379;0.619;120;154;0.219;0.465;0.00422;0.0054; 52080;11396;4982;18.1;18.4;40;0.104;0.172;0.604;0.619;83.8;98.4;0.148;0.216;0.0094;0.011; 48320;905;10379;2.69;2.63;44;0.000871;0.424;0.00205;0.604;0.189;0.776;0.757;0.378;0.00252;0.0104; 50000;7;2;2.66;3.08;49;6.99e+03;1.68e+03;797; 35%;  8%;  4%;9.07e+03;1.73e+03;8.96e+03; 46%;  8%; 45%;7.11e+03;1.67e+03;830; 36%;  8%;  4%;1.14e+03;2.21e+03;1.09e+03;  5%; 11%;  5%;100;0.000307;0;0;0;0;0;0;0;61.3;28.3;0;10.4;0;0;0;0;0;97.5;2.46;0;0;0;0;0;0;0;0.34;1.9;0.797;97;0;75.1;0;0;0;76.2;90.6;80.3;51.5;14.7 ;33.9 ;16.2 ;14.3 ;
2017-09-04;06:44:48.586;0.0779;0.254;0.307;0.619;226;270;0.162;0.257;0.00847;0.0101;22.3;25.3;2.67e+04;1.05e+05;2.14e+03;0.508;12.7;0.156;3.9;4.72e+04;49.5;6.05;0.24;44.2;0;13.2;0;0;0;278;74.4;0.13;0.215;0.607;0.619;109;129;0.154;0.205;0.00979;0.0116; 50960;1378;14074;2.1;1.86;42;0.0501;2.94;0.017;0.619;4.08;8.79;0.536;0.739;0.000949;0.00205; 52000;131;356;16.1;19.3;41;0.13;0.217;0.6;0.619;113;131;0.141;0.209;0.0101;0.0117; 48720;1279;13854;2.05;1.8;44;0.000836;0.458;0.00183;0.61;0.177;0.68;0.739;0.384;0.00247;0.00949; 50000;7;3;2.04;2.37;49;7.41e+03;2.07e+03;930; 37%; 10%;  4%;1.09e+04;989;1.06e+04; 55%;  5%; 54%;7.67e+03;2.04e+03;945; 39%; 10%;  4%;1.35e+03;990;1.35e+03;  6%;  5%;  6%;98.1;1.64;0;0.27;0;0;0;0;0;2.75;16.6;0;80.7;0;4.35;0;0;0;96.9;2.52;0;0.59;0;0;0;0;0;0.299;3.47;0.96;95.3;0;48.5;0;0;0;77.8;67.5;81.9;51.2;13.4 ;33.5 ;14.4 ;13.1 ;
2017-09-04;06:44:49.604;0.0959;0.339;0.283;0.619;239;287;0.166;0.307;0.00729;0.00875;22.3;25.8;3.28e+04;9.67e+04;2.14e+03;0.679;17;0.192;4.8;4.73e+04;45.7;14.1;0.193;40;0;18.5;0;0;0;281;75.3;0.159;0.277;0.574;0.619;114;135;0.155;0.253;0.00839;0.00993; 45040;1472;14274;2.21;1.97;42;0.0311;2.88;0.0108;0.619;2.54;5.38;0.528;0.806;0.000956;0.00203; 52000;81;224;15.7;19.4;41;0.192;0.354;0.543;0.619;122;146;0.161;0.286;0.00744;0.00886; 50160;1496;13963;2.23;1.93;43;0.00101;0.48;0.00211;0.605;0.218;0.791;0.725;0.445;0.00252;0.00915; 50000;11;0;2.16;2.52;49;7.37e+03;2.26e+03;984; 37%; 11%;  5%;1.07e+04;917;1.04e+04; 54%;  4%; 53%;7.67e+03;2.23e+03;1.03e+03; 39%; 11%;  5%;1.47e+03;917;1.43e+03;  7%;  4%;  7%;92.8;7.24;0;0;0;0;0;0;0;1.74;35.7;0;62.5;0;0;0;0;0;87.8;11.6;0;0.653;0;0;0;0;0;0.348;1.95;0.771;96.9;0;74;0;0;0;78.6;68;83.6;51.1;13.7 ;33.3 ;14.9 ;13.5 ;
2017-09-04;06:44:50.619;0.185;0.851;0.217;0.619;282;358;0.212;0.448;0.00447;0.00568;22.7;27;6.3e+04;7.41e+04;2.14e+03;1.7;42.6;0.369;9.23;4.72e+04;35;20.1;0.19;44.6;0;13.6;0;0;0;286;77.4;0.365;0.822;0.445;0.619;151;188;0.198;0.429;0.00483;0.00602; 47360;2157;16791;2.92;2.51;42;0.0209;2.86;0.00732;0.619;1.72;3.52;0.513;0.714;0.00096;0.00197; 51680;55;152;14;18.5;42;0.351;0.849;0.414;0.619;129;166;0.22;0.458;0.00432;0.00553; 50000;1868;13131;2.91;2.59;44;0.00103;0.497;0.00208;0.606;0.232;0.872;0.734;0.435;0.00263;0.00989; 50400;16;14;2.86;3.34;49;7.56e+03;2.96e+03;1.42e+03; 38%; 15%;  7%;8.79e+03;778;1e+04; 45%;  3%; 51%;6.61e+03;3.03e+03;1.31e+03; 33%; 15%;  6%;1.84e+03;775;2.04e+03;  9%;  3%; 10%;71.8;25.1;0;3.03;0;0;0;0;0;1.18;28.6;0;70.2;0;0;0;0;0;66.8;23.6;0;9.6;0;0;0;0;0;0.343;3.2;0.76;95.7;0;54.4;0;0;0;84;65.3;85.7;51;14.7 ;31.8 ;16.3 ;14.7 ;
2017-09-04;06:44:51.657;0.11;0.354;0.31;0.619;206;225;0.0824;0.226;0.00544;0.00593;34.8;48.9;3.79e+04;1.07e+05;2.13e+03;0.708;17.7;0.219;5.48;6.62e+04;50;5.32;0.179;44.5;0;20.8;0;0;0;278;95;0.202;0.476;0.425;0.619;73.5;86;0.145;0.367;0.00423;0.00495; 51440;4492;13371;8.69;11.7;40;0.11;0.274;0.402;0.619;65.1;67;0.0286;0.0778;0.00685;0.00706; 51040;4564;13799;8.69;11.8;41;0.126;0.306;0.41;0.619;67.1;70;0.0407;0.12;0.00617;0.00644; 49840;4728;14157;8.73;11.7;41;0.00121;0.418;0.0029;0.604;0.264;1.51;0.826;0.288;0.00251;0.0144; 50480;10;63;8.66;13.8;48;7.14e+03;7.19e+03;3.44e+03; 36%; 36%; 17%;7.33e+03;3.53e+03;7.11e+03; 37%; 17%; 36%;7.34e+03;7.18e+03;3.61e+03; 37%; 36%; 18%;4.19e+03;4.11e+03;4.03e+03; 21%; 20%; 20%;68.6;8.45;0;22.9;0;0.0587;0;0;0;65;7.38;0;27.7;0;0;0;0;0;66.3;3.55;0;30.1;0;8.44;0;0;0;0.48;1.94;0.714;96.9;0;74.4;0;0;0;77.8;73.1;78.3;49;23.3 ;23.8 ;24.3 ;23.6 ;
2017-09-04;06:44:52.688;0.111;0.244;0.453;0.619;297;303;0.0203;0.0151;0.00772;0.00788;49.2;69.4;3.84e+04;1.57e+05;2.18e+03;0.488;12.2;0.221;5.53;9.37e+04;73.1;2.14;0.198;24.5;0;9.79;0;0;0;340;120;0.133;0.215;0.618;0.619;88.5;90;0.0168;0.0134;0.00764;0.00777; 50080;6232;18315;12.4;16.9;40;0.151;0.253;0.599;0.619;103;104;0.0151;0.0128;0.00779;0.00791; 49600;6898;20956;12.3;16.5;41;0.156;0.264;0.59;0.619;105;107;0.0147;0.0129;0.00777;0.00789; 38560;7093;21373;12.3;16.4;42;0.00139;0.472;0.00294;0.611;0.197;1.67;0.882;0.283;0.00164;0.0139; 49040;10;1;12.3;19.6;49;9.96e+03;1.01e+04;4.61e+03; 50%; 50%; 23%;1.07e+04;5.13e+03;9.84e+03; 53%; 25%; 49%;1.06e+04;9.99e+03;5.27e+03; 53%; 50%; 26%;6.14e+03;5.97e+03;5.34e+03; 30%; 30%; 26%;99.9;0.118;0;0;0;0;0;0;0;96.7;1.85;0;1.45;0;0;0;0;0;95.3;2.16;0;2.58;0;0;0;0;0;0.481;4.44;0.792;94.3;0;39.3;0;0;0;92.9;90.5;98.5;58.1;29.8 ;29.7 ;30.5 ;30.1 ;
2017-09-04;06:44:53.709;0.302;0.71;0.425;0.619;566;616;0.0804;0.198;0.00545;0.00592;48.3;42.5;1.04e+05;1.46e+05;2.16e+03;1.42;35.5;0.603;15.1;7.78e+04;68.7;1.8;0.192;29.4;0;22.8;0;0;0;334;105;0.381;0.639;0.596;0.619;186;200;0.07;0.18;0.00566;0.00609; 49600;4696;17914;10.2;7.77;41;0.481;0.867;0.554;0.619;222;242;0.0823;0.207;0.00537;0.00585; 43840;8363;12772;17.8;16.9;39;0.343;0.628;0.546;0.619;157;171;0.0787;0.204;0.00533;0.00578; 51040;3415;13654;10.2;8.36;42;0.0016;0.587;0.00272;0.606;0.279;2.37;0.883;0.212;0.00203;0.0173; 47840;14;8;10.1;9.42;49;1.01e+04;6.69e+03;3.58e+03; 51%; 33%; 18%;9.29e+03;3.49e+03;1.02e+04; 47%; 17%; 51%;9.4e+03;6.87e+03;2.82e+03; 47%; 34%; 14%;4.36e+03;5.64e+03;5.33e+03; 22%; 28%; 27%;96.3;2.28;0;1.45;0;0;0;0;0;89.6;1.39;0;9.03;0;7.3;0;0;0;88.3;1.31;0;10.4;0;8.29;0;0;0;0.449;2.19;0.768;96.6;0;75.7;0;0;0;90.2;98.1;90.6;55.2;23.6 ;33 ;25.3 ;23.2 ;
2017-09-04;06:44:54.729;0.326;0.702;0.465;0.619;594;649;0.0846;0.204;0.00531;0.0058;50;42;1.12e+05;1.59e+05;2.15e+03;1.4;35.1;0.653;16.3;7.95e+04;75.1;1.01;0.186;23.7;0;11.3;0;0;0;341;106;0.39;0.629;0.619;0.619;174;189;0.0802;0.203;0.00521;0.00567; 52160;3608;15321;10.4;7.74;40;0.533;0.861;0.619;0.619;246;270;0.0857;0.206;0.0054;0.0059; 56160;9699;14685;18.9;17.4;39;0.381;0.615;0.619;0.619;173;188;0.0787;0.2;0.0053;0.00576; 49280;3685;14866;10.4;7.79;42;0.00177;0.655;0.0027;0.608;0.209;1.99;0.895;0.267;0.00138;0.0132; 48400;14;1;10.3;9.01;49;1.03e+04;6.42e+03;3.04e+03; 52%; 32%; 15%;1.02e+04;3.78e+03;1.02e+04; 52%; 19%; 51%;1.04e+04;6.42e+03;3.07e+03; 52%; 32%; 15%;4.76e+03;6.19e+03;4.74e+03; 24%; 31%; 24%;100;0;0;0;0;0;0;0;0;100;0.00163;0;0;0;0;0;0;0;100;0.000603;0;0;0;0;0;0;0;0.444;4.06;0.746;94.8;0;45.4;0;0;0;89.4;102;93.9;55.4;23.7 ;33.8 ;25.1 ;23.2 ;
2017-09-04;06:44:55.749;0.327;0.703;0.465;0.619;595;649;0.084;0.204;0.00531;0.0058;50;42.2;1.12e+05;1.59e+05;2.14e+03;1.41;35.1;0.654;16.3;7.97e+04;75.1;1.2;0.173;23.5;0;10.9;0;0;0;341;106;0.387;0.625;0.619;0.619;174;190;0.081;0.202;0.00526;0.00572; 53520;3851;16202;10.4;7.8;41;0.539;0.87;0.619;0.619;246;269;0.0843;0.207;0.00534;0.00583; 49920;9332;14092;18.9;17.5;38;0.379;0.612;0.619;0.619;174;188;0.0788;0.198;0.00535;0.00581; 54960;3756;15206;10.4;7.84;42;0.0026;0.805;0.00323;0.611;0.331;1.94;0.829;0.44;0.00149;0.00871; 49920;26;6;10.3;9.08;49;1.03e+04;6.43e+03;3.04e+03; 52%; 32%; 15%;1.03e+04;3.8e+03;1.02e+04; 52%; 19%; 52%;1.04e+04;6.43e+03;3.07e+03; 53%; 32%; 15%;4.76e+03;6.18e+03;4.75e+03; 24%; 31%; 24%;100;0.000998;0;0;0;0;0;0;0;100;0.000465;0;0;0;0;0;0;0;100;0.000761;0;0;0;0;0;0;0;0.529;4.79;0.692;94;0;43.6;0;0;0;89.3;102;93.8;55.5;23.7 ;33.8 ;25 ;23.2 ;
2017-09-04;06:44:56.769;0.325;0.829;0.392;0.619;568;621;0.0845;0.212;0.00511;0.00558;46.9;40.7;1.11e+05;1.34e+05;2.14e+03;1.66;41.5;0.651;16.3;7.91e+04;63.4;2.61;0.163;33.8;0;17.6;0;0;0;335;104;0.47;0.763;0.616;0.619;216;234;0.0781;0.201;0.00536;0.00581; 56400;4391;18712;9.9;7.02;40;0.35;1.06;0.331;0.619;136;151;0.102;0.25;0.00454;0.00506; 48480;4850;8013;17.4;18.1;41;0.466;0.757;0.616;0.619;217;235;0.0762;0.197;0.00544;0.00588; 46320;4561;18778;9.87;7.06;42;0.0147;2.26;0.00649;0.616;0.169;0.974;0.826;0.369;0.000135;0.000775; 49600;14;0;9.75;8.57;49;9.17e+03;7.47e+03;3.32e+03; 46%; 38%; 16%;1.07e+04;2.73e+03;1.06e+04; 54%; 13%; 54%;9.31e+03;7.47e+03;3.37e+03; 47%; 38%; 17%;5.43e+03;4.09e+03;5.39e+03; 27%; 20%; 27%;99.5;0.479;0;0.00945;0;0;0;0;0;53.5;4.68;0;41.8;0;29.2;0;0;0;99.5;0.498;0;0;0;0;0;0;0;1.05;4.79;0.654;93.5;0;41.1;0;0;0;94.7;87.2;97.2;55.5;22.9 ;33.5 ;24.4 ;22.7 ;
2017-09-04;06:44:57.793;0.321;1.08;0.296;0.619;472;528;0.107;0.287;0.00429;0.0048;38.5;32.6;1.1e+05;1.02e+05;2.14e+03;2.17;54.2;0.642;16;6.36e+04;47.8;9.44;0.00294;42.8;0;1.92;0;0;0;305;91.3;0.472;1.04;0.453;0.619;177;198;0.106;0.289;0.00438;0.0049; 49840;3348;13525;8.36;5.98;40;0.234;0.94;0.249;0.619;99.7;112;0.107;0.254;0.00497;0.00556; 47760;3516;5679;13.5;13.4;39;0.532;1.14;0.466;0.619;195;219;0.107;0.3;0.00427;0.00478; 51680;3869;14444;8.33;5.88;42;0.0458;2.8;0.0164;0.619;0.0606;0.321;0.812;0.298;1.54e-05;8.16e-05; 49920;1;6;8.28;7.28;49;6.83e+03;6.57e+03;2.77e+03; 34%; 33%; 14%;8.32e+03;2.22e+03;8.02e+03; 42%; 11%; 40%;6.95e+03;6.33e+03;2.95e+03; 35%; 32%; 15%;4.91e+03;3.2e+03;4.5e+03; 25%; 16%; 22%;73.1;7.76;0;19.1;0;2;0;0;0;40.2;12.7;0;47.1;0;5.67;0;0;0;75.2;11.9;0;12.9;0;0;0;0;0;2.65;5.39;0.0117;92;0;0;0;0;0;85.7;74.4;92.7;52.2;20.7 ;28.1 ;22.1 ;20.4 ;
2017-09-04;06:44:58.813;0.357;0.761;0.469;0.619;615;683;0.0995;0.206;0.00502;0.00557;51.2;44;1.23e+05;1.61e+05;2.15e+03;1.52;38;0.713;17.8;8.18e+04;75.7;1.5;0.00172;22.8;0;0;0;0;0;347;107;0.414;0.668;0.619;0.619;182;202;0.0962;0.206;0.00512;0.00567; 54560;3753;16289;10.8;8.36;40;0.549;0.886;0.619;0.619;247;275;0.101;0.208;0.00524;0.00583; 52800;9225;14698;19.1;17.7;39;0.417;0.674;0.619;0.619;186;205;0.0957;0.202;0.00518;0.00573; 51200;3828;13981;10.7;8.29;42;0.0466;2.79;0.0167;0.619;0.0743;1.41;0.947;0.12;1.86e-05;0.000352; 49680;2;2;10.6;9.68;49;1.04e+04;6.94e+03;3.19e+03; 52%; 35%; 16%;1.03e+04;3.86e+03;1.03e+04; 52%; 19%; 52%;1.03e+04;6.89e+03;3.32e+03; 52%; 35%; 16%;5.09e+03;6.16e+03;4.92e+03; 25%; 31%; 25%;100;0.00731;0;0;0;0;0;0;0;100;0.00109;0;0;0;0;0;0;0;100;0.000297;0;0;0;0;0;0;0;2.7;6.01;0.00687;91.3;0;0;0;0;0;92.2;103;95.5;56.8;24.2 ;33.9 ;25.6 ;23.7 ;
2017-09-04;06:44:59.833;0.355;0.758;0.468;0.619;613;680;0.0996;0.205;0.00503;0.00559;51.2;44;1.22e+05;1.61e+05;2.14e+03;1.52;37.9;0.711;17.8;8.17e+04;75.7;1.53;0.00359;22.8;0;0;0;0;0;348;107;0.416;0.672;0.619;0.619;182;202;0.0966;0.206;0.00512;0.00566; 51040;3782;16496;10.8;8.36;40;0.547;0.883;0.619;0.619;246;274;0.1;0.207;0.00525;0.00584; 47200;8746;13983;19;17.7;39;0.412;0.665;0.619;0.619;184;203;0.0953;0.2;0.00521;0.00576; 49520;3963;14401;10.7;8.31;42;0.0468;2.77;0.0169;0.619;0.0707;1.58;0.955;0.115;1.76e-05;0.000393; 49760;1;7;10.6;9.69;49;1.03e+04;6.92e+03;3.2e+03; 52%; 35%; 16%;1.03e+04;3.86e+03;1.03e+04; 52%; 19%; 52%;1.03e+04;6.9e+03;3.31e+03; 52%; 35%; 16%;5.06e+03;6.15e+03;4.95e+03; 25%; 31%; 25%;100;0.01;0;0;0;0;0;0;0;100;0.00172;0;0;0;0;0;0;0;100;0.00117;0;0;0;0;0;0;0;2.72;6.09;0.0144;91.2;0;0;0;0;0;92.5;103;95.3;56.8;24.1 ;34 ;25.5 ;23.6 ;
2017-09-04;06:45:00.853;0.379;0.859;0.441;0.619;615;686;0.104;0.232;0.00474;0.00529;50.8;44.3;1.3e+05;1.51e+05;2.14e+03;1.72;42.9;0.758;19;8.36e+04;71.3;3.61;0.00272;25.1;0;0;0;0;0;353;107;0.453;0.733;0.618;0.619;201;223;0.0952;0.205;0.00519;0.00574; 56480;4067;17851;10.9;8.29;40;0.564;1.1;0.513;0.619;209;237;0.118;0.284;0.00434;0.00492; 55440;6151;11331;18.5;18;39;0.453;0.733;0.618;0.619;204;225;0.0936;0.199;0.00527;0.00582; 45440;4263;15464;10.8;8.24;41;0.0465;2.78;0.0167;0.619;0.0995;1.02;0.902;0.154;2.5e-05;0.000256; 50800;4;6;10.7;9.8;49;1.02e+04;7.52e+03;3.39e+03; 52%; 38%; 17%;1.07e+04;3.56e+03;1.07e+04; 54%; 18%; 54%;1.02e+04;7.49e+03;3.53e+03; 51%; 38%; 18%;5.47e+03;5.55e+03;5.3e+03; 27%; 28%; 27%;99.9;0.105;0;0;0;0;0;0;0;82.8;8.29;0;8.87;0;0;0;0;0;99.8;0.191;0;0;0;0;0;0;0;2.7;5.87;0.0109;91.4;0;0;0;0;0;95.6;101;99.7;56.8;24.2 ;33.7 ;25.3 ;24 ;
2017-09-04;06:45:01.889;0.253;0.98;0.258;0.619;370;422;0.123;0.302;0.00423;0.00482;30.2;27.4;8.74e+04;8.92e+04;2.14e+03;1.96;49;0.506;12.6;5.07e+04;41.7;7.95;0.000837;50.4;0;8.91;0;0;0;282;81.3;0.467;1.04;0.448;0.619;177;202;0.121;0.316;0.00441;0.00502; 51840;3542;16040;6;4.34;42;0.045;0.36;0.125;0.619;25.4;30.3;0.161;0.332;0.00654;0.0078; 48480;2474;929;12.4;13.1;41;0.454;1.02;0.444;0.619;167;189;0.115;0.281;0.00425;0.0048; 49040;3448;13160;5.93;4.33;44;0.0464;2.81;0.0165;0.619;0.104;1.01;0.897;0.137;2.59e-05;0.000251; 51360;4;5;5.89;5.56;49;5.3e+03;5.52e+03;2.39e+03; 26%; 27%; 12%;7.03e+03;1.13e+03;7.52e+03; 35%;  5%; 38%;4.93e+03;5.54e+03;2.37e+03; 24%; 28%; 12%;3.86e+03;1.21e+03;3.93e+03; 19%;  6%; 19%;72.4;8.31;0;19.3;0;0;0;0;0;20.2;10.2;0;69.6;0;24.9;0;0;0;71.7;7.65;0;20.7;0;10.7;0;0;0;2.67;5.67;0.00334;91.7;0;0;0;0;0;83;61.7;86.8;50;17.9 ;26.7 ;18.9 ;17.7 ;
2017-09-04;06:45:02.921;0.0889;0.19;0.468;0.619;263;315;0.163;0.188;0.00852;0.0102;26.5;25.1;3.09e+04;1.63e+05;2.18e+03;0.38;9.49;0.178;4.44;3.82e+04;75.6;0.977;0.00168;23.4;0;0;0;0;0;298;78.2;0.0894;0.145;0.617;0.619;73.4;87.2;0.158;0.199;0.00944;0.0112; 53120;980;9431;2.38;2.32;42;0.124;0.201;0.619;0.619;115;136;0.155;0.171;0.0106;0.0126; 49760;12330;3825;19.4;17.9;40;0.0954;0.154;0.619;0.619;75.2;90.4;0.168;0.201;0.00908;0.0109; 50400;977;9504;2.35;2.26;44;0.0465;2.76;0.0168;0.619;0.0838;1.39;0.94;0.23;2.08e-05;0.000344; 52800;16;6;2.31;2.64;49;6.2e+03;1.53e+03;718; 31%;  7%;  3%;8.01e+03;1.44e+03;7.98e+03; 40%;  7%; 40%;6.2e+03;1.52e+03;757; 31%;  7%;  3%;1.05e+03;1.85e+03;985;  5%;  9%;  4%;99.7;0.298;0;0;0;0;0;0;0;100;0.000718;0;0;0;0;0;0;0;100;0.00127;0;0;0;0;0;0;0;2.72;3.61;0.00672;93.7;0;0;0;0;0;76.2;88.5;80.4;53.1;14.3 ;34.5 ;15.6 ;13.8 ;
2017-09-04;06:45:03.949;0.0774;0.166;0.465;0.619;263;315;0.164;0.189;0.00981;0.0117;26.4;25;2.68e+04;1.61e+05;2.17e+03;0.333;8.32;0.155;3.87;3.8e+04;75.1;0.861;0.256;23.8;0;12.9;0;0;0;296;77.8;0.0921;0.149;0.619;0.619;73.4;88.4;0.17;0.198;0.0092;0.0111; 54080;1011;9375;2.37;2.3;42;0.121;0.196;0.619;0.619;113;134;0.155;0.166;0.0108;0.0128; 47840;12257;3812;19.4;17.8;40;0.094;0.152;0.619;0.619;76.3;90.7;0.159;0.213;0.00936;0.0111; 51920;992;9483;2.34;2.25;43;0.00207;0.761;0.00273;0.606;0.21;1.74;0.879;0.299;0.00117;0.00971; 52320;13;3;2.28;2.62;49;6.13e+03;1.53e+03;727; 30%;  7%;  3%;7.98e+03;1.41e+03;7.91e+03; 40%;  7%; 39%;6.19e+03;1.51e+03;758; 31%;  7%;  3%;1.05e+03;1.8e+03;995;  5%;  9%;  5%;100;0.000239;0;0;0;0;0;0;0;100;0.00215;0;0;0;0;0;0;0;100;0;0;0;0;0;0;0;0;0.45;3.45;1.02;95.1;0;51.6;0;0;0;76;88;80.1;51.8;14.2 ;34.4 ;15.5 ;13.7 ;
2017-09-04;06:45:04.980;0.0748;0.161;0.465;0.619;259;310;0.163;0.181;0.01;0.012;26.3;24.9;2.59e+04;1.61e+05;2.16e+03;0.322;8.04;0.15;3.74;3.8e+04;75.1;0.928;0.233;23.7;0;14.4;0;0;0;296;78;0.0885;0.143;0.619;0.619;73.2;87.5;0.164;0.196;0.00956;0.0114; 57280;969;9383;2.34;2.27;42;0.117;0.189;0.619;0.619;111;131;0.151;0.158;0.011;0.013; 47840;12233;3740;19.4;17.9;40;0.092;0.149;0.619;0.619;74.8;89.2;0.162;0.199;0.00938;0.0112; 52080;956;9438;2.33;2.24;44;0.00175;0.64;0.00274;0.605;0.197;1.92;0.897;0.262;0.0013;0.0127; 50560;12;0;2.25;2.58;49;6.17e+03;1.54e+03;719; 31%;  7%;  3%;7.99e+03;1.41e+03;7.94e+03; 40%;  7%; 40%;6.17e+03;1.53e+03;744; 31%;  7%;  3%;1.02e+03;1.8e+03;986;  5%;  9%;  4%;100;0.00102;0;0;0;0;0;0;0;100;0.00335;0;0;0;0;0;0;0;100;0.000335;0;0;0;0;0;0;0;0.452;3.71;0.933;94.9;0;57.7;0;0;0;76.1;88.2;80.1;51.9;14.2 ;34.6 ;15.5 ;13.7 ;
2017-09-04;06:45:06.010;0.0778;0.167;0.465;0.619;263;316;0.166;0.191;0.00979;0.0117;26.5;25.1;2.69e+04;1.61e+05;2.16e+03;0.334;8.36;0.156;3.89;3.82e+04;75.1;1.94;0.22;22.7;0;0.21;0;0;0;297;78.1;0.0887;0.143;0.619;0.619;73.9;88.3;0.163;0.203;0.00963;0.0115; 48240;984;9413;2.4;2.33;42;0.123;0.198;0.619;0.619;114;135;0.157;0.167;0.0107;0.0127; 47840;12255;3879;19.4;17.9;40;0.0977;0.158;0.619;0.619;75.6;90.7;0.166;0.208;0.00895;0.0107; 50960;982;9446;2.35;2.26;44;0.00189;0.654;0.00289;0.619;0.234;1.84;0.873;0.364;0.00143;0.0113; 50560;13;23;2.34;2.67;49;6.23e+03;1.54e+03;723; 31%;  7%;  3%;7.98e+03;1.44e+03;7.97e+03; 40%;  7%; 40%;6.17e+03;1.52e+03;771; 31%;  7%;  3%;1.07e+03;1.85e+03;995;  5%;  9%;  5%;100;0.00152;0;0;0;0;0;0;0;100;0.000589;0;0;0;0;0;0;0;100;0.0019;0;0;0;0;0;0;0;0.467;7.74;0.88;90.9;0;0.841;0;0;0;76;88.3;80.3;52.3;14.3 ;34.4 ;15.5 ;13.9 ;
2017-09-04;06:45:07.039;0.0761;0.164;0.464;0.619;260;312;0.167;0.184;0.00989;0.0119;26.3;25;2.63e+04;1.6e+05;2.16e+03;0.328;8.2;0.152;3.81;3.79e+04;75;1.16;0.32;23.6;0;12.5;0;0;0;296;77.7;0.0871;0.141;0.619;0.619;72.7;87.2;0.166;0.189;0.00966;0.0116; 51760;973;9377;2.32;2.26;42;0.12;0.194;0.619;0.619;112;133;0.156;0.163;0.0108;0.0128; 48880;12217;3811;19.4;17.9;40;0.0954;0.155;0.615;0.619;74.8;90;0.169;0.205;0.00907;0.0109; 46480;977;9385;2.33;2.24;44;0.00176;0.6;0.00294;0.607;0.243;1.92;0.874;0.328;0.00159;0.0126; 49680;18;2;2.27;2.61;49;6.16e+03;1.51e+03;718; 31%;  7%;  3%;7.97e+03;1.41e+03;7.92e+03; 40%;  7%; 40%;6.17e+03;1.49e+03;746; 31%;  7%;  3%;1.03e+03;1.8e+03;982;  5%;  9%;  4%;100;0;0;0;0;0;0;0;0;100;0.00255;0;0;0;0;0;0;0;99.4;0.62;0;0;0;0;0;0;0;0.483;4.03;1.28;94.2;0;50;0;0;0;75.9;88.2;80.2;51.9;14.3 ;34.2 ;15.6 ;13.7 ;
2017-09-04;06:45:08.067;0.0811;0.176;0.461;0.619;263;317;0.168;0.198;0.00939;0.0113;26.4;25;2.8e+04;1.59e+05;2.16e+03;0.352;8.79;0.162;4.06;3.81e+04;74.5;1.62;0.221;23.6;0;11.2;0;0;0;296;77.9;0.09;0.145;0.619;0.619;73.1;88;0.169;0.195;0.0094;0.0113; 52800;994;9366;2.38;2.31;42;0.124;0.2;0.619;0.619;113;134;0.155;0.166;0.0105;0.0125; 50160;12249;3840;19.3;17.8;40;0.109;0.18;0.604;0.619;77.1;93.2;0.173;0.237;0.00822;0.00994; 51280;960;9598;2.36;2.26;44;0.00194;0.654;0.00297;0.61;0.279;1.79;0.844;0.38;0.00167;0.0107; 50720;20;3;2.34;2.66;49;6.15e+03;1.55e+03;728; 31%;  7%;  3%;7.95e+03;1.43e+03;7.93e+03; 40%;  7%; 40%;6.18e+03;1.52e+03;776; 31%;  7%;  3%;1.09e+03;1.83e+03;998;  5%;  9%;  5%;100;0.000697;0;0;0;0;0;0;0;100;0.00134;0;0;0;0;0;0;0;97.6;2.44;0;0;0;0;0;0;0;0.486;4.06;0.885;94.6;0;44.7;0;0;0;75.8;88.1;80.4;51.8;14.4 ;34.2 ;15.6 ;13.7 ;
2017-09-04;06:45:09.095;0.0772;0.167;0.461;0.619;260;313;0.167;0.187;0.00977;0.0117;26.2;25;2.66e+04;1.59e+05;2.16e+03;0.335;8.37;0.154;3.86;3.79e+04;74.5;1.43;0.183;23.9;0;13.6;0;0;0;296;78;0.0843;0.136;0.619;0.619;72;86;0.163;0.184;0.00989;0.0118; 51520;976;9323;2.35;2.28;42;0.123;0.199;0.619;0.619;113;135;0.16;0.166;0.0107;0.0127; 53120;12181;3827;19.3;17.9;40;0.1;0.166;0.604;0.619;74.7;90.1;0.171;0.218;0.00863;0.0104; 49040;912;9419;2.31;2.23;44;0.00111;0.497;0.00224;0.606;0.184;1.38;0.866;0.255;0.00192;0.0143; 50880;9;0;2.26;2.59;49;6.17e+03;1.5e+03;710; 31%;  7%;  3%;7.95e+03;1.42e+03;7.92e+03; 40%;  7%; 40%;6.19e+03;1.48e+03;741; 31%;  7%;  3%;1.02e+03;1.82e+03;968;  5%;  9%;  4%;100;0.000292;0;0;0;0;0;0;0;100;0.000828;0;0;0;0;0;0;0;97.6;2.38;0;0;0;0;0;0;0;0.369;3.35;0.732;95.5;0;54.6;0;0;0;75.7;88.2;80.1;51.7;14.3 ;34.5 ;15.5 ;13.7 ;
2017-09-04;06:45:10.126;0.0761;0.165;0.461;0.619;260;311;0.164;0.188;0.00988;0.0118;26.3;25;2.63e+04;1.6e+05;2.16e+03;0.33;8.25;0.152;3.8;3.81e+04;74.5;1.41;0.188;23.9;0;13.3;0;0;0;296;78;0.0879;0.142;0.619;0.619;73;87.1;0.162;0.197;0.00961;0.0115; 52480;979;9436;2.33;2.26;42;0.119;0.192;0.619;0.619;111;132;0.158;0.155;0.0108;0.0129; 50160;12187;3766;19.4;17.9;40;0.0968;0.16;0.605;0.619;75.5;90.6;0.167;0.221;0.00901;0.0108; 52800;952;9476;2.34;2.24;43;0.000985;0.457;0.00215;0.606;0.205;1.11;0.815;0.301;0.00241;0.013; 51360;10;3;2.28;2.6;49;6.17e+03;1.52e+03;720; 31%;  7%;  3%;7.97e+03;1.41e+03;7.95e+03; 40%;  7%; 40%;6.22e+03;1.51e+03;753; 31%;  7%;  3%;1.04e+03;1.8e+03;994;  5%;  9%;  5%;100;0.00145;0;0;0;0;0;0;0;100;0.00267;0;0;0;0;0;0;0;97.7;2.3;0;0;0;0;0;0;0;0.355;3.33;0.752;95.6;0;53.2;0;0;0;76;88.1;80.2;51.8;14.2 ;34.5 ;15.5 ;13.8 ;
2017-09-04;06:45:11.154;0.0777;0.168;0.461;0.619;262;313;0.161;0.193;0.00975;0.0116;26.3;25;2.69e+04;1.6e+05;2.16e+03;0.337;8.42;0.155;3.88;3.8e+04;74.5;1.8;0.198;23.5;0;8.09;0;0;0;296;77.8;0.088;0.142;0.619;0.619;73;87;0.162;0.197;0.00958;0.0114; 52640;996;9322;2.37;2.3;42;0.122;0.197;0.619;0.619;113;133;0.155;0.166;0.0107;0.0126; 47280;12192;3805;19.3;17.9;40;0.0993;0.164;0.604;0.619;76.2;90.8;0.161;0.224;0.00888;0.0106; 47680;911;9445;2.32;2.24;44;0.00138;0.559;0.00247;0.61;0.244;1.29;0.81;0.365;0.00204;0.0108; 50960;13;4;2.3;2.63;49;6.14e+03;1.53e+03;711; 31%;  7%;  3%;7.96e+03;1.42e+03;7.9e+03; 40%;  7%; 39%;6.21e+03;1.51e+03;764; 31%;  7%;  3%;1.06e+03;1.82e+03;968;  5%;  9%;  4%;100;0.00082;0;0;0;0;0;0;0;100;0.000891;0;0;0;0;0;0;0;97.6;2.41;0;0;0;0;0;0;0;0.405;4.8;0.793;94;0;32.4;0;0;0;75.8;88.1;80.1;51.7;14.3 ;34.2 ;15.5 ;13.8 ;
2017-09-04;06:45:12.182;0.0754;0.164;0.461;0.619;260;310;0.162;0.189;0.00998;0.0119;26.1;24.9;2.6e+04;1.59e+05;2.16e+03;0.327;8.18;0.151;3.77;3.78e+04;74.5;1.11;0.151;24.3;0;18.8;0;0;0;295;77.6;0.0856;0.138;0.619;0.619;72.3;86.2;0.161;0.192;0.00979;0.0117; 50240;969;9306;2.32;2.26;42;0.12;0.193;0.619;0.619;113;134;0.156;0.163;0.0109;0.0129; 50480;12174;3768;19.3;17.9;40;0.0954;0.158;0.604;0.619;74.8;89;0.16;0.223;0.00907;0.0108; 50480;892;9407;2.3;2.21;44;0.00107;0.486;0.00221;0.602;0.182;1.43;0.872;0.217;0.00197;0.0154; 51280;9;1;2.24;2.58;49;6.15e+03;1.48e+03;713; 31%;  7%;  3%;7.93e+03;1.4e+03;7.9e+03; 40%;  7%; 40%;6.19e+03;1.47e+03;736; 31%;  7%;  3%;1.02e+03;1.79e+03;973;  5%;  9%;  4%;100;0.000609;0;0;0;0;0;0;0;100;0.00197;0;0;0;0;0;0;0;97.6;2.4;0;0;0;0;0;0;0;0.367;2.03;0.603;97;0;75.2;0;0;0;75.7;88;79.9;51.6;14.2 ;34.3 ;15.5 ;13.7 ;
2017-09-04;06:45:13.211;0.0784;0.17;0.461;0.619;262;313;0.163;0.192;0.00967;0.0116;26.3;25;2.71e+04;1.59e+05;2.16e+03;0.34;8.5;0.157;3.92;3.8e+04;74.5;1.44;0.169;23.9;0;12.7;0;0;0;296;78.1;0.0895;0.145;0.619;0.619;72.6;87.7;0.172;0.192;0.00939;0.0113; 51520;971;9333;2.35;2.29;43;0.121;0.196;0.619;0.619;113;133;0.147;0.168;0.0108;0.0127; 46880;12264;3814;19.3;17.9;40;0.102;0.169;0.605;0.619;76.3;91.9;0.17;0.224;0.00865;0.0104; 50560;945;9542;2.35;2.26;44;0.000969;0.459;0.00211;0.607;0.196;1.17;0.833;0.271;0.00233;0.014; 51760;9;0;2.29;2.62;49;6.13e+03;1.54e+03;715; 31%;  7%;  3%;7.97e+03;1.41e+03;7.89e+03; 40%;  7%; 39%;6.2e+03;1.53e+03;762; 31%;  7%;  3%;1.06e+03;1.8e+03;982;  5%;  9%;  4%;100;0;0;0;0;0;0;0;0;100;0.00358;0;0;0;0;0;0;0;97.7;2.32;0;0;0;0;0;0;0;0.348;3.41;0.676;95.6;0;50.6;0;0;0;75.9;88.2;80.3;51.7;14.2 ;34.4 ;15.6 ;13.8 ;
2017-09-04;06:45:14.240;0.0769;0.167;0.461;0.619;261;314;0.169;0.187;0.00981;0.0118;26.3;25;2.66e+04;1.6e+05;2.16e+03;0.333;8.33;0.154;3.84;3.8e+04;74.5;1.79;0.179;23.5;0;12;0;0;0;296;77.7;0.0911;0.147;0.619;0.619;73.4;89.5;0.179;0.191;0.00932;0.0114; 52400;999;9381;2.33;2.25;43;0.118;0.191;0.619;0.619;112;133;0.158;0.16;0.0109;0.013; 50000;12213;3762;19.3;17.9;40;0.0962;0.159;0.604;0.619;75;89.3;0.16;0.219;0.00902;0.0107; 50480;987;9702;2.35;2.25;44;0.00174;0.603;0.00288;0.61;0.267;1.83;0.854;0.246;0.00178;0.0122; 49600;14;10;2.29;2.61;49;6.13e+03;1.5e+03;721; 30%;  7%;  3%;7.99e+03;1.41e+03;7.91e+03; 40%;  7%; 40%;6.24e+03;1.5e+03;750; 31%;  7%;  3%;1.03e+03;1.81e+03;999;  5%;  9%;  5%;100;0.00137;0;0;0;0;0;0;0;100;0.000769;0;0;0;0;0;0;0;97.6;2.39;0;0;0;0;0;0;0;0.472;4.76;0.716;94.1;0;48.2;0;0;0;76;88.1;80.1;51.9;14.1 ;34.4 ;15.5 ;13.7 ;
2017-09-04;06:45:15.268;0.0789;0.172;0.459;0.619;263;314;0.162;0.198;0.00965;0.0115;26.3;25;2.73e+04;1.59e+05;2.16e+03;0.344;8.6;0.158;3.95;3.8e+04;74.2;2.07;0.144;23.6;0;9.89;0;0;0;296;77.7;0.0911;0.147;0.619;0.619;73.4;88.1;0.167;0.2;0.00933;0.0112; 52320;990;9381;2.38;2.31;42;0.126;0.206;0.611;0.619;113;134;0.154;0.175;0.0104;0.0123; 52480;12237;3791;19.3;17.9;40;0.0977;0.162;0.604;0.619;76;90.8;0.162;0.225;0.00901;0.0108; 50560;1028;9875;2.29;2.22;44;0.000869;0.42;0.00207;0.61;0.195;0.89;0.781;0.341;0.0026;0.0119; 49760;7;30;2.3;2.63;49;6.17e+03;1.52e+03;724; 31%;  7%;  3%;7.93e+03;1.43e+03;7.93e+03; 40%;  7%; 40%;6.16e+03;1.51e+03;755; 31%;  7%;  3%;1.05e+03;1.82e+03;994;  5%;  9%;  5%;100;0.00078;0;0;0;0;0;0;0;98.6;1.37;0;0;0;0;0;0;0;97.6;2.37;0;0;0;0;0;0;0;0.339;4.55;0.576;94.5;0;39.6;0;0;0;75.9;88.2;80;51.8;14.3 ;34.3 ;15.4 ;13.8 ;
2017-09-04;06:45:16.297;0.0897;0.2;0.448;0.619;269;322;0.164;0.229;0.00869;0.0104;26.4;25.4;3.1e+04;1.55e+05;2.16e+03;0.401;10;0.179;4.48;3.87e+04;72.3;3.58;0.148;24;0;10.9;0;0;0;297;78.4;0.0887;0.143;0.619;0.619;73.3;87.6;0.163;0.198;0.00957;0.0114; 57920;971;9366;2.43;2.38;42;0.17;0.301;0.565;0.619;121;145;0.164;0.249;0.00822;0.00983; 46800;12281;4106;19.2;17.9;40;0.099;0.164;0.604;0.619;75;89.2;0.159;0.223;0.00876;0.0104; 49440;1074;9833;2.4;2.34;44;0.000818;0.419;0.00195;0.607;0.184;0.834;0.779;0.342;0.0026;0.0118; 49520;7;31;2.4;2.74;49;6.28e+03;1.52e+03;732; 31%;  7%;  3%;8.05e+03;1.51e+03;8.01e+03; 40%;  7%; 40%;6.31e+03;1.51e+03;756; 31%;  7%;  3%;1.04e+03;1.97e+03;999;  5%;  9%;  5%;100;0.000275;0;0;0;0;0;0;0;91.3;8.08;0;0.602;0;0;0;0;0;97.6;2.43;0;0;0;0;0;0;0;0.322;3.79;0.591;95.3;0;43.5;0;0;0;75.9;89.3;80.1;51.8;14.5 ;34.2 ;15.7 ;14.1 ;
2017-09-04;06:45:17.317;0.135;0.335;0.404;0.619;290;359;0.19;0.363;0.00624;0.0077;26.4;26.9;4.66e+04;1.39e+05;2.16e+03;0.671;16.8;0.271;6.77;4.3e+04;65.2;9.46;0.138;25.2;0;10.3;0;0;0;300;79.6;0.0989;0.162;0.612;0.619;79.7;96.4;0.173;0.193;0.00935;0.0113; 51200;1105;10275;2.72;2.69;42;0.331;0.814;0.406;0.619;127;161;0.214;0.483;0.00446;0.00568; 54080;12444;5052;18.2;18.3;39;0.111;0.187;0.595;0.619;83.7;100;0.164;0.229;0.00878;0.0105; 49040;1198;10753;2.79;2.73;44;0.000818;0.412;0.00199;0.609;0.192;0.82;0.765;0.347;0.00274;0.0117; 48400;8;34;2.72;3.12;49;6.94e+03;1.69e+03;793; 35%;  8%;  4%;8.93e+03;1.74e+03;8.79e+03; 45%;  8%; 44%;7.1e+03;1.68e+03;850; 36%;  8%;  4%;1.17e+03;2.25e+03;1.09e+03;  5%; 11%;  5%;98.8;1.16;0;0;0;0;0;0;0;65.6;28.7;0;5.68;0;0;0;0;0;96.1;3.93;0;0;0;0;0;0;0;0.326;4.04;0.554;95.1;0;41.3;0;0;0;76.1;91.6;80.5;51.6;14.8 ;33.9 ;16.4 ;14.4 ;
2017-09-04;06:45:18.316;0.0899;0.297;0.303;0.619;228;275;0.171;0.296;0.00755;0.0091;22;25.1;3.02e+04;1.02e+05;2.1e+03;0.594;14.8;0.18;4.49;4.65e+04;48.9;5.69;0.174;45.2;0;16.1;0;0;0;274;73.5;0.138;0.231;0.598;0.619;108;128;0.157;0.212;0.00933;0.0111; 53360;1427;13538;2.15;1.93;43;0.0698;2.85;0.0245;0.619;6.14;12.7;0.516;0.758;0.00105;0.00216; 51440;201;501;15.7;18.9;41;0.151;0.257;0.586;0.619;113;133;0.149;0.234;0.00895;0.0105; 54720;1396;14461;2.11;1.85;44;0.000804;0.422;0.00191;0.606;0.183;0.786;0.767;0.353;0.00272;0.0116; 48880;8;15;2.05;2.41;49;7.29e+03;2.09e+03;918; 38%; 10%;  4%;1.06e+04;988;1.04e+04; 55%;  5%; 53%;7.52e+03;2.06e+03;962; 39%; 10%;  5%;1.37e+03;1e+03;1.32e+03;  7%;  5%;  6%;96.7;3.33;0;0;0;0;0;0;0;3.96;11.3;0.00117;84.7;0;2.7;0;0;0;94.6;5.39;0;0;0;0;0;0;0;0.315;2.72;0.695;96.3;0;61.8;0;0;0;76.4;66.6;81;50.1;13.4 ;32.6 ;14.5 ;13 ;
2017-09-04;06:45:19.334;0.104;0.379;0.275;0.619;246;296;0.169;0.325;0.0069;0.0083;22.6;26;3.56e+04;9.4e+04;2.14e+03;0.758;18.9;0.208;5.2;4.76e+04;44.3;10.1;0.159;45.4;0;15.2;0;0;0;280;75.6;0.163;0.285;0.572;0.619;115;136;0.157;0.26;0.00824;0.00978; 50240;1522;14031;2.33;2.06;42;0.0217;2.79;0.00778;0.619;1.82;4.2;0.568;0.806;0.000976;0.00226; 51680;58;156;15.7;19.4;41;0.23;0.446;0.516;0.619;129;154;0.166;0.331;0.00652;0.00782; 48640;1635;14907;2.27;1.94;44;0.00082;0.415;0.00198;0.61;0.197;0.83;0.762;0.344;0.00281;0.0118; 48880;8;2;2.24;2.61;49;7.34e+03;2.36e+03;999; 37%; 12%;  5%;1.06e+04;905;1.04e+04; 54%;  4%; 53%;7.68e+03;2.29e+03;1.12e+03; 39%; 11%;  5%;1.59e+03;904;1.44e+03;  8%;  4%;  7%;92.4;7.27;0;0.323;0;0;0;0;0;1.26;12.6;0;86.2;0;20;0;0;0;83.4;16.3;0;0.281;0;0;0;0;0;0.324;4.07;0.637;95;0;40.7;0;0;0;78.7;65.6;84.8;51.3;13.9 ;33.1 ;15 ;13.6 ;
2017-09-04;06:45:20.349;0.168;0.919;0.183;0.619;265;336;0.213;0.454;0.0046;0.00585;21.1;25.1;5.75e+04;6.26e+04;2.14e+03;1.84;45.9;0.337;8.42;4.39e+04;29.6;20;0.142;50.2;0;13.5;0;0;0;278;75.1;0.366;0.801;0.457;0.619;174;215;0.191;0.41;0.00555;0.00686; 49920;2880;21509;2.63;2.13;42;0.0142;2.76;0.00514;0.619;1.2;2.66;0.549;0.84;0.000994;0.0022; 51760;40;104;13.2;17.3;42;0.292;1.09;0.268;0.619;89.5;118;0.242;0.496;0.00359;0.00474; 51520;1426;10627;2.66;2.54;45;0.000873;0.425;0.00205;0.609;0.207;0.972;0.787;0.31;0.00278;0.0131; 48080;8;1;2.59;3.05;49;8.82e+03;2.59e+03;1.48e+03; 45%; 13%;  7%;5.8e+03;722;1.19e+04; 29%;  3%; 60%;4.45e+03;2.89e+03;1.01e+03; 22%; 14%;  5%;1.38e+03;723;2.14e+03;  7%;  3%; 10%;73.9;21.1;0;5.08;0;0;0;0;0;0.831;35.9;0;63.3;0;0;0;0;0;43.4;19.2;0;37.5;0;12.8;0;0;0;0.337;4.01;0.568;95.1;0;41.3;0;0;0;84.4;65.1;77.5;51;14.2 ;30.7 ;16 ;14.1 ;
2017-09-04;06:45:21.389;0.0988;0.28;0.353;0.619;222;237;0.0621;0.16;0.0065;0.00693;35.6;50.2;3.42e+04;1.22e+05;2.13e+03;0.56;14;0.198;4.94;6.79e+04;57;5.44;0.182;37.4;0;24.6;0;0;0;287;98.1;0.163;0.347;0.47;0.619;68.6;78.2;0.123;0.331;0.00489;0.00558; 51440;3929;11792;8.91;12.4;40;0.114;0.243;0.468;0.619;74.4;76.2;0.0231;0.0603;0.00757;0.00775; 54160;4897;14890;8.9;11.9;41;0.118;0.249;0.472;0.619;78.7;80;0.0171;0.0146;0.00771;0.00785; 52160;5353;15768;8.92;11.8;42;0.00131;0.429;0.00304;0.605;0.306;2.28;0.866;0.177;0.0027;0.0201; 48560;8;5;8.86;14.1;48;7.1e+03;7.29e+03;3.07e+03; 35%; 36%; 15%;7.96e+03;3.79e+03;6.96e+03; 40%; 19%; 35%;7.95e+03;7.14e+03;3.97e+03; 40%; 36%; 20%;4.62e+03;4.41e+03;3.6e+03; 23%; 22%; 18%;75.9;8.93;0.000221;15.2;0;0.103;0;0;0;75.7;10.5;0;13.8;0;0;0;0;0;76.2;0.528;0;23.3;0;22.6;0;0;0;0.503;1.86;0.726;96.9;0;75.2;0;0;0;78.6;76.2;81.4;50.9;24.4 ;24.6 ;25.1 ;24 ;
2017-09-04;06:45:22.418;0.0994;0.224;0.444;0.619;284;291;0.0226;0.0148;0.00822;0.00841;44.1;62.3;3.46e+04;1.54e+05;2.19e+03;0.448;11.2;0.199;4.97;8.39e+04;71.6;2.44;0.152;25.8;0;18.4;0;0;0;324;113;0.106;0.175;0.606;0.619;76.4;78;0.0206;0.0136;0.00824;0.00842; 48480;4869;14701;11.1;15.5;40;0.14;0.232;0.604;0.619;99.6;101;0.0146;0.0128;0.00815;0.00827; 50480;6406;19463;11;14.6;41;0.149;0.267;0.558;0.619;108;109;0.0136;0.0132;0.00832;0.00843; 51040;6912;20382;11;14.6;42;0.00135;0.442;0.00305;0.603;0.324;2.32;0.86;0.178;0.00278;0.0198; 47840;12;0;11;17.6;48;8.67e+03;8.96e+03;3.78e+03; 43%; 45%; 19%;1e+04;4.73e+03;8.46e+03; 50%; 23%; 42%;9.96e+03;8.71e+03;4.97e+03; 50%; 43%; 25%;5.8e+03;5.52e+03;4.38e+03; 29%; 27%; 22%;98;2.04;0;0;0;0;0;0;0;97.6;1.68;0;0.674;0;0;0;0;0;90.1;3.93;0;5.92;0;0;0;0;0;0.506;2.1;0.608;96.8;0;73.9;0;0;0;87.2;86.9;93.3;56.2;28.1 ;28.2 ;29 ;28 ;
2017-09-04;06:45:23.440;0.276;0.709;0.389;0.619;533;576;0.076;0.192;0.00561;0.00607;47;43.4;9.49e+04;1.34e+05;2.16e+03;1.42;35.4;0.552;13.8;7.63e+04;62.9;1.55;0.161;35.4;0;26.4;0;0;0;326;105;0.384;0.654;0.587;0.619;194;208;0.0648;0.179;0.00588;0.00629; 49360;6146;19386;10.1;7.86;40;0.407;0.832;0.489;0.619;197;214;0.0792;0.196;0.00564;0.00612; 53360;8450;12120;16.8;16.4;39;0.311;0.65;0.479;0.619;141;153;0.0797;0.205;0.00525;0.00571; 51520;3395;12791;10.1;9.12;42;0.00107;0.505;0.00212;0.601;0.194;1.43;0.864;0.244;0.00211;0.0155; 48400;9;1;9.99;10;49;9.88e+03;7.11e+03;4.24e+03; 50%; 36%; 21%;8.28e+03;3.23e+03;1.02e+04; 42%; 16%; 51%;8.26e+03;7.46e+03;2.57e+03; 41%; 37%; 13%;3.98e+03;5.04e+03;6.02e+03; 20%; 25%; 30%;94.8;2.5;0;2.66;0;0;0;0;0;79;1.05;0;19.9;0;16.5;0;0;0;77.4;0.8;0;21.8;0;11.8;0;0;0;0.353;1.84;0.645;97.2;0;77.4;0;0;0;91.1;92.4;87.2;55.3;23.3 ;32.3 ;25.8 ;23.5 ;
2017-09-04;06:45:24.461;0.343;0.733;0.468;0.619;600;655;0.0845;0.205;0.0051;0.00557;50.5;41.9;1.18e+05;1.6e+05;2.15e+03;1.47;36.7;0.686;17.2;7.93e+04;75.6;0.808;0.0217;23.6;0;4.13;0;0;0;343;106;0.416;0.671;0.619;0.619;180;196;0.082;0.209;0.00505;0.00551; 46560;4079;13350;10.5;7.72;40;0.511;0.826;0.619;0.619;243;266;0.0839;0.201;0.00555;0.00606; 44000;10546;14769;19;17.3;39;0.408;0.658;0.619;0.619;176;192;0.0813;0.207;0.00505;0.00549; 48240;3717;14256;10.5;7.84;42;0.0378;2.67;0.0141;0.619;0.1;1.55;0.935;0.19;3.09e-05;0.000477; 48080;2;7;10.4;9.07;49;1.01e+04;6.6e+03;3.12e+03; 51%; 33%; 15%;1.01e+04;3.78e+03;1e+04; 51%; 19%; 51%;1.01e+04;6.6e+03;3.06e+03; 51%; 33%; 15%;4.85e+03;6.08e+03;4.93e+03; 24%; 31%; 25%;100;0;0;0;0;0;0;0;0;100;0.00117;0;0;0;0;0;0;0;100;0.00148;0;0;0;0;0;0;0;2.28;3.23;0.0868;94.4;0;16.5;0;0;0;90.3;102;94.8;56.2;23.7 ;34 ;25.2 ;23.1 ;
2017-09-04;06:45:25.485;0.343;0.732;0.468;0.619;599;655;0.0846;0.204;0.0051;0.00557;50.6;42.3;1.18e+05;1.61e+05;2.14e+03;1.46;36.6;0.685;17.1;7.97e+04;75.7;0.899;0.00166;23.4;0;0;0;0;0;344;106;0.413;0.667;0.619;0.619;180;196;0.083;0.209;0.00508;0.00554; 48480;4177;13979;10.6;7.8;40;0.513;0.828;0.619;0.619;243;265;0.0832;0.202;0.00553;0.00603; 56800;10671;14744;19.1;17.5;39;0.399;0.644;0.619;0.619;176;192;0.0821;0.203;0.00516;0.00562; 51200;4003;15117;10.5;7.89;42;0.0468;2.8;0.0167;0.619;0.0495;1.33;0.963;0.129;1.23e-05;0.000332; 47840;3;8;10.5;9.16;49;1.01e+04;6.66e+03;3.13e+03; 51%; 33%; 15%;1.01e+04;3.77e+03;1.01e+04; 51%; 19%; 51%;1.02e+04;6.68e+03;3.12e+03; 51%; 34%; 15%;4.9e+03;6.06e+03;4.95e+03; 24%; 30%; 25%;100;0.000801;0;0;0;0;0;0;0;100;0.000967;0;0;0;0;0;0;0;100;0.00114;0;0;0;0;0;0;0;2.7;3.59;0.00662;93.7;0;0;0;0;0;90.5;102;95;56.6;23.7 ;33.8 ;25.2 ;23.6 ;
2017-09-04;06:45:26.505;0.367;0.884;0.415;0.619;602;660;0.0878;0.23;0.00478;0.00524;49.5;41.9;1.26e+05;1.43e+05;2.15e+03;1.77;44.2;0.734;18.4;8.15e+04;67.1;3.81;0.00179;29.1;0;2.37;0;0;0;347;105;0.48;0.777;0.619;0.619;213;231;0.0796;0.207;0.00516;0.00561; 48480;4974;16161;10.6;7.5;40;0.474;1.17;0.406;0.619;180;201;0.105;0.282;0.00443;0.00495; 50560;6425;10800;17.9;17.8;40;0.467;0.755;0.619;0.619;209;227;0.0783;0.202;0.00521;0.00566; 53440;4683;17465;10.5;7.58;41;0.0463;2.82;0.0164;0.619;0.0687;0.638;0.892;0.201;1.73e-05;0.000161; 48240;1;7;10.4;9.06;49;9.63e+03;7.52e+03;3.42e+03; 49%; 38%; 17%;1.06e+04;3.15e+03;1.05e+04; 54%; 16%; 53%;9.77e+03;7.57e+03;3.42e+03; 49%; 38%; 17%;5.45e+03;4.94e+03;5.52e+03; 27%; 25%; 28%;99.9;0.0596;0;0;0;0;0;0;0;65.7;11.6;0;22.7;0;9.47;0;0;0;100;0.00126;0;0;0;0;0;0;0;2.65;3.54;0.00715;93.8;0;0;0;0;0;95.1;94.8;100;56.4;23.7 ;33.4 ;25 ;23.3 ;
2017-09-04;06:45:27.529;0.323;0.981;0.33;0.619;503;559;0.1;0.239;0.00452;0.00502;41.2;34.8;1.11e+05;1.13e+05;2.14e+03;1.96;49.1;0.647;16.2;6.74e+04;53.2;5.74;0.00114;41;0;9.42;0;0;0;316;95.1;0.463;0.964;0.481;0.619;178;199;0.102;0.25;0.00448;0.00499; 51920;3635;12545;8.85;6.41;40;0.261;0.898;0.291;0.619;118;131;0.102;0.217;0.00525;0.00584; 47760;4528;6697;14.7;14.4;39;0.523;0.985;0.531;0.619;207;228;0.0952;0.243;0.00459;0.00508; 54160;4388;16014;8.87;6.26;42;0.0463;2.82;0.0164;0.619;0.0858;0.636;0.865;0.201;2.15e-05;0.00016; 49600;5;3;8.77;7.72;49;7.06e+03;6.85e+03;2.84e+03; 35%; 34%; 14%;9.21e+03;2.45e+03;8.16e+03; 46%; 12%; 41%;7.78e+03;6.58e+03;3.13e+03; 39%; 33%; 15%;5.18e+03;3.54e+03;4.63e+03; 26%; 18%; 23%;77.7;6.55;0;15.8;0;6.39;0;0;0;47;6.78;0;46.2;0;31.3;0;0;0;85.7;6.12;0;8.15;0;0;0;0;0;2.65;3.5;0.00454;93.8;0;0;0;0;0;87.2;79;96.4;53.8;21.6 ;29.6 ;22.7 ;21.3 ;
2017-09-04;06:45:28.553;0.355;0.757;0.468;0.619;614;682;0.0991;0.205;0.00504;0.0056;51.4;44;1.22e+05;1.61e+05;2.15e+03;1.51;37.8;0.709;17.7;8.13e+04;75.7;0.913;0.0023;23.4;0;0;0;0;0;348;108;0.412;0.666;0.619;0.619;181;200;0.0959;0.205;0.00511;0.00566; 49920;3781;13685;10.7;8.26;40;0.545;0.88;0.619;0.619;253;281;0.1;0.206;0.00541;0.00601; 49920;9728;14302;19.3;17.7;39;0.414;0.669;0.619;0.619;180;199;0.0951;0.204;0.00505;0.00558; 53120;3792;13538;10.7;8.38;42;0.0468;2.79;0.0167;0.619;0.0824;1.37;0.94;0.126;2.05e-05;0.000341; 50320;5;0;10.6;9.7;48;1.03e+04;6.82e+03;3.22e+03; 52%; 34%; 16%;1.03e+04;3.91e+03;1.03e+04; 52%; 19%; 52%;1.03e+04;6.79e+03;3.24e+03; 52%; 34%; 16%;4.99e+03;6.21e+03;4.96e+03; 25%; 31%; 25%;100;0;0;0;0;0;0;0;0;100;0.00114;0;0;0;0;0;0;0;100;0.00363;0;0;0;0;0;0;0;2.7;3.65;0.0092;93.6;0;0;0;0;0;90.7;103;97.6;56.7;24.1 ;34.2 ;25.7 ;23.8 ;
2017-09-04;06:45:29.576;0.355;0.758;0.468;0.619;615;683;0.0994;0.205;0.00503;0.00559;51.4;44.1;1.22e+05;1.61e+05;2.15e+03;1.52;37.9;0.71;17.8;8.13e+04;75.7;1.15;0.00357;23.2;0;0;0;0;0;347;108;0.418;0.674;0.619;0.619;183;202;0.0969;0.206;0.00508;0.00563; 53280;3954;14419;10.7;8.27;40;0.538;0.869;0.619;0.619;252;280;0.0997;0.204;0.00545;0.00605; 48720;9391;13510;19.3;17.7;39;0.418;0.676;0.619;0.619;180;199;0.0957;0.205;0.00501;0.00554; 49200;3892;13854;10.7;8.4;41;0.0468;2.81;0.0167;0.619;0.0702;1.35;0.948;0.141;1.74e-05;0.000336; 50000;3;8;10.6;9.72;49;1.03e+04;6.85e+03;3.23e+03; 52%; 34%; 16%;1.02e+04;3.91e+03;1.03e+04; 52%; 19%; 52%;1.03e+04;6.83e+03;3.24e+03; 52%; 34%; 16%;5.01e+03;6.17e+03;4.99e+03; 25%; 31%; 25%;100;0.000412;0;0;0;0;0;0;0;100;0.00141;0;0;0;0;0;0;0;100;0.00137;0;0;0;0;0;0;0;2.69;4.6;0.0143;92.7;0;0;0;0;0;90.9;103;95.8;56.8;24.1 ;34.1 ;25.7 ;23.8 ;
2017-09-04;06:45:30.593;0.385;0.912;0.422;0.619;616;688;0.105;0.239;0.00466;0.0052;50.4;44.1;1.32e+05;1.45e+05;2.15e+03;1.82;45.6;0.771;19.3;8.34e+04;68.2;3.65;0.102;28;0;13.7;0;0;0;352;107;0.479;0.774;0.619;0.619;214;237;0.0938;0.203;0.00521;0.00575; 51120;4669;16707;10.8;8.08;39;0.562;1.26;0.447;0.619;190;218;0.127;0.305;0.00394;0.00452; 50640;6170;10802;18.1;18;39;0.484;0.785;0.617;0.619;211;233;0.0936;0.204;0.00508;0.0056; 58160;4530;16432;10.8;8.23;41;0.015;2.34;0.00643;0.616;0.15;1;0.85;0.36;0.000117;0.000776; 51040;23;3;10.7;9.79;48;9.93e+03;7.71e+03;3.53e+03; 50%; 39%; 18%;1.07e+04;3.4e+03;1.09e+04; 54%; 17%; 55%;9.8e+03;7.69e+03;3.52e+03; 49%; 39%; 17%;5.57e+03;5.12e+03;5.56e+03; 28%; 26%; 28%;100;0.00351;0;0;0;0;0;0;0;72.2;12;0;15.8;0;0;0;0;0;99.6;0.384;0;0;0;0;0;0;0;1.04;2.23;0.409;96.3;0;54.8;0;0;0;96.2;98.7;102;55.6;24 ;33.6 ;25.6 ;23.8 ;
2017-09-04;06:45:31.628;0.224;0.689;0.326;0.619;383;436;0.123;0.253;0.00494;0.00563;32.6;29.5;7.75e+04;1.12e+05;2.14e+03;1.38;34.4;0.449;11.2;5.34e+04;52.6;5.03;0.173;42.2;0;15.9;0;0;0;298;85.5;0.429;0.802;0.535;0.619;175;198;0.116;0.242;0.00476;0.00538; 50240;3643;15183;5.89;4.27;42;0.0688;0.275;0.25;0.619;46.8;55.3;0.154;0.268;0.00788;0.00932; 55040;5047;1668;15.1;15.4;40;0.4;0.773;0.517;0.619;160;181;0.114;0.26;0.00464;0.00524; 53600;3290;14404;5.81;4.36;43;0.0011;0.525;0.00209;0.609;0.228;1.66;0.863;0.22;0.0024;0.0175; 50720;6;1;5.79;5.48;49;6.05e+03;5.21e+03;2.36e+03; 30%; 26%; 11%;7.93e+03;1.34e+03;8.45e+03; 40%;  6%; 42%;5.68e+03;5.28e+03;2.21e+03; 28%; 26%; 11%;3.59e+03;1.5e+03;3.85e+03; 18%;  7%; 19%;86.5;5.09;0;8.43;0;0;0;0;0;40.4;4.84;0;54.7;0;5.72;0;0;0;83.5;6.1;0;10.4;0;0;0;0;0;0.344;4.08;0.69;94.9;0;57.8;0;0;0;86.3;70.5;89.9;51.2;18.1 ;30.5 ;19.3 ;17.7 ;
2017-09-04;06:45:32.655;0.0781;0.168;0.465;0.619;262;318;0.174;0.182;0.0097;0.0117;26.5;25;2.71e+04;1.61e+05;2.17e+03;0.336;8.4;0.156;3.91;3.83e+04;75.1;0.766;0.138;24;0;15.3;0;0;0;296;78;0.0944;0.152;0.619;0.619;74.3;90.6;0.179;0.196;0.00908;0.0111; 49920;1065;9432;2.39;2.3;42;0.123;0.199;0.619;0.619;114;135;0.157;0.164;0.0107;0.0127; 54400;12867;3910;19.4;17.8;40;0.0938;0.151;0.619;0.619;74.1;90.3;0.18;0.193;0.00913;0.0111; 54400;905;10089;2.4;2.32;43;0.00128;0.539;0.00237;0.604;0.16;1.8;0.911;0.206;0.00145;0.0163; 50720;4;19;2.32;2.64;49;6.16e+03;1.56e+03;748; 31%;  7%;  3%;8e+03;1.45e+03;7.94e+03; 40%;  7%; 40%;6.2e+03;1.57e+03;738; 31%;  7%;  3%;1.02e+03;1.86e+03;1.04e+03;  5%;  9%;  5%;100;0.00015;0;0;0;0;0;0;0;100;0.000361;0;0;0;0;0;0;0;100;0.000654;0;0;0;0;0;0;0;0.392;3.07;0.552;96;0;61.2;0;0;0;76.2;88.1;80;51.7;14.3 ;34.4 ;15.6 ;13.7 ;
2017-09-04;06:45:33.683;0.0768;0.165;0.465;0.619;262;314;0.165;0.188;0.00988;0.0118;26.3;25;2.65e+04;1.6e+05;2.16e+03;0.33;8.26;0.154;3.84;3.8e+04;75.1;0.491;0.134;24.3;0;19.5;0;0;0;296;77.7;0.0947;0.153;0.619;0.619;75;89.8;0.165;0.209;0.00919;0.011; 49840;1062;9400;2.36;2.26;42;0.124;0.2;0.619;0.619;113;134;0.156;0.17;0.0106;0.0126; 52080;12694;3839;19.3;17.8;40;0.0873;0.141;0.619;0.619;73.4;87.9;0.165;0.193;0.00974;0.0117; 51760;918;9966;2.35;2.28;44;0.00126;0.531;0.00237;0.601;0.149;1.77;0.916;0.204;0.00137;0.0163; 49600;8;31;2.29;2.62;49;6.16e+03;1.49e+03;758; 31%;  7%;  3%;7.97e+03;1.42e+03;7.94e+03; 40%;  7%; 40%;6.21e+03;1.5e+03;719; 31%;  7%;  3%;997;1.82e+03;1.05e+03;  5%;  9%;  5%;100;0.000666;0;0;0;0;0;0;0;100;0.0022;0;0;0;0;0;0;0;100;0.000524;0;0;0;0;0;0;0;0.395;1.96;0.534;97.1;0;77.9;0;0;0;76.1;88.2;79.8;51.6;14.2 ;34.3 ;15.5 ;13.6 ;
2017-09-04;06:45:34.713;0.0778;0.167;0.465;0.619;262;313;0.163;0.191;0.00973;0.0116;26.4;25;2.69e+04;1.61e+05;2.16e+03;0.335;8.36;0.156;3.89;3.82e+04;75.1;0.518;0.121;24.3;0;19.2;0;0;0;297;78.1;0.098;0.158;0.619;0.619;75.5;89.8;0.16;0.22;0.0089;0.0106; 50000;1099;9453;2.39;2.3;42;0.12;0.195;0.619;0.619;112;132;0.151;0.165;0.0108;0.0127; 48720;12810;3818;19.4;17.8;40;0.091;0.147;0.619;0.619;74;88.9;0.168;0.197;0.00939;0.0113; 54480;924;9990;2.34;2.27;44;0.00161;0.598;0.00269;0.603;0.164;1.95;0.916;0.214;0.00118;0.014; 48000;8;29;2.3;2.63;49;6.19e+03;1.52e+03;754; 31%;  7%;  3%;7.96e+03;1.44e+03;7.98e+03; 40%;  7%; 40%;6.16e+03;1.52e+03;730; 31%;  7%;  3%;1.02e+03;1.83e+03;1.04e+03;  5%;  9%;  5%;100;0.00011;0;0;0;0;0;0;0;100;0.0026;0;0;0;0;0;0;0;100;0.00101;0;0;0;0;0;0;0;0.447;2.07;0.483;97;0;76.9;0;0;0;76.4;88.3;80.1;51.8;14.2 ;34.5 ;15.6 ;13.7 ;
2017-09-04;06:45:35.741;0.0753;0.162;0.465;0.619;260;312;0.164;0.182;0.01;0.012;26.3;25;2.6e+04;1.61e+05;2.16e+03;0.324;8.09;0.151;3.76;3.8e+04;75.1;0.643;0.167;24.1;0;17.1;0;0;0;295;77.7;0.0939;0.152;0.619;0.619;74.4;88.9;0.163;0.205;0.00917;0.011; 50960;1064;9407;2.35;2.26;42;0.12;0.194;0.619;0.619;113;134;0.159;0.162;0.0109;0.0129; 51920;12719;3828;19.3;17.8;40;0.0858;0.139;0.619;0.619;72.8;86.6;0.159;0.186;0.00984;0.0117; 50000;884;9998;2.32;2.26;44;0.00131;0.533;0.00245;0.6;0.163;1.8;0.909;0.219;0.00145;0.0159; 46560;9;14;2.28;2.61;49;6.15e+03;1.51e+03;747; 31%;  7%;  3%;7.98e+03;1.42e+03;7.93e+03; 40%;  7%; 40%;6.2e+03;1.52e+03;723; 31%;  7%;  3%;992;1.83e+03;1.03e+03;  5%;  9%;  5%;100;0.000302;0;0;0;0;0;0;0;100;0.000775;0;0;0;0;0;0;0;100;0;0;0;0;0;0;0;0;0.409;2.57;0.668;96.4;0;68.6;0;0;0;76;88;79.6;51.6;14.2 ;34.3 ;15.6 ;13.7 ;
2017-09-04;06:45:36.772;0.0771;0.166;0.463;0.619;261;312;0.162;0.187;0.00979;0.0117;26.4;25.1;2.67e+04;1.6e+05;2.16e+03;0.333;8.32;0.154;3.86;3.81e+04;74.9;0.683;0.138;24.3;0;19.7;0;0;0;297;77.9;0.0971;0.158;0.614;0.619;73.9;89.3;0.173;0.207;0.00881;0.0106; 49040;1018;9400;2.35;2.28;42;0.122;0.197;0.619;0.619;113;133;0.148;0.169;0.0108;0.0126; 50400;12810;3807;19.4;17.9;40;0.0885;0.143;0.619;0.619;73.6;87.5;0.159;0.194;0.00961;0.0114; 52400;869;9979;2.33;2.27;44;0.00117;0.516;0.00227;0.601;0.157;1.6;0.902;0.218;0.00155;0.0157; 46800;6;1;2.27;2.61;49;6.15e+03;1.52e+03;742; 31%;  7%;  3%;7.99e+03;1.42e+03;7.93e+03; 40%;  7%; 40%;6.21e+03;1.53e+03;725; 31%;  7%;  3%;1e+03;1.82e+03;1.03e+03;  5%;  9%;  5%;99.1;0.86;0;0;0;0;0;0;0;100;0.00304;0;0;0;0;0;0;0;100;0.00108;0;0;0;0;0;0;0;0.378;1.87;0.553;97.2;0;78.5;0;0;0;76.4;88.5;80.1;51.7;14.3 ;34.3 ;15.6 ;13.7 ;
2017-09-04;06:45:37.801;0.0766;0.166;0.461;0.619;261;311;0.163;0.191;0.00982;0.0117;26.3;25.1;2.65e+04;1.6e+05;2.17e+03;0.332;8.3;0.153;3.83;3.81e+04;74.5;2.14;0.151;23.2;0;10.4;0;0;0;296;77.7;0.0993;0.164;0.605;0.619;74.7;90.1;0.171;0.223;0.00868;0.0105; 46480;1014;9449;2.35;2.26;42;0.121;0.196;0.619;0.619;113;134;0.155;0.167;0.0107;0.0127; 51840;12729;3866;19.3;17.9;40;0.0846;0.137;0.619;0.619;72.8;86.4;0.157;0.19;0.00994;0.0118; 52880;888;10018;2.36;2.3;44;0.00112;0.494;0.00227;0.607;0.181;1.3;0.861;0.284;0.00187;0.0134; 46320;7;1;2.31;2.64;49;6.17e+03;1.5e+03;749; 31%;  7%;  3%;8e+03;1.43e+03;7.9e+03; 40%;  7%; 39%;6.24e+03;1.51e+03;720; 31%;  7%;  3%;992;1.84e+03;1.04e+03;  5%;  9%;  5%;97.7;2.32;0;0;0;0;0;0;0;100;0.000638;0;0;0;0;0;0;0;100;0.000535;0;0;0;0;0;0;0;0.373;6.22;0.604;92.8;0;41.7;0;0;0;76.2;88.2;79.7;52;14.2 ;34.3 ;15.5 ;13.7 ;
2017-09-04;06:45:38.830;0.0785;0.17;0.461;0.619;262;314;0.167;0.192;0.00964;0.0116;26.4;25;2.71e+04;1.59e+05;2.16e+03;0.34;8.51;0.157;3.92;3.8e+04;74.5;1.63;0.223;23.7;0;11.1;0;0;0;296;78.1;0.101;0.168;0.604;0.619;75;91.2;0.178;0.223;0.00857;0.0104; 51360;974;9516;2.38;2.29;42;0.122;0.198;0.619;0.619;113;134;0.151;0.169;0.0107;0.0126; 51360;12766;3819;19.4;17.8;40;0.0888;0.143;0.619;0.619;73;87.9;0.17;0.19;0.0095;0.0114; 53680;899;10013;2.32;2.25;44;0.00145;0.561;0.00258;0.61;0.245;1.39;0.824;0.364;0.00196;0.0111; 47920;15;2;2.29;2.62;49;6.2e+03;1.52e+03;747; 31%;  7%;  3%;7.96e+03;1.42e+03;7.95e+03; 40%;  7%; 40%;6.14e+03;1.52e+03;730; 31%;  7%;  3%;1.01e+03;1.81e+03;1.03e+03;  5%;  9%;  5%;97.6;2.37;0;0;0;0;0;0;0;100;0.00219;0;0;0;0;0;0;0;100;0.00184;0;0;0;0;0;0;0;0.424;4.14;0.89;94.5;0;44.5;0;0;0;76.3;88.2;79.9;51.9;14.2 ;34.5 ;15.6 ;13.7 ;
2017-09-04;06:45:39.859;0.0757;0.164;0.461;0.619;260;311;0.162;0.19;0.00994;0.0119;26.3;25;2.62e+04;1.6e+05;2.16e+03;0.328;8.2;0.151;3.78;3.8e+04;74.5;1.65;0.179;23.6;0;9.99;0;0;0;296;77.9;0.0975;0.161;0.605;0.619;75;89.1;0.158;0.228;0.00889;0.0106; 49120;911;9477;2.35;2.27;42;0.118;0.191;0.619;0.619;112;132;0.151;0.164;0.011;0.013; 51840;12747;3840;19.3;17.9;40;0.0857;0.138;0.619;0.619;72.8;87.7;0.17;0.185;0.00982;0.0118; 49680;887;9946;2.34;2.27;44;0.00121;0.469;0.00259;0.608;0.216;1.52;0.858;0.261;0.00206;0.0145; 48800;10;1;2.29;2.62;49;6.23e+03;1.5e+03;743; 31%;  7%;  3%;7.94e+03;1.43e+03;7.94e+03; 40%;  7%; 40%;6.17e+03;1.51e+03;719; 31%;  7%;  3%;996;1.83e+03;1.02e+03;  5%;  9%;  5%;97.7;2.35;0;0;0;0;0;0;0;100;0.000944;0;0;0;0;0;0;0;100;0.000316;0;0;0;0;0;0;0;0.425;4.26;0.718;94.6;0;40;0;0;0;76.1;88.1;79.8;51.8;14.2 ;34.4 ;15.6 ;13.7 ;
2017-09-04;06:45:40.887;0.0775;0.168;0.461;0.619;262;313;0.162;0.197;0.00979;0.0117;26.3;25.1;2.68e+04;1.59e+05;2.16e+03;0.336;8.4;0.155;3.88;3.8e+04;74.5;1.85;0.21;23.4;0;9.31;0;0;0;296;77.9;0.0996;0.165;0.604;0.619;75.7;90.3;0.162;0.233;0.0088;0.0105; 50080;897;9462;2.33;2.25;42;0.12;0.194;0.619;0.619;113;133;0.153;0.169;0.0108;0.0128; 52160;12703;3802;19.3;17.9;40;0.0887;0.143;0.619;0.619;73.6;88.1;0.165;0.195;0.0096;0.0115; 55840;912;9933;2.35;2.28;44;0.0014;0.541;0.00258;0.612;0.251;1.34;0.813;0.37;0.00208;0.0111; 49920;11;25;2.31;2.63;49;6.2e+03;1.51e+03;754; 31%;  7%;  3%;7.93e+03;1.41e+03;7.9e+03; 40%;  7%; 40%;6.17e+03;1.52e+03;729; 31%;  7%;  3%;1.01e+03;1.8e+03;1.05e+03;  5%;  9%;  5%;97.7;2.35;0;0;0;0;0;0;0;100;0.00137;0;0;0;0;0;0;0;100;0.000327;0;0;0;0;0;0;0;0.422;5.05;0.839;93.7;0;37.3;0;0;0;76.2;88.1;79.8;51.9;14.2 ;34.4 ;15.5 ;13.8 ;
2017-09-04;06:45:41.915;0.0779;0.169;0.461;0.619;261;311;0.161;0.194;0.0097;0.0116;26.3;25;2.69e+04;1.59e+05;2.16e+03;0.338;8.45;0.156;3.9;3.79e+04;74.5;2;0.288;23.2;0;6.85;0;0;0;296;77.8;0.1;0.166;0.605;0.619;75.4;90.6;0.167;0.226;0.0087;0.0104; 50000;920;9703;2.36;2.27;42;0.121;0.195;0.619;0.619;112;132;0.152;0.165;0.0108;0.0127; 54640;12707;3797;19.3;17.9;40;0.0892;0.144;0.619;0.619;73.2;87.3;0.161;0.195;0.00951;0.0113; 51440;909;9965;2.32;2.25;44;0.00154;0.59;0.00262;0.614;0.297;0.968;0.693;0.508;0.00223;0.00726; 51600;23;34;2.3;2.62;49;6.17e+03;1.49e+03;756; 31%;  7%;  3%;7.94e+03;1.42e+03;7.92e+03; 40%;  7%; 40%;6.16e+03;1.5e+03;719; 31%;  7%;  3%;995;1.81e+03;1.04e+03;  5%;  9%;  5%;97.7;2.27;0;0;0;0;0;0;0;100;0.00251;0;0;0;0;0;0;0;100;0.00115;0;0;0;0;0;0;0;0.426;5.74;1.15;92.7;0;27.4;0;0;0;76.1;88.1;79.7;51.9;14.2 ;34.5 ;15.4 ;13.7 ;
2017-09-04;06:45:42.943;0.0773;0.168;0.461;0.619;261;311;0.163;0.191;0.00975;0.0116;26.3;25;2.67e+04;1.59e+05;2.16e+03;0.335;8.38;0.155;3.87;3.82e+04;74.5;1.6;0.257;23.6;0;12.1;0;0;0;296;78.1;0.0937;0.155;0.604;0.619;74.1;87.4;0.152;0.223;0.00915;0.0108; 52720;858;9587;2.36;2.29;42;0.124;0.2;0.619;0.619;113;134;0.16;0.165;0.0106;0.0126; 48720;12702;3848;19.3;17.9;40;0.0904;0.146;0.619;0.619;73.4;87.9;0.166;0.194;0.00939;0.0113; 51600;901;10012;2.33;2.26;44;0.0017;0.607;0.0028;0.609;0.277;1.57;0.824;0.382;0.00189;0.0107; 51200;16;20;2.31;2.63;49;6.25e+03;1.51e+03;751; 31%;  7%;  3%;7.97e+03;1.43e+03;7.96e+03; 40%;  7%; 40%;6.18e+03;1.51e+03;733; 31%;  7%;  3%;1.01e+03;1.84e+03;1.03e+03;  5%;  9%;  5%;97.6;2.37;0;0;0;0;0;0;0;100;0.000954;0;0;0;0;0;0;0;100;0.000679;0;0;0;0;0;0;0;0.459;4.04;1.03;94.5;0;48.5;0;0;0;76;88.3;79.8;51.8;14.2 ;34.5 ;15.6 ;13.8 ;
2017-09-04;06:45:43.970;0.0766;0.166;0.461;0.619;260;311;0.164;0.193;0.00986;0.0118;26.2;25;2.64e+04;1.59e+05;2.16e+03;0.332;8.3;0.153;3.83;3.79e+04;74.5;1.89;0.221;23.4;0;10.3;0;0;0;295;77.8;0.0973;0.161;0.604;0.619;75.1;89.3;0.159;0.234;0.00896;0.0106; 49280;920;9423;2.34;2.26;42;0.12;0.194;0.619;0.619;112;133;0.159;0.161;0.0108;0.0129; 51840;12711;3768;19.3;17.8;40;0.0867;0.14;0.619;0.619;72.7;86.7;0.161;0.189;0.00974;0.0116; 55360;884;9934;2.33;2.27;44;0.00252;0.689;0.00365;0.613;0.391;1.94;0.799;0.463;0.0018;0.00896; 51200;36;1;2.28;2.61;49;6.2e+03;1.51e+03;744; 31%;  7%;  3%;7.94e+03;1.4e+03;7.91e+03; 40%;  7%; 40%;6.16e+03;1.52e+03;725; 31%;  7%;  3%;1e+03;1.79e+03;1.02e+03;  5%;  9%;  5%;97.5;2.46;0;0;0;0;0;0;0;100;0.000241;0;0;0;0;0;0;0;100;0.00116;0;0;0;0;0;0;0;0.596;5.1;0.883;93.4;0;41.2;0;0;0;76;87.9;79.6;51.9;14.2 ;34.2 ;15.6 ;13.8 ;
2017-09-04;06:45:44.000;0.078;0.17;0.46;0.619;261;311;0.162;0.194;0.00968;0.0115;26.3;25.1;2.69e+04;1.59e+05;2.16e+03;0.339;8.48;0.156;3.9;3.81e+04;74.3;1.43;0.213;24.1;0;17.1;0;0;0;296;77.9;0.1;0.166;0.605;0.619;75.6;90.2;0.162;0.23;0.00871;0.0104; 48800;956;9285;2.36;2.27;42;0.123;0.2;0.613;0.619;112;133;0.152;0.169;0.0106;0.0125; 52800;12651;3845;19.3;17.9;40;0.0871;0.141;0.619;0.619;72.7;87.1;0.165;0.189;0.00965;0.0116; 53360;904;9962;2.33;2.26;45;0.00164;0.615;0.00267;0.607;0.245;1.39;0.824;0.331;0.00173;0.00983; 49920;16;5;2.31;2.64;49;6.24e+03;1.5e+03;757; 31%;  7%;  3%;7.96e+03;1.43e+03;7.95e+03; 40%;  7%; 40%;6.16e+03;1.5e+03;726; 31%;  7%;  3%;1e+03;1.84e+03;1.04e+03;  5%;  9%;  5%;97.7;2.29;0;0;0;0;0;0;0;99;1.03;0;0;0;0;0;0;0;100;0.002;0;0;0;0;0;0;0;0.439;2.4;0.85;96.3;0;68.5;0;0;0;76.2;88.3;79.8;51.7;14.2 ;34.4 ;15.5 ;13.8 ;
2017-09-04;06:45:46.028;0.0922;0.207;0.446;0.619;271;325;0.166;0.234;0.0085;0.0102;26.4;25.5;3.19e+04;1.54e+05;2.16e+03;0.414;10.3;0.184;4.61;3.87e+04;72;3.83;0.194;24;0;15.4;0;0;0;297;78.5;0.0977;0.161;0.605;0.619;74.5;88.9;0.161;0.223;0.00881;0.0105; 48560;967;9150;2.46;2.4;42;0.182;0.328;0.556;0.619;123;148;0.166;0.264;0.00782;0.00937; 53920;12382;4278;19.1;18;40;0.0878;0.142;0.619;0.619;73.2;87.7;0.165;0.19;0.00964;0.0115; 57680;882;9940;2.43;2.39;44;0.000825;0.421;0.00196;0.609;0.193;0.768;0.749;0.35;0.00271;0.0108; 49520;5;4;2.37;2.73;49;6.33e+03;1.51e+03;758; 31%;  7%;  3%;8.04e+03;1.51e+03;8.03e+03; 40%;  7%; 40%;6.34e+03;1.52e+03;729; 32%;  7%;  3%;995;1.94e+03;1.04e+03;  5%;  9%;  5%;97.8;2.19;0;0;0;0;0;0;0;89.9;9.43;0;0.69;0;0;0;0;0;100;0.000289;0;0;0;0;0;0;0;0.322;3.69;0.776;95.2;0;61.8;0;0;0;76.1;89.6;79.7;51.8;14.4 ;34.4 ;15.8 ;13.8 ;
2017-09-04;06:45:47.053;0.134;0.321;0.417;0.619;289;353;0.184;0.333;0.00626;0.00767;26.7;26.9;4.61e+04;1.43e+05;2.16e+03;0.643;16.1;0.268;6.7;4.26e+04;67.4;7.04;0.187;25.4;0;12.6;0;0;0;301;80.2;0.0983;0.162;0.606;0.619;79.2;93.9;0.157;0.216;0.00935;0.0111; 50000;986;9805;2.75;2.72;42;0.323;0.743;0.435;0.619;129;163;0.208;0.437;0.00465;0.00587; 51200;10495;5378;18.4;18.3;40;0.0997;0.161;0.619;0.619;79.8;95.4;0.163;0.201;0.00931;0.0111; 54560;984;10704;2.74;2.73;44;0.0143;2.21;0.00648;0.616;0.196;0.843;0.767;0.335;0.00016;0.000687; 50640;8;4;2.73;3.14;49;6.95e+03;1.64e+03;817; 35%;  8%;  4%;8.82e+03;1.77e+03;8.73e+03; 44%;  8%; 44%;6.95e+03;1.63e+03;806; 35%;  8%;  4%;1.11e+03;2.28e+03;1.12e+03;  5%; 11%;  5%;97.9;2.06;0;0;0;0;0;0;0;70.3;22.5;0;7.13;0;0;0;0;0;100;0;0;0;0;0;0;0;0;1.05;3.57;0.748;94.6;0;50.3;0;0;0;76.4;91.8;80.4;52.1;15 ;34.1 ;16.4 ;14.6 ;
2017-09-04;06:45:48.073;0.0844;0.275;0.307;0.619;226;270;0.163;0.243;0.00777;0.00928;22.2;25.2;2.9e+04;1.06e+05;2.15e+03;0.55;13.7;0.169;4.22;4.7e+04;49.6;6.16;0.00252;44.2;0;4.7;0;0;0;279;74.4;0.132;0.218;0.603;0.619;111;132;0.156;0.206;0.0098;0.0116; 52960;1315;13704;2.08;1.8;42;0.0272;2.84;0.00959;0.619;2.22;4.82;0.54;0.798;0.000947;0.00206; 52720;71;193;16;19.3;41;0.133;0.221;0.599;0.619;112;133;0.155;0.2;0.00985;0.0116; 53360;1405;14833;2.05;1.77;44;0.0461;2.82;0.0163;0.619;0.056;0.285;0.803;0.333;1.42e-05;7.19e-05; 50160;0;6;2.01;2.32;49;7.43e+03;2.08e+03;937; 37%; 10%;  4%;1.08e+04;938;1.05e+04; 55%;  4%; 53%;7.6e+03;2.07e+03;928; 38%; 10%;  4%;1.34e+03;939;1.35e+03;  6%;  4%;  6%;97.5;2.52;0;0;0;0;0;0;0;1.55;13.5;0;84.9;0;18.8;0;0;0;96.8;3.23;0;0;0;0;0;0;0;2.64;5.36;0.0101;92;0;0;0;0;0;77.9;66.1;82.1;52.5;13.4 ;33.4 ;14.5 ;13.1 ;
2017-09-04;06:45:49.093;0.105;0.363;0.29;0.619;237;285;0.168;0.312;0.00656;0.00788;22.5;25.8;3.61e+04;9.94e+04;2.14e+03;0.726;18.2;0.211;5.27;4.75e+04;46.9;13.5;0.00276;39.6;0;0;0;0;0;283;75;0.17;0.301;0.567;0.619;116;138;0.158;0.264;0.00793;0.00942; 50160;1413;13990;2.21;1.95;42;0.035;2.87;0.0122;0.619;2.86;6.31;0.546;0.836;0.000955;0.0021; 52000;87;258;15.9;19.4;41;0.169;0.3;0.564;0.619;118;140;0.16;0.253;0.00811;0.00966; 57120;1652;15008;2.21;1.95;44;0.0462;2.83;0.0164;0.619;0.0678;0.335;0.797;0.3;1.71e-05;8.45e-05; 50560;5;3;2.17;2.53;49;7.41e+03;2.23e+03;1.01e+03; 37%; 11%;  5%;1.08e+04;937;1.04e+04; 55%;  4%; 53%;7.66e+03;2.23e+03;1e+03; 39%; 11%;  5%;1.43e+03;938;1.46e+03;  7%;  4%;  7%;91.6;8.36;0;0;0;0;0;0;0;1.97;32.4;0;65.6;0;0;0;0;0;91.2;8.83;0;0;0;0;0;0;0;2.64;4.38;0.011;93;0;0;0;0;0;79;68;83.3;52.6;13.7 ;33.1 ;14.9 ;13.4 ;
2017-09-04;06:45:50.109;0.177;0.764;0.231;0.619;279;350;0.204;0.424;0.00461;0.0058;23.1;27.4;6.05e+04;7.91e+04;2.14e+03;1.53;38.2;0.354;8.84;4.83e+04;37.4;19.5;0.00286;43.1;0;0;0;0;0;288;77.5;0.326;0.783;0.416;0.619;122;157;0.223;0.451;0.00437;0.00562; 52720;1771;13419;2.78;2.52;42;0.0261;2.86;0.00911;0.619;2.14;4.64;0.538;0.817;0.000961;0.00208; 51760;70;186;14.7;19.2;42;0.309;0.639;0.485;0.619;155;189;0.179;0.365;0.00587;0.00715; 52400;2155;17032;2.83;2.44;43;0.0463;2.84;0.0163;0.619;0.0727;0.338;0.785;0.296;1.84e-05;8.54e-05; 50720;3;6;2.78;3.28;49;6.21e+03;2.92e+03;1.25e+03; 31%; 14%;  6%;1.15e+04;831;8.27e+03; 58%;  4%; 42%;8.52e+03;2.84e+03;1.39e+03; 43%; 14%;  7%;1.97e+03;831;1.77e+03; 10%;  4%;  9%;67.2;22.3;0.000555;10.5;0;0;0;0;0;1.47;31.8;0;66.7;0;0;0;0;0;78.3;19.4;0;2.31;0;0;0;0;0;2.63;4.44;0.0109;92.9;0;0;0;0;0;80.7;66.6;87.8;52.5;14.6 ;32.5 ;15.9 ;14.5 ;
2017-09-04;06:45:51.149;0.124;0.41;0.302;0.619;208;228;0.0864;0.239;0.00486;0.00532;33.9;47.6;4.28e+04;1.05e+05;2.14e+03;0.82;20.5;0.248;6.19;6.47e+04;48.8;4.18;0.00567;47;0;12;0;0;0;282;92.8;0.109;0.283;0.387;0.619;56.9;60.7;0.062;0.119;0.00605;0.00645; 49600;3998;11989;8.42;11.4;40;0.0983;0.258;0.382;0.619;61;62.2;0.0194;0.0245;0.00718;0.00732; 52880;4332;12988;8.7;11.8;41;0.241;0.567;0.424;0.619;90.1;104;0.135;0.371;0.00431;0.00499; 50800;4972;15265;8.44;11.1;41;0.0466;2.78;0.0167;0.619;0.0928;0.796;0.884;0.179;2.29e-05;0.000197; 51280;2;7;8.39;13.3;48;6.68e+03;7.1e+03;3.16e+03; 33%; 35%; 15%;7.66e+03;3.37e+03;6.63e+03; 38%; 17%; 33%;7.53e+03;6.92e+03;3.68e+03; 38%; 35%; 18%;4.36e+03;3.91e+03;3.68e+03; 22%; 19%; 18%;62.4;1.57;0.000243;36;0;12.9;0;0;0;61.7;0.625;0;37.7;0;33.8;0;0;0;68.6;9.73;0;21.7;0;1.22;0;0;0;2.71;4.78;0.0224;92.5;0;0;0;0;0;74.1;71.9;84.6;51.2;22.9 ;23.6 ;23.4 ;22.9 ;
2017-09-04;06:45:52.177;0.123;0.268;0.458;0.619;296;301;0.0193;0.0136;0.00695;0.00708;49.4;69.8;4.26e+04;1.59e+05;2.18e+03;0.535;13.4;0.245;6.13;9.41e+04;74;2.44;0.00567;23.5;0;0;0;0;0;341;120;0.133;0.214;0.619;0.619;87;88.5;0.0171;0.0134;0.00754;0.00768; 53200;6140;18219;12.4;17;40;0.152;0.252;0.605;0.619;101;103;0.0156;0.0129;0.00764;0.00776; 47760;6932;20954;12.4;16.6;41;0.159;0.269;0.591;0.619;107;109;0.0145;0.0129;0.0078;0.00791; 53040;7298;21703;12.4;16.6;41;0.0464;2.78;0.0167;0.619;0.0873;1.2;0.927;0.135;2.17e-05;0.000298; 51520;6;4;12.3;19.6;48;9.97e+03;1.02e+04;4.52e+03; 50%; 51%; 22%;1.08e+04;5.14e+03;9.84e+03; 54%; 25%; 49%;1.08e+04;1.01e+04;5.33e+03; 54%; 50%; 26%;6.21e+03;6e+03;5.25e+03; 31%; 30%; 26%;100;0.0324;0;0;0;0;0;0;0;97.7;1.14;0;1.12;0;0;0;0;0;95.5;3.44;0;1.1;0;0;0;0;0;2.7;5.16;0.0227;92.1;0;0;0;0;0;92.4;90.7;99.4;58.7;29.6 ;29.9 ;30.7 ;29.9 ;
2017-09-04;06:45:53.198;0.3;0.722;0.415;0.619;552;599;0.0783;0.192;0.00535;0.0058;47.8;43;1.03e+05;1.43e+05;2.16e+03;1.44;36.1;0.599;15;7.75e+04;67;2.86;0.03;30.1;0;5.95;0;0;0;332;105;0.383;0.642;0.597;0.619;188;202;0.0677;0.176;0.00568;0.0061; 50720;5036;17708;10.2;7.88;40;0.457;0.864;0.529;0.619;216;235;0.082;0.202;0.00549;0.00598; 47840;9700;14172;17.3;16.6;39;0.323;0.621;0.52;0.619;148;161;0.0783;0.197;0.00532;0.00578; 56480;3092;11789;10.1;8.64;42;0.035;2.69;0.013;0.619;0.143;1.55;0.908;0.272;4.75e-05;0.000516; 51200;22;8;10.2;9.94;49;1.01e+04;6.73e+03;3.93e+03; 51%; 34%; 19%;8.92e+03;3.5e+03;1.02e+04; 45%; 17%; 51%;9.03e+03;6.99e+03;2.71e+03; 45%; 35%; 13%;4.18e+03;5.55e+03;5.68e+03; 21%; 28%; 28%;96.4;1.23;0;2.38;0;0;0;0;0;85.5;1.26;0;13.2;0;10.6;0;0;0;83.9;0.342;0;15.7;0;13.2;0;0;0;2.1;8.63;0.12;89.2;0;0;0;0;0;90;96.1;89;56.7;23.5 ;32.4 ;25.3 ;23.5 ;
2017-09-04;06:45:54.220;0.335;0.72;0.465;0.619;603;659;0.0851;0.205;0.00525;0.00573;50.7;42.4;1.15e+05;1.6e+05;2.15e+03;1.44;36;0.669;16.7;8.05e+04;75.1;1.39;0.138;23.4;0;8.88;0;0;0;343;106;0.412;0.666;0.619;0.619;180;196;0.0827;0.207;0.00508;0.00554; 47360;3827;14602;10.6;7.82;40;0.535;0.864;0.619;0.619;247;271;0.0859;0.207;0.00539;0.0059; 58160;10874;15516;18.9;17.4;39;0.39;0.63;0.619;0.619;175;190;0.0785;0.201;0.00523;0.00568; 60320;3683;14395;10.6;7.89;42;0.0015;0.639;0.00234;0.611;0.163;1.82;0.91;0.207;0.00127;0.0142; 51360;7;3;10.6;9.29;49;1.03e+04;6.55e+03;3.18e+03; 52%; 33%; 16%;1.02e+04;3.84e+03;1.02e+04; 52%; 19%; 51%;1.04e+04;6.63e+03;3.14e+03; 52%; 33%; 15%;4.86e+03;6.26e+03;5e+03; 24%; 31%; 25%;100;0.000224;0;0;0;0;0;0;0;100;0.00116;0;0;0;0;0;0;0;100;0.000852;0;0;0;0;0;0;0;0.383;5.57;0.551;93.5;0;35.5;0;0;0;90.3;103;94.4;55.7;23.6 ;33.6 ;25.2 ;23.5 ;
2017-09-04;06:45:55.240;0.335;0.72;0.465;0.619;604;660;0.0852;0.205;0.00526;0.00575;50.7;42.5;1.15e+05;1.59e+05;2.14e+03;1.44;36;0.67;16.7;8.07e+04;75.1;1.24;0.179;23.5;0;9.69;0;0;0;343;106;0.41;0.663;0.619;0.619;180;196;0.0831;0.206;0.00512;0.00558; 49520;3905;14748;10.6;7.84;41;0.543;0.877;0.619;0.619;249;272;0.0852;0.21;0.00534;0.00584; 43360;11004;15601;19;17.4;39;0.385;0.622;0.619;0.619;175;190;0.0797;0.199;0.00531;0.00577; 53360;3613;13846;10.6;7.92;42;0.00126;0.559;0.00226;0.606;0.163;1.75;0.907;0.216;0.00151;0.0162; 50960;6;29;10.6;9.32;48;1.03e+04;6.57e+03;3.19e+03; 52%; 33%; 16%;1.03e+04;3.84e+03;1.02e+04; 52%; 19%; 51%;1.04e+04;6.64e+03;3.14e+03; 53%; 33%; 16%;4.87e+03;6.25e+03;5.01e+03; 24%; 31%; 25%;100;0;0;0;0;0;0;0;0;100;0.00128;0;0;0;0;0;0;0;100;0.00108;0;0;0;0;0;0;0;0.373;4.97;0.714;93.9;0;38.7;0;0;0;90.2;103;94.3;55.6;23.9 ;33.9 ;25.1 ;23.4 ;
2017-09-04;06:45:56.256;0.336;0.864;0.389;0.619;581;635;0.0851;0.217;0.00506;0.00553;47.7;41.2;1.15e+05;1.33e+05;2.14e+03;1.73;43.2;0.672;16.8;8.04e+04;62.8;3.25;0.17;33.7;0;11.9;0;0;0;340;104;0.499;0.811;0.615;0.619;222;242;0.0797;0.204;0.00521;0.00566; 45760;4658;18084;10.1;7.13;39;0.364;1.14;0.32;0.619;136;152;0.104;0.265;0.00438;0.00489; 50880;5182;8454;17.4;18;40;0.48;0.776;0.619;0.619;222;241;0.0756;0.197;0.00542;0.00586; 50000;4514;17209;10.1;7.18;41;0.000878;0.46;0.00191;0.605;0.163;0.979;0.833;0.305;0.00218;0.0131; 51040;6;22;10.1;8.93;49;9.04e+03;7.66e+03;3.48e+03; 46%; 39%; 17%;1.09e+04;2.77e+03;1.05e+04; 55%; 14%; 53%;9.42e+03;7.73e+03;3.51e+03; 48%; 39%; 17%;5.61e+03;4.14e+03;5.69e+03; 28%; 21%; 29%;99.4;0.53;0;0.118;0;0;0;0;0;51.6;8.87;0;39.5;0;0.265;0;0;0;100;0.00116;0;0;0;0;0;0;0;0.315;3.6;0.681;95.4;0;47.4;0;0;0;96.2;87.6;101;55.1;23.1 ;33.4 ;24.6 ;22.9 ;
2017-09-04;06:45:57.278;0.28;1.07;0.261;0.619;418;471;0.114;0.301;0.00435;0.00491;34.1;28.7;9.6e+04;8.96e+04;2.13e+03;2.14;53.6;0.561;14;5.58e+04;42.2;9.53;0.162;48.1;0;12.8;0;0;0;284;84.3;0.403;1.06;0.379;0.619;144;162;0.113;0.274;0.00417;0.0047; 58720;2847;9971;7.34;5.35;40;0.217;0.924;0.235;0.619;95.2;107;0.108;0.259;0.00512;0.00574; 49440;3496;5745;12;11.6;40;0.501;1.16;0.43;0.619;179;202;0.114;0.34;0.00416;0.00469; 50800;3502;12127;7.36;5.17;42;0.00103;0.47;0.0022;0.607;0.226;1.18;0.809;0.291;0.00255;0.0133; 52160;14;0;7.39;6.56;49;5.69e+03;5.78e+03;2.39e+03; 29%; 29%; 12%;7.63e+03;2.01e+03;6.53e+03; 38%; 10%; 33%;6.39e+03;5.43e+03;2.7e+03; 32%; 27%; 13%;4.48e+03;2.9e+03;3.84e+03; 22%; 14%; 19%;61.2;8.78;0;30;0;0.704;0;0;0;38;12.2;0;49.8;0;7.32;0;0;0;69.4;11.3;0;19.3;0;0;0;0;0;0.363;5.85;0.648;93.1;0;43;0;0;0;77.1;69.9;88.5;48.9;19.4 ;25.6 ;20.4 ;19 ;
2017-09-04;06:45:58.298;0.349;0.75;0.465;0.619;616;685;0.101;0.207;0.00515;0.00573;51.5;44;1.2e+05;1.59e+05;2.15e+03;1.5;37.5;0.697;17.4;8.18e+04;75.1;1.59;0.155;23.1;0;10.1;0;0;0;350;107;0.428;0.691;0.619;0.619;184;204;0.0984;0.208;0.005;0.00555; 57360;4077;14748;10.8;8.25;40;0.545;0.88;0.619;0.619;251;279;0.1;0.208;0.00537;0.00597; 55440;10002;16123;19.2;17.6;39;0.42;0.678;0.619;0.619;181;201;0.0962;0.205;0.00504;0.00558; 52640;3585;13052;10.8;8.35;41;0.00132;0.574;0.00229;0.606;0.164;1.84;0.911;0.22;0.00145;0.0163; 53200;6;5;10.8;9.83;49;1.03e+04;6.86e+03;3.3e+03; 52%; 35%; 16%;1.03e+04;3.9e+03;1.03e+04; 52%; 19%; 52%;1.03e+04;6.86e+03;3.31e+03; 52%; 35%; 16%;5.08e+03;6.18e+03;5.09e+03; 25%; 31%; 25%;100;0.00422;0;0;0;0;0;0;0;100;0.0012;0;0;0;0;0;0;0;100;0.00355;0;0;0;0;0;0;0;0.378;6.35;0.621;92.6;0;40.4;0;0;0;93;103;98.3;55.8;24 ;34 ;25.7 ;23.8 ;
2017-09-04;06:45:59.317;0.346;0.745;0.465;0.619;613;682;0.101;0.206;0.00517;0.00575;51.4;44;1.19e+05;1.59e+05;2.14e+03;1.49;37.3;0.693;17.3;8.16e+04;75.1;2.18;0.129;22.6;0;0.163;0;0;0;347;108;0.423;0.683;0.619;0.619;182;202;0.098;0.207;0.00502;0.00557; 52480;4011;14467;10.7;8.26;40;0.54;0.873;0.619;0.619;250;278;0.1;0.206;0.0054;0.006; 56880;9005;14560;19.2;17.6;39;0.421;0.68;0.619;0.619;181;201;0.0969;0.205;0.00503;0.00557; 51760;3763;13834;10.7;8.35;42;0.00127;0.61;0.00208;0.617;0.155;1.69;0.908;0.237;0.00143;0.0156; 51520;9;2;10.7;9.83;48;1.03e+04;6.86e+03;3.28e+03; 52%; 35%; 16%;1.03e+04;3.89e+03;1.03e+04; 52%; 19%; 52%;1.03e+04;6.84e+03;3.3e+03; 52%; 34%; 16%;5.08e+03;6.16e+03;5.06e+03; 25%; 31%; 25%;100;0.00331;0;0;0;0;0;0;0;100;0.00149;0;0;0;0;0;0;0;100;0.000706;0;0;0;0;0;0;0;0.336;8.72;0.517;90.4;0;0.653;0;0;0;92.4;103;95.5;56;24.1 ;34.2 ;25.5 ;23.8 ;
2017-09-04;06:46:00.333;0.377;0.866;0.435;0.619;613;686;0.107;0.248;0.00476;0.00533;50.6;44.2;1.29e+05;1.49e+05;2.14e+03;1.73;43.3;0.754;18.8;8.31e+04;70.3;3.78;0.153;25.8;0;10.1;0;0;0;354;107;0.459;0.741;0.619;0.619;202;223;0.0953;0.204;0.00514;0.00568; 53760;4321;15664;10.7;8.18;39;0.582;1.16;0.5;0.619;208;237;0.124;0.319;0.00418;0.00477; 54320;7658;13143;18.4;17.9;39;0.466;0.752;0.619;0.619;204;225;0.0948;0.203;0.00512;0.00565; 56160;4094;15046;10.7;8.26;41;0.00106;0.501;0.00212;0.606;0.175;1.31;0.867;0.268;0.00193;0.0145; 49760;9;16;10.8;9.93;48;1e+04;7.45e+03;3.46e+03; 51%; 38%; 17%;1.07e+04;3.56e+03;1.06e+04; 54%; 18%; 54%;1.01e+04;7.39e+03;3.51e+03; 51%; 37%; 17%;5.49e+03;5.44e+03;5.4e+03; 28%; 27%; 27%;100;0.00184;0;0;0;0;0;0;0;80.8;11;0;8.25;0;0;0;0;0;100;0.00169;0;0;0;0;0;0;0;0.349;4.12;0.612;94.9;0;40.4;0;0;0;95.6;101;102;55.4;24 ;33.6 ;25.4 ;23.6 ;
2017-09-04;06:46:01.370;0.241;0.877;0.275;0.619;377;429;0.119;0.267;0.00453;0.00514;31.3;28.6;8.33e+04;9.5e+04;2.13e+03;1.75;43.8;0.482;12.1;5.28e+04;44.4;6.13;0.206;49.2;0;21;0;0;0;286;84;0.466;0.999;0.467;0.619;170;194;0.12;0.281;0.00425;0.00483; 51520;3818;14548;6.09;4.46;42;0.0481;0.326;0.148;0.619;27.5;32.3;0.149;0.263;0.00662;0.00778; 48800;2920;1037;13.1;13.9;41;0.451;0.929;0.485;0.619;179;201;0.107;0.254;0.0046;0.00515; 50960;3378;13404;6.06;4.4;44;0.00117;0.47;0.00249;0.611;0.237;1.74;0.864;0.226;0.00234;0.0171; 50160;9;0;6.1;5.83;49;5.28e+03;5.7e+03;2.44e+03; 26%; 28%; 12%;7.82e+03;1.18e+03;7.45e+03; 39%;  5%; 37%;5.51e+03;5.56e+03;2.54e+03; 27%; 28%; 12%;4.13e+03;1.27e+03;3.94e+03; 20%;  6%; 19%;75.4;9.3;0;15.3;0;0;0;0;0;23.9;6.13;0;70;0;39.7;0;0;0;78.4;4.63;0;17;0;5.39;0;0;0;0.407;4.49;0.821;94.3;0;38.9;0;0;0;84.4;63.5;88.9;49.7;18.2 ;28.2 ;19.4 ;18.2 ;
2017-09-04;06:46:02.397;0.0777;0.167;0.465;0.619;262;315;0.168;0.188;0.00975;0.0117;26.4;25.1;2.69e+04;1.61e+05;2.18e+03;0.334;8.35;0.155;3.88;3.83e+04;75.1;0.848;0.159;23.9;0;15.1;0;0;0;296;77.8;0.0952;0.154;0.617;0.619;74.6;90;0.171;0.205;0.00903;0.0109; 54480;1016;9623;2.4;2.31;42;0.126;0.204;0.619;0.619;114;136;0.159;0.172;0.0105;0.0124; 51200;12557;4213;19.3;17.8;40;0.0877;0.142;0.619;0.619;73.1;87.1;0.161;0.193;0.00963;0.0115; 53760;845;9672;2.38;2.31;44;0.00138;0.542;0.00255;0.604;0.17;2.1;0.919;0.183;0.00142;0.0176; 50080;6;4;2.31;2.64;49;6.19e+03;1.53e+03;753; 31%;  7%;  3%;8e+03;1.45e+03;7.93e+03; 40%;  7%; 40%;6.23e+03;1.55e+03;723; 31%;  7%;  3%;992;1.87e+03;1.04e+03;  5%;  9%;  5%;99.7;0.294;0;0;0;0;0;0;0;100;0;0;0;0;0;0;0;0;100;0;0;0;0;0;0;0;0;0.423;3.1;0.636;95.8;0;60.5;0;0;0;76;88.1;79.9;51.6;14.2 ;34.4 ;15.6 ;13.7 ;
2017-09-04;06:46:03.426;0.0774;0.167;0.465;0.619;261;315;0.169;0.182;0.00978;0.0118;26.4;25;2.67e+04;1.61e+05;2.16e+03;0.333;8.33;0.155;3.87;3.8e+04;75.1;0.565;0.139;24.2;0;18.3;0;0;0;296;77.9;0.0988;0.16;0.619;0.619;75.1;91.5;0.179;0.201;0.00882;0.0107; 52400;1055;9554;2.37;2.26;42;0.123;0.199;0.619;0.619;113;134;0.154;0.167;0.0106;0.0126; 53680;12503;4098;19.4;17.8;40;0.0863;0.139;0.619;0.619;73;87.6;0.167;0.185;0.0098;0.0118; 51600;871;9623;2.35;2.29;44;0.00127;0.535;0.00237;0.601;0.149;1.8;0.918;0.201;0.00136;0.0165; 50080;9;0;2.28;2.61;49;6.14e+03;1.49e+03;757; 31%;  7%;  3%;7.99e+03;1.43e+03;7.93e+03; 40%;  7%; 40%;6.21e+03;1.51e+03;716; 31%;  7%;  3%;994;1.82e+03;1.05e+03;  5%;  9%;  5%;100;0.000871;0;0;0;0;0;0;0;100;0.00349;0;0;0;0;0;0;0;100;0.000857;0;0;0;0;0;0;0;0.393;2.26;0.557;96.8;0;73.2;0;0;0;76.3;88.2;79.9;51.7;14.3 ;34.4 ;15.4 ;13.7 ;
2017-09-04;06:46:04.455;0.0779;0.168;0.465;0.619;262;316;0.169;0.189;0.00973;0.0117;26.4;25.1;2.7e+04;1.61e+05;2.16e+03;0.335;8.38;0.156;3.9;3.81e+04;75.1;0.777;0.182;23.9;0;16.9;0;0;0;296;77.8;0.0969;0.157;0.619;0.619;74.9;91.4;0.181;0.201;0.00893;0.0109; 54080;1033;9566;2.37;2.28;42;0.124;0.201;0.619;0.619;114;134;0.152;0.174;0.0106;0.0125; 49360;12615;4127;19.4;17.9;40;0.089;0.144;0.619;0.619;73.5;88.2;0.166;0.198;0.00955;0.0115; 51760;864;9658;2.35;2.29;44;0.00161;0.61;0.00264;0.605;0.174;1.9;0.909;0.222;0.00125;0.0137; 49920;9;3;2.31;2.65;49;6.14e+03;1.51e+03;754; 31%;  7%;  3%;7.99e+03;1.44e+03;7.92e+03; 40%;  7%; 40%;6.22e+03;1.51e+03;723; 31%;  7%;  3%;1.01e+03;1.85e+03;1.04e+03;  5%;  9%;  5%;100;0.00196;0;0;0;0;0;0;0;100;0.00112;0;0;0;0;0;0;0;100;0.00079;0;0;0;0;0;0;0;0.436;3.11;0.73;95.7;0;67.7;0;0;0;76.3;88.3;80.1;51.8;14.2 ;34.3 ;15.5 ;13.7 ;
2017-09-04;06:46:05.482;0.0789;0.17;0.465;0.619;263;317;0.171;0.186;0.00965;0.0116;26.4;25;2.73e+04;1.61e+05;2.16e+03;0.34;8.49;0.158;3.95;3.81e+04;75.1;0.785;0.168;23.9;0;17;0;0;0;296;78;0.0982;0.159;0.619;0.619;75.5;90.9;0.169;0.207;0.00891;0.0107; 50640;1034;9632;2.39;2.3;42;0.125;0.203;0.619;0.619;114;135;0.156;0.173;0.0106;0.0125; 48720;12497;4147;19.3;17.8;40;0.0909;0.147;0.619;0.619;73.2;89.2;0.179;0.184;0.00933;0.0114; 48640;854;9669;2.35;2.29;44;0.00129;0.543;0.00238;0.603;0.159;1.81;0.912;0.208;0.00142;0.0162; 49680;7;3;2.3;2.64;49;6.18e+03;1.54e+03;761; 31%;  7%;  3%;7.96e+03;1.44e+03;7.94e+03; 40%;  7%; 40%;6.17e+03;1.54e+03;720; 31%;  7%;  3%;989;1.84e+03;1.06e+03;  5%;  9%;  5%;100;0;0;0;0;0;0;0;0;100;0.00215;0;0;0;0;0;0;0;100;0.00041;0;0;0;0;0;0;0;0.395;3.14;0.673;95.8;0;67.9;0;0;0;76;88.2;79.8;51.7;14.3 ;34.4 ;15.5 ;13.7 ;
2017-09-04;06:46:06.512;0.0781;0.168;0.464;0.619;261;313;0.165;0.188;0.0097;0.0116;26.4;25.1;2.7e+04;1.6e+05;2.16e+03;0.336;8.41;0.156;3.9;3.81e+04;75;0.643;0.137;24.3;0;19.4;0;0;0;296;77.8;0.0973;0.158;0.616;0.619;75;89.8;0.165;0.213;0.00893;0.0107; 49760;1059;9553;2.38;2.29;42;0.127;0.206;0.619;0.619;113;134;0.156;0.171;0.0103;0.0122; 50240;12515;4158;19.4;17.9;40;0.0864;0.14;0.619;0.619;72.8;87.3;0.166;0.186;0.00975;0.0117; 51920;846;9688;2.33;2.28;44;0.00128;0.526;0.00244;0.599;0.173;1.75;0.901;0.223;0.00157;0.0158; 49920;7;3;2.28;2.62;49;6.19e+03;1.51e+03;753; 31%;  7%;  3%;7.98e+03;1.42e+03;7.96e+03; 40%;  7%; 40%;6.2e+03;1.51e+03;725; 31%;  7%;  3%;996;1.83e+03;1.03e+03;  5%;  9%;  5%;99.5;0.515;0;0;0;0;0;0;0;100;0.00231;0;0;0;0;0;0;0;100;0.000177;0;0;0;0;0;0;0;0.407;2.05;0.547;97;0;77.6;0;0;0;76.2;88.4;79.9;51.7;14.3 ;34.3 ;15.6 ;13.7 ;
2017-09-04;06:46:07.539;0.0779;0.169;0.461;0.619;262;313;0.163;0.195;0.00972;0.0116;26.3;25.1;2.69e+04;1.59e+05;2.16e+03;0.338;8.44;0.156;3.9;3.81e+04;74.5;1.22;0.165;24.1;0;16.4;0;0;0;296;77.9;0.0997;0.165;0.605;0.619;75.4;90;0.162;0.23;0.00875;0.0104; 51360;1077;9556;2.37;2.28;42;0.123;0.199;0.619;0.619;113;134;0.157;0.17;0.0107;0.0127; 54560;12510;4089;19.3;17.9;40;0.0878;0.142;0.619;0.619;72.8;86.7;0.16;0.194;0.0096;0.0114; 56080;875;9618;2.36;2.29;44;0.00111;0.491;0.00226;0.6;0.189;1.38;0.863;0.264;0.00197;0.0144; 50240;9;13;2.3;2.62;49;6.21e+03;1.5e+03;752; 31%;  7%;  3%;7.97e+03;1.43e+03;7.92e+03; 40%;  7%; 40%;6.2e+03;1.51e+03;717; 31%;  7%;  3%;989;1.83e+03;1.05e+03;  5%;  9%;  5%;97.7;2.33;0;0;0;0;0;0;0;100;0.000273;0;0;0;0;0;0;0;100;0.00134;0;0;0;0;0;0;0;0.377;2.56;0.659;96.4;0;65.5;0;0;0;76.2;88.1;79.8;51.6;14.2 ;34.4 ;15.5 ;13.8 ;
2017-09-04;06:46:08.567;0.0767;0.166;0.461;0.619;261;310;0.16;0.194;0.00984;0.0117;26.2;25;2.65e+04;1.59e+05;2.16e+03;0.333;8.32;0.153;3.84;3.79e+04;74.5;1.56;0.146;23.8;0;15.3;0;0;0;296;77.8;0.0975;0.161;0.604;0.619;75.3;89.3;0.157;0.229;0.00896;0.0106; 51360;975;9450;2.35;2.26;42;0.125;0.202;0.619;0.619;113;134;0.157;0.172;0.0105;0.0125; 51600;12416;4118;19.3;17.9;40;0.0832;0.134;0.619;0.619;71.8;85.2;0.157;0.187;0.01;0.0119; 52560;839;9601;2.3;2.25;44;0.00107;0.483;0.00221;0.606;0.179;1.32;0.864;0.26;0.00194;0.0143; 52480;10;29;2.27;2.6;49;6.22e+03;1.48e+03;748; 31%;  7%;  3%;7.93e+03;1.42e+03;7.92e+03; 40%;  7%; 40%;6.17e+03;1.49e+03;707; 31%;  7%;  3%;977;1.81e+03;1.03e+03;  4%;  9%;  5%;97.6;2.37;0;0;0;0;0;0;0;100;0.00163;0;0;0;0;0;0;0;100;0.00113;0;0;0;0;0;0;0;0.365;3.89;0.584;95.2;0;61.2;0;0;0;76.1;88.2;79.7;51.8;14.2 ;34.4 ;15.5 ;13.7 ;
2017-09-04;06:46:09.569;0.0762;0.165;0.461;0.619;253;301;0.159;0.192;0.00989;0.0118;25.6;24.4;2.56e+04;1.55e+05;2.1e+03;0.33;8.26;0.152;3.81;3.7e+04;74.5;1.31;0.162;24;0;15.4;0;0;0;288;75.6;0.0946;0.157;0.604;0.619;72.2;85.7;0.158;0.219;0.00907;0.0108; 50640;874;9147;2.29;2.22;42;0.124;0.2;0.619;0.619;111;130;0.152;0.172;0.0106;0.0125; 53840;12168;4011;18.8;17.4;40;0.0852;0.138;0.619;0.619;70.6;84;0.159;0.191;0.00985;0.0117; 52400;803;9399;2.25;2.19;44;0.00107;0.477;0.00223;0.603;0.177;1.25;0.859;0.268;0.00197;0.014; 51440;8;18;2.22;2.54;49;6.04e+03;1.46e+03;723; 31%;  7%;  3%;7.76e+03;1.38e+03;7.72e+03; 40%;  7%; 40%;6.04e+03;1.46e+03;700; 31%;  7%;  3%;958;1.78e+03;997;  4%;  9%;  5%;97.6;2.36;0;0;0;0;0;0;0;100;0.00243;0;0;0;0;0;0;0;100;0.000585;0;0;0;0;0;0;0;0.37;2.9;0.649;96.1;0;61.5;0;0;0;74.1;85.9;77.6;50.3;13.8 ;33.4 ;15.1 ;13.3 ;
2017-09-04;06:46:10.598;0.0783;0.17;0.461;0.619;262;312;0.162;0.195;0.00965;0.0115;26.4;25.1;2.71e+04;1.6e+05;2.16e+03;0.34;8.49;0.157;3.92;3.82e+04;74.5;1.35;0.15;24;0;15.1;0;0;0;296;78.1;0.102;0.168;0.604;0.619;75.8;91.2;0.17;0.23;0.0086;0.0104; 48400;1035;9565;2.37;2.28;42;0.123;0.198;0.619;0.619;113;133;0.151;0.168;0.0106;0.0125; 53840;12519;4096;19.3;17.9;40;0.0879;0.142;0.619;0.619;72.9;87;0.162;0.196;0.00959;0.0114; 49600;863;9675;2.36;2.29;44;0.00106;0.453;0.00233;0.607;0.198;1.26;0.842;0.273;0.00216;0.0137; 51840;12;2;2.31;2.63;49;6.19e+03;1.52e+03;757; 31%;  7%;  3%;7.99e+03;1.43e+03;7.92e+03; 40%;  7%; 40%;6.2e+03;1.55e+03;722; 31%;  7%;  3%;997;1.82e+03;1.07e+03;  5%;  9%;  5%;97.6;2.35;0;0;0;0;0;0;0;100;0.00133;0;0;0;0;0;0;0;100;0.0012;0;0;0;0;0;0;0;0.385;3.05;0.602;96;0;60.3;0;0;0;76.3;88.3;80;51.7;14.2 ;34.5 ;15.7 ;13.7 ;
2017-09-04;06:46:11.628;0.0801;0.174;0.461;0.619;264;316;0.163;0.2;0.00953;0.0114;26.4;25.1;2.77e+04;1.59e+05;2.16e+03;0.347;8.68;0.16;4;3.82e+04;74.5;1.66;0.233;23.6;0;11.9;0;0;0;296;78.1;0.104;0.173;0.605;0.619;76.6;91.3;0.161;0.235;0.00849;0.0101; 52400;1074;9470;2.4;2.3;42;0.126;0.203;0.619;0.619;114;136;0.161;0.172;0.0105;0.0125; 54080;12470;4134;19.3;17.9;40;0.0887;0.143;0.619;0.619;73.2;87;0.159;0.2;0.00955;0.0113; 49920;856;9648;2.33;2.27;44;0.0017;0.61;0.00278;0.611;0.28;1.52;0.815;0.395;0.00191;0.0103; 51760;16;1;2.33;2.66;49;6.2e+03;1.51e+03;778; 31%;  7%;  3%;7.98e+03;1.43e+03;7.95e+03; 40%;  7%; 40%;6.2e+03;1.5e+03;723; 31%;  7%;  3%;995;1.84e+03;1.07e+03;  5%;  9%;  5%;97.7;2.33;0;0;0;0;0;0;0;100;0.00157;0;0;0;0;0;0;0;100;0.00155;0;0;0;0;0;0;0;0.455;4.31;0.93;94.3;0;47.6;0;0;0;76.3;88.3;80;51.9;14.4 ;34.4 ;15.6 ;13.8 ;
2017-09-04;06:46:12.657;0.0786;0.17;0.462;0.619;262;312;0.16;0.197;0.00965;0.0115;26.3;25.1;2.72e+04;1.6e+05;2.16e+03;0.34;8.51;0.157;3.93;3.81e+04;74.6;1.73;0.243;23.5;0;9.14;0;0;0;296;78.1;0.101;0.166;0.605;0.619;74.9;89.6;0.163;0.228;0.00862;0.0103; 51200;999;9434;2.36;2.28;42;0.126;0.203;0.619;0.619;114;134;0.153;0.171;0.0105;0.0123; 54320;12471;4114;19.3;17.9;40;0.0861;0.139;0.619;0.619;73.4;87.2;0.158;0.197;0.00986;0.0117; 50240;855;9583;2.34;2.28;44;0.00201;0.641;0.00314;0.612;0.354;1.46;0.758;0.473;0.00203;0.0084; 49040;30;29;2.32;2.65;49;6.19e+03;1.51e+03;766; 31%;  7%;  3%;7.96e+03;1.43e+03;7.93e+03; 40%;  7%; 40%;6.21e+03;1.52e+03;719; 31%;  7%;  3%;991;1.82e+03;1.06e+03;  5%;  9%;  5%;97.7;2.27;0;0;0;0;0;0;0;100;0.00272;0;0;0;0;0;0;0;100;0.000176;0;0;0;0;0;0;0;0.514;4.67;0.972;93.8;0;36.6;0;0;0;76.3;88.3;79.8;51.9;14.3 ;34.4 ;15.6 ;13.8 ;
2017-09-04;06:46:13.685;0.0835;0.181;0.461;0.619;264;316;0.164;0.201;0.00914;0.0109;26.4;25.2;2.89e+04;1.59e+05;2.16e+03;0.363;9.07;0.167;4.18;3.83e+04;74.4;2.06;0.159;23.4;0;11.1;0;0;0;297;78.1;0.0993;0.164;0.604;0.619;75.2;90.6;0.17;0.224;0.00877;0.0106; 55040;925;9280;2.38;2.3;42;0.13;0.213;0.611;0.619;114;136;0.157;0.184;0.0102;0.0121; 46000;12507;4176;19.3;17.9;40;0.0881;0.142;0.619;0.619;73.8;87.9;0.16;0.199;0.00971;0.0116; 50400;867;9658;2.38;2.32;44;0.0169;2.23;0.00758;0.616;0.218;1.31;0.834;0.336;0.000149;0.000898; 49600;11;18;2.36;2.68;49;6.19e+03;1.53e+03;754; 31%;  7%;  3%;8e+03;1.45e+03;7.92e+03; 40%;  7%; 40%;6.23e+03;1.54e+03;745; 31%;  7%;  3%;1.03e+03;1.86e+03;1.06e+03;  5%;  9%;  5%;97.6;2.35;0;0;0;0;0;0;0;98.7;1.32;0;0;0;0;0;0;0;100;0.000162;0;0;0;0;0;0;0;1.23;4.57;0.636;93.6;0;44.6;0;0;0;76.2;88.4;79.8;52.2;14.3 ;34.4 ;15.7 ;13.7 ;
2017-09-04;06:46:14.713;0.0984;0.216;0.456;0.619;267;320;0.165;0.216;0.00785;0.0094;26.4;25.3;3.4e+04;1.58e+05;2.16e+03;0.431;10.8;0.197;4.92;3.84e+04;73.7;2.81;0.00394;23.4;0;0;0;0;0;298;78.1;0.108;0.179;0.6;0.619;75.7;91.2;0.17;0.237;0.00815;0.00982; 49120;971;9240;2.43;2.35;42;0.15;0.254;0.59;0.619;118;140;0.16;0.214;0.00909;0.0108; 52800;12539;4317;19.3;17.9;40;0.0898;0.145;0.619;0.619;73.7;88;0.162;0.197;0.0095;0.0113; 48320;868;9664;2.37;2.32;44;0.0466;2.79;0.0167;0.619;0.0908;0.622;0.854;0.225;2.25e-05;0.000154; 49120;2;8;2.36;2.69;49;6.23e+03;1.51e+03;762; 31%;  7%;  3%;8.02e+03;1.46e+03;7.96e+03; 40%;  7%; 40%;6.25e+03;1.5e+03;732; 31%;  7%;  3%;1.01e+03;1.87e+03;1.05e+03;  5%;  9%;  5%;96.9;3.07;0;0;0;0;0;0;0;95.4;4.65;0;0;0;0;0;0;0;100;0.00049;0;0;0;0;0;0;0;2.7;3.52;0.0158;93.8;0;0;0;0;0;76.3;88.8;79.9;52.9;14.3 ;34.3 ;15.6 ;13.8 ;
2017-09-04;06:46:15.741;0.105;0.235;0.447;0.619;271;326;0.168;0.237;0.00749;0.009;26.5;25.6;3.63e+04;1.54e+05;2.16e+03;0.47;11.8;0.21;5.25;3.88e+04;72.1;4.64;0.00352;23.2;0;0;0;0;0;299;78.7;0.113;0.191;0.591;0.619;76.6;93.9;0.183;0.246;0.00786;0.00963; 48960;979;9464;2.49;2.42;42;0.175;0.312;0.562;0.619;122;145;0.16;0.258;0.00807;0.00961; 56400;12491;4560;19.2;18;40;0.0855;0.139;0.617;0.619;72.7;86.6;0.161;0.189;0.00984;0.0117; 50560;836;9627;2.45;2.42;44;0.0461;2.82;0.0164;0.619;0.0632;0.268;0.764;0.345;1.59e-05;6.72e-05; 49760;1;6;2.43;2.78;49;6.31e+03;1.53e+03;785; 31%;  7%;  3%;8.06e+03;1.52e+03;7.98e+03; 40%;  7%; 40%;6.33e+03;1.57e+03;722; 32%;  7%;  3%;982;1.96e+03;1.1e+03;  4%;  9%;  5%;95.4;4.6;0;0;0;0;0;0;0;90.8;8.53;0;0.642;0;0;0;0;0;99.7;0.294;0;0;0;0;0;0;0;2.65;5.14;0.0141;92.2;0;0;0;0;0;76.6;89.5;79.7;53;14.4 ;34.4 ;15.8 ;14 ;
2017-09-04;06:46:16.761;0.16;0.416;0.385;0.619;290;360;0.194;0.379;0.00527;0.00654;26.2;27.4;5.5e+04;1.32e+05;2.16e+03;0.832;20.8;0.32;8;4.49e+04;62.1;9.65;0.00394;28.2;0;0;0;0;0;300;80.1;0.14;0.244;0.577;0.619;91.3;110;0.168;0.269;0.00755;0.00908; 51520;1209;10903;2.84;2.79;42;0.334;0.948;0.353;0.619;110;144;0.237;0.505;0.00383;0.00502; 49680;7862;4835;17.7;18.5;40;0.119;0.2;0.592;0.619;88.4;105;0.161;0.23;0.00868;0.0103; 55840;1069;11506;2.83;2.81;44;0.0462;2.84;0.0163;0.619;0.0747;0.337;0.778;0.309;1.88e-05;8.49e-05; 51280;2;10;2.81;3.25;49;7.23e+03;1.82e+03;913; 36%;  9%;  4%;9.37e+03;1.7e+03;9.15e+03; 47%;  8%; 46%;7.36e+03;1.83e+03;882; 37%;  9%;  4%;1.22e+03;2.15e+03;1.28e+03;  6%; 10%;  6%;93.2;6.74;0;0.0888;0;0;0;0;0;56.9;22.3;0;20.8;0;0;0;0;0;95.7;4.32;0;0;0;0;0;0;0;2.63;5.27;0.0158;92.1;0;0;0;0;0;77.5;89;81.1;52.8;15.1 ;33.7 ;16.5 ;14.7 ;
2017-09-04;06:46:17.781;0.131;0.468;0.279;0.619;251;307;0.181;0.377;0.00561;0.00685;22.8;26.7;4.48e+04;9.57e+04;2.14e+03;0.936;23.4;0.261;6.54;4.81e+04;45.1;11.9;0.00624;43;0;0;0;0;0;286;76.1;0.21;0.398;0.526;0.619;122;147;0.171;0.33;0.00678;0.00819; 46560;1577;13876;2.39;2.18;42;0.0763;2.92;0.0261;0.619;6.13;13.1;0.531;0.808;0.000939;0.002; 52080;195;538;15.6;19.5;41;0.191;0.348;0.548;0.619;123;146;0.157;0.283;0.00753;0.00894; 55760;1587;15242;2.39;2.16;43;0.0462;2.82;0.0163;0.619;0.0897;0.368;0.757;0.288;2.27e-05;9.31e-05; 52000;3;6;2.35;2.79;49;7.43e+03;2.37e+03;1.07e+03; 37%; 12%;  5%;1.08e+04;978;1.02e+04; 55%;  4%; 52%;7.77e+03;2.36e+03;1.06e+03; 39%; 12%;  5%;1.51e+03;977;1.55e+03;  7%;  4%;  7%;85;13.6;0;1.39;0;0;0;0;0;4.21;15.2;0;80.5;0;0;0;0;0;88.6;11.4;0;0;0;0;0;0;0;2.64;7.3;0.025;90;0;0;0;0;0;80.1;68.6;84.2;52.8;14 ;33 ;15.4 ;13.8 ;
2017-09-04;06:46:18.797;0.207;0.943;0.219;0.619;289;370;0.218;0.456;0.00409;0.00523;23.1;27.6;7.07e+04;7.5e+04;2.14e+03;1.89;47.1;0.413;10.3;4.79e+04;35.4;18.7;0.00509;45.9;0;3.1;0;0;0;286;78.1;0.369;0.92;0.401;0.619;129;166;0.227;0.473;0.00408;0.00528; 50160;1891;13348;3;2.73;42;0.0416;2.91;0.0143;0.619;3.36;6.91;0.515;0.753;0.000943;0.00194; 51680;100;304;14.1;18.7;42;0.37;0.831;0.445;0.619;157;196;0.198;0.417;0.00497;0.0062; 50320;2226;16825;3.01;2.62;44;0.0461;2.81;0.0164;0.619;0.0998;0.418;0.762;0.26;2.53e-05;0.000106; 52880;6;2;3.02;3.56;49;6.23e+03;3.11e+03;1.36e+03; 31%; 15%;  6%;1.07e+04;817;8.29e+03; 54%;  4%; 42%;8.1e+03;3.02e+03;1.49e+03; 41%; 15%;  7%;2.11e+03;816;1.93e+03; 10%;  4%;  9%;64.7;25.5;0;9.77;0;0;0;0;0;2.31;21.2;0;76.5;0;12.4;0;0;0;71.9;24.6;0;3.55;0;0;0;0;0;2.64;3.33;0.0204;94;0;0;0;0;0;81.3;65.3;87.9;51.8;15 ;31.8 ;16.3 ;15 ;
2017-09-04;06:46:19.837;0.122;0.37;0.329;0.619;217;234;0.0704;0.192;0.00515;0.00554;36.9;52.2;4.22e+04;1.14e+05;2.14e+03;0.741;18.5;0.244;6.1;7.02e+04;53.2;6.8;0.0176;40;0;4.78;0;0;0;288;98.2;0.13;0.3;0.432;0.619;65.2;69.7;0.0643;0.156;0.00584;0.00624; 50400;4517;13511;9.21;12.6;40;0.122;0.283;0.431;0.619;70.3;72.6;0.0316;0.0701;0.00668;0.00689; 50880;4914;14835;9.21;12.5;41;0.191;0.435;0.44;0.619;81.8;90.5;0.0964;0.29;0.00492;0.00545; 49520;5181;15512;9.25;12.5;41;0.0451;2.74;0.0165;0.619;0.0934;1.06;0.912;0.279;2.38e-05;0.000272; 53600;18;12;9.18;14.6;48;7.49e+03;7.64e+03;3.52e+03; 37%; 38%; 17%;7.93e+03;3.79e+03;7.42e+03; 40%; 19%; 37%;7.93e+03;7.56e+03;3.89e+03; 40%; 38%; 19%;4.56e+03;4.41e+03;4.09e+03; 23%; 22%; 20%;69.8;2.4;0.000699;27.8;0;13;0;0;0;69.6;9.82;0;20.6;0;3.67;0;0;0;71.1;7.03;0;21.9;0;2.44;0;0;0;2.66;7.92;0.0695;89.3;0;0.116;0;0;0;77.2;75.3;84.2;51.6;24.2 ;24.7 ;24.9 ;24.4 ;
2017-09-04;06:46:20.853;0.116;0.271;0.429;0.619;312;318;0.0199;0.0201;0.0078;0.00795;50.6;71.7;4e+04;1.48e+05;2.18e+03;0.541;13.5;0.232;5.8;9.63e+04;69.2;4.33;0.236;26.2;0;8.4;0;0;0;340;122;0.16;0.262;0.611;0.619;110;112;0.0145;0.0132;0.00794;0.00806; 52400;7324;21853;12.7;17;40;0.152;0.274;0.556;0.619;102;104;0.0146;0.0132;0.00776;0.00788; 47920;6887;20779;12.6;17.2;41;0.148;0.274;0.541;0.619;99.4;101;0.0148;0.016;0.00779;0.00791; 51440;6663;20068;12.6;17.4;41;0.00283;0.599;0.00472;0.615;0.406;2.11;0.807;0.487;0.00167;0.00868; 48000;29;8;12.6;20.1;48;1.06e+04;1.06e+04;5.39e+03; 54%; 53%; 27%;1.02e+04;5.06e+03;1.07e+04; 51%; 25%; 54%;1.03e+04;1.06e+04;4.94e+03; 52%; 53%; 25%;5.76e+03;5.89e+03;6.27e+03; 29%; 29%; 31%;98.6;0.971;0;0.408;0;0;0;0;0;89.8;2.46;0;7.78;0;3.93;0;0;0;87.4;2.9;0;9.73;0;5.16;0;0;0;0.768;11;0.947;87.3;0;24.6;0;0;0;94.5;89.2;98.4;58.3;29.7 ;30.2 ;31.1 ;30.5 ;
2017-09-04;06:46:21.875;0.322;0.711;0.453;0.619;583;636;0.0836;0.205;0.00527;0.00575;49.2;41;1.1e+05;1.55e+05;2.13e+03;1.42;35.5;0.645;16.1;7.76e+04;73.3;2.34;0.252;24.2;0;7.16;0;0;0;340;105;0.387;0.64;0.605;0.619;174;188;0.079;0.201;0.00524;0.00569; 55280;3808;14625;10.2;7.58;40;0.508;0.844;0.603;0.619;238;260;0.0826;0.204;0.00547;0.00597; 49200;9724;13297;18.6;17;39;0.391;0.648;0.603;0.619;170;185;0.0813;0.206;0.00507;0.00552; 58800;3554;14204;10.2;7.64;42;0.00291;0.754;0.00385;0.615;0.441;2.17;0.797;0.473;0.00177;0.00872; 48320;43;0;10.1;8.85;49;9.99e+03;6.35e+03;3.04e+03; 51%; 32%; 15%;9.92e+03;3.67e+03;9.99e+03; 50%; 18%; 51%;9.93e+03;6.32e+03;2.99e+03; 50%; 32%; 15%;4.73e+03;5.93e+03;4.76e+03; 24%; 30%; 24%;97.7;0.422;0;1.85;0;0;0;0;0;97.4;0.156;0;2.49;0;1.59;0;0;0;97.4;0.285;0;2.3;0;1.6;0;0;0;0.627;8.47;1.01;89.9;0;25.4;0;0;0;89.1;101;93.9;55.9;23.4 ;33.3 ;24.9 ;23.1 ;
2017-09-04;06:46:22.897;0.327;0.702;0.465;0.619;596;651;0.0847;0.204;0.00531;0.00581;50.2;42.2;1.12e+05;1.6e+05;2.15e+03;1.4;35.1;0.653;16.3;7.95e+04;75.1;1.81;0.251;22.8;0;5.4;0;0;0;343;106;0.393;0.635;0.619;0.619;176;192;0.0804;0.203;0.00522;0.00568; 47200;4118;15357;10.5;7.8;40;0.511;0.825;0.619;0.619;244;266;0.0837;0.202;0.00556;0.00606; 49680;10478;14361;18.9;17.5;38;0.4;0.647;0.619;0.619;176;192;0.0818;0.205;0.00512;0.00558; 57120;3644;14450;10.4;7.86;42;0.00275;0.761;0.00361;0.616;0.396;2.26;0.825;0.432;0.00168;0.0096; 50560;31;5;10.4;9.13;49;1.02e+04;6.55e+03;3.12e+03; 52%; 33%; 15%;1.01e+04;3.73e+03;1.01e+04; 51%; 18%; 51%;1.02e+04;6.5e+03;3.1e+03; 52%; 33%; 15%;4.86e+03;6.03e+03;4.87e+03; 24%; 30%; 24%;100;0.000733;0;0;0;0;0;0;0;100;0.00136;0;0;0;0;0;0;0;100;0;0;0;0;0;0;0;0;0.586;7.25;1;91.2;0;21.6;0;0;0;89.8;102;94.9;55.9;23.8 ;33.8 ;25.2 ;23.3 ;
2017-09-04;06:46:23.917;0.328;0.705;0.465;0.619;596;651;0.0845;0.204;0.0053;0.00579;50.1;42.2;1.12e+05;1.59e+05;2.15e+03;1.41;35.2;0.655;16.4;7.93e+04;75.1;0.914;0.48;23.5;0;14.5;0;0;0;342;106;0.39;0.63;0.619;0.619;176;192;0.0809;0.202;0.00527;0.00573; 50320;4231;15517;10.5;7.79;40;0.519;0.839;0.619;0.619;244;266;0.0834;0.204;0.00548;0.00598; 54240;10340;14238;18.9;17.4;38;0.4;0.646;0.619;0.619;176;191;0.0818;0.205;0.00513;0.00558; 56640;3720;14995;10.4;7.85;41;0.00199;0.657;0.00303;0.605;0.274;1.95;0.86;0.356;0.00161;0.0115; 49680;20;24;10.3;9.09;49;1.02e+04;6.52e+03;3.1e+03; 52%; 33%; 15%;1.01e+04;3.73e+03;1.01e+04; 51%; 19%; 51%;1.02e+04;6.49e+03;3.09e+03; 52%; 33%; 15%;4.85e+03;6.01e+03;4.85e+03; 24%; 30%; 24%;100;0.000209;0;0;0;0;0;0;0;100;0.0295;0;0;0;0;0;0;0;100;0.00124;0;0;0;0;0;0;0;0.5;3.63;1.92;94;0;58.2;0;0;0;89.6;102;94.7;55.4;23.7 ;33.9 ;25.3 ;23.1 ;
2017-09-04;06:46:24.932;0.343;0.909;0.377;0.619;582;636;0.0857;0.216;0.00495;0.00542;47.5;40.9;1.17e+05;1.29e+05;2.14e+03;1.82;45.5;0.687;17.2;8.05e+04;61;4.6;0.251;34.2;0;20.7;0;0;0;341;104;0.499;0.811;0.615;0.619;227;246;0.0774;0.202;0.00532;0.00577; 57600;5158;19111;10.2;7.05;40;0.371;1.35;0.274;0.619;128;144;0.11;0.258;0.00403;0.00453; 50880;4179;7603;17.1;17.9;40;0.502;0.812;0.618;0.619;226;245;0.0767;0.201;0.00528;0.00572; 59840;4411;17764;10.1;7.12;41;0.00162;0.655;0.00247;0.611;0.285;1.06;0.732;0.454;0.00207;0.00771; 50640;17;5;10.1;8.78;49;9.17e+03;7.81e+03;3.53e+03; 46%; 39%; 18%;1.07e+04;2.65e+03;1.07e+04; 55%; 13%; 54%;9.23e+03;7.81e+03;3.51e+03; 47%; 39%; 17%;5.7e+03;3.97e+03;5.73e+03; 29%; 20%; 29%;99.3;0.667;0;0.0202;0;0;0;0;0;44.3;13.8;0;41.9;0;23.3;0;0;0;99.8;0.173;0;0;0;0;0;0;0;0.404;3.82;1.01;94.8;0;59.6;0;0;0;96.3;87.2;102;55.1;23 ;33.2 ;24.5 ;22.9 ;
2017-09-04;06:46:25.954;0.313;0.947;0.33;0.619;492;551;0.106;0.249;0.0046;0.00514;40.5;34;1.07e+05;1.13e+05;2.13e+03;1.89;47.3;0.625;15.6;6.54e+04;53.4;5.48;0.348;40.8;0;12;0;0;0;308;93.7;0.5;1.03;0.485;0.619;182;204;0.109;0.266;0.00425;0.00477; 50880;4177;14896;8.73;6.29;40;0.305;0.873;0.349;0.619;141;157;0.0998;0.206;0.00542;0.00602; 49360;5616;8497;14.4;13.6;39;0.444;0.918;0.484;0.619;169;188;0.101;0.258;0.00444;0.00494; 46880;3478;12805;8.7;6.42;42;0.00278;0.771;0.00361;0.613;0.479;1.76;0.728;0.533;0.00201;0.00739; 51440;38;0;8.67;7.69;49;7.41e+03;6.17e+03;2.92e+03; 37%; 31%; 14%;8.21e+03;2.63e+03;8.29e+03; 41%; 13%; 42%;7.45e+03;6.32e+03;2.79e+03; 38%; 32%; 14%;4.48e+03;3.93e+03;4.77e+03; 22%; 20%; 24%;78.3;9.22;0.0168;12.4;0;0;0;0;0;56.4;3;0;40.6;0;0;0;0;0;78.2;5.25;0;16.6;0;5.88;0;0;0;0.589;4.48;1.38;93.6;0;42.2;0;0;0;87.2;79.6;89.2;51.6;21.1 ;29 ;22.6 ;21 ;
2017-09-04;06:46:26.977;0.354;0.756;0.468;0.619;614;682;0.0997;0.206;0.00505;0.00561;51.4;44.1;1.22e+05;1.61e+05;2.14e+03;1.51;37.8;0.708;17.7;8.18e+04;75.6;1.38;0.0657;23;0;1.72;0;0;0;348;108;0.421;0.68;0.619;0.619;183;203;0.0973;0.207;0.00506;0.00561; 50240;4161;15206;10.8;8.31;40;0.539;0.87;0.619;0.619;251;278;0.0993;0.204;0.00542;0.00602; 51280;8853;13802;19.2;17.7;39;0.416;0.671;0.619;0.619;180;199;0.0959;0.206;0.00504;0.00557; 51200;3326;12844;10.7;8.42;41;0.0395;2.69;0.0147;0.619;0.14;1.65;0.915;0.28;4.12e-05;0.000487; 51200;7;10;10.7;9.72;49;1.04e+04;6.8e+03;3.27e+03; 52%; 34%; 16%;1.04e+04;3.92e+03;1.04e+04; 52%; 19%; 52%;1.04e+04;6.8e+03;3.22e+03; 53%; 34%; 16%;4.97e+03;6.19e+03;5.04e+03; 25%; 31%; 25%;100;0.00421;0;0;0;0;0;0;0;100;0.00107;0;0;0;0;0;0;0;100;0.00323;0;0;0;0;0;0;0;2.37;5.52;0.263;91.8;0;6.89;0;0;0;91.1;103;96.9;56.8;24.3 ;34 ;25.6 ;23.8 ;
2017-09-04;06:46:27.998;0.354;0.756;0.468;0.619;612;679;0.0994;0.205;0.00504;0.00559;51.2;44.1;1.21e+05;1.61e+05;2.15e+03;1.51;37.8;0.708;17.7;8.15e+04;75.7;1.4;0.00564;22.9;0;0;0;0;0;347;107;0.414;0.668;0.619;0.619;181;200;0.0964;0.205;0.0051;0.00564; 49680;4164;15298;10.7;8.32;40;0.536;0.866;0.619;0.619;250;278;0.0991;0.203;0.00544;0.00604; 46720;9198;14261;19.1;17.7;38;0.419;0.677;0.619;0.619;180;200;0.097;0.207;0.00502;0.00556; 50400;3443;13094;10.7;8.39;41;0.0468;2.8;0.0167;0.619;0.0469;1.37;0.966;0.126;1.17e-05;0.000341; 50400;1;1;10.6;9.72;48;1.03e+04;6.79e+03;3.24e+03; 52%; 34%; 16%;1.04e+04;3.9e+03;1.03e+04; 52%; 19%; 52%;1.04e+04;6.76e+03;3.22e+03; 52%; 34%; 16%;4.98e+03;6.17e+03;4.98e+03; 25%; 31%; 25%;100;0.00388;0;0;0;0;0;0;0;100;0.000679;0;0;0;0;0;0;0;100;0.00174;0;0;0;0;0;0;0;2.69;5.57;0.0226;91.7;0;0;0;0;0;92.2;103;95.7;56.8;24.1 ;33.9 ;25.6 ;23.7 ;
2017-09-04;06:46:29.016;0.392;0.933;0.42;0.619;616;687;0.104;0.228;0.00459;0.00512;50.5;44.1;1.34e+05;1.44e+05;2.14e+03;1.87;46.7;0.784;19.6;8.4e+04;67.8;5.09;0.00637;27.1;0;0;0;0;0;352;107;0.489;0.79;0.619;0.619;217;240;0.0945;0.205;0.00518;0.00572; 50320;5143;18908;10.8;8.08;39;0.545;1.27;0.429;0.619;187;213;0.123;0.276;0.00401;0.00457; 54000;5254;9996;18.1;18;39;0.487;0.792;0.615;0.619;212;234;0.0945;0.205;0.00508;0.00561; 46560;4079;15472;10.8;8.22;41;0.0465;2.83;0.0164;0.619;0.0683;0.684;0.9;0.19;1.72e-05;0.000172; 50320;4;17;10.8;9.81;48;1e+04;7.74e+03;3.6e+03; 51%; 39%; 18%;1.08e+04;3.37e+03;1.09e+04; 55%; 17%; 55%;9.92e+03;7.75e+03;3.53e+03; 50%; 39%; 18%;5.59e+03;5.12e+03;5.68e+03; 28%; 26%; 29%;100;0.00178;0;0;0;0;0;0;0;69.3;14.1;0;16.6;0;0;0;0;0;99.3;0.681;0;0;0;0;0;0;0;2.65;5.56;0.0255;91.8;0;0;0;0;0;95.5;98.3;102;56.6;24.1 ;33.8 ;25.6 ;23.9 ;
2017-09-04;06:46:30.053;0.21;0.609;0.344;0.619;354;407;0.13;0.248;0.00489;0.00562;30.9;28;7.25e+04;1.19e+05;2.14e+03;1.22;30.4;0.419;10.5;4.96e+04;55.6;5.17;0.00421;39.2;0;1.83;0;0;0;296;83.3;0.357;0.684;0.522;0.619;144;165;0.126;0.232;0.0047;0.00538; 51680;3213;14165;5.2;3.93;42;0.0752;0.244;0.308;0.619;56.8;67.6;0.159;0.259;0.00875;0.0104; 49840;6180;2110;15.5;15.4;40;0.361;0.678;0.532;0.619;153;174;0.12;0.258;0.00489;0.00556; 54320;2963;14079;5.09;3.8;43;0.0463;2.83;0.0164;0.619;0.0865;0.671;0.871;0.197;2.15e-05;0.000167; 50800;4;71;5.09;4.88;49;5.6e+03;4.53e+03;1.92e+03; 28%; 22%;  9%;8.16e+03;1.34e+03;7.74e+03; 41%;  6%; 39%;5.92e+03;4.45e+03;2.01e+03; 29%; 22%; 10%;3.25e+03;1.54e+03;3.11e+03; 16%;  7%; 15%;84.3;5.38;0;10.3;0;2.87;0;0;0;49.8;4.85;0;45.3;0;4.45;0;0;0;86;4.35;0;9.67;0;0;0;0;0;2.65;6.08;0.0168;91.3;0;0;0;0;0;82.9;72.7;88.4;52.3;17.3 ;30.6 ;18.4 ;17 ;
2017-09-04;06:46:31.086;0.0872;0.186;0.469;0.619;262;313;0.163;0.183;0.00862;0.0103;26.5;25.2;3.03e+04;1.63e+05;2.18e+03;0.372;9.31;0.174;4.36;3.84e+04;75.7;1.44;0.00278;22.9;0;0;0;0;0;299;78.2;0.0964;0.156;0.619;0.619;75;90.4;0.171;0.205;0.00893;0.0108; 51360;928;9735;2.37;2.29;42;0.123;0.198;0.619;0.619;114;136;0.157;0.165;0.0107;0.0127; 50880;12631;4064;19.4;18;40;0.0829;0.134;0.619;0.619;72.4;85.3;0.151;0.189;0.01;0.0118; 51760;871;9694;2.37;2.32;43;0.0469;2.78;0.0169;0.619;0.0831;1.45;0.943;0.12;2.04e-05;0.000355; 51040;5;110;2.31;2.65;49;6.23e+03;1.49e+03;750; 31%;  7%;  3%;8.06e+03;1.45e+03;7.99e+03; 40%;  7%; 40%;6.3e+03;1.52e+03;712; 31%;  7%;  3%;980;1.87e+03;1.03e+03;  4%;  9%;  5%;100;0;0;0;0;0;0;0;0;100;0.00155;0;0;0;0;0;0;0;100;0.00123;0;0;0;0;0;0;0;2.72;5.75;0.0111;91.5;0;0;0;0;0;76.7;88.7;80.2;53.4;14.2 ;34.5 ;15.6 ;13.8 ;
2017-09-04;06:46:32.119;0.088;0.188;0.469;0.619;263;313;0.161;0.188;0.0086;0.0103;26.5;25.2;3.05e+04;1.63e+05;2.17e+03;0.375;9.39;0.176;4.4;3.83e+04;75.7;1.51;0.0029;22.8;0;0;0;0;0;299;78.4;0.0953;0.154;0.619;0.619;74.6;89.5;0.167;0.206;0.00902;0.0108; 48960;927;9725;2.38;2.3;42;0.124;0.2;0.619;0.619;115;135;0.153;0.171;0.0107;0.0126; 50560;12648;4057;19.4;17.9;40;0.086;0.139;0.619;0.619;73.4;86.9;0.155;0.197;0.00983;0.0116; 47680;893;9675;2.36;2.3;43;0.0468;2.78;0.0169;0.619;0.0834;1.46;0.943;0.121;2.06e-05;0.00036; 50720;3;115;2.31;2.65;49;6.22e+03;1.51e+03;755; 31%;  7%;  3%;8.02e+03;1.44e+03;7.98e+03; 40%;  7%; 40%;6.26e+03;1.52e+03;718; 31%;  7%;  3%;988;1.85e+03;1.05e+03;  4%;  9%;  5%;100;0.00198;0;0;0;0;0;0;0;100;0.00151;0;0;0;0;0;0;0;100;0.00107;0;0;0;0;0;0;0;2.72;6.03;0.0116;91.2;0;0;0;0;0;76.5;88.6;80.2;53.3;14.3 ;34.6 ;15.7 ;13.8 ;
2017-09-04;06:46:33.147;0.0812;0.174;0.467;0.619;262;315;0.167;0.187;0.00933;0.0112;26.4;25.1;2.81e+04;1.62e+05;2.17e+03;0.348;8.7;0.162;4.06;3.83e+04;75.4;1.52;0.174;22.9;0;4.52;0;0;0;297;77.9;0.0918;0.148;0.619;0.619;74.2;90.1;0.176;0.198;0.00933;0.0113; 57920;917;9676;2.38;2.29;42;0.121;0.196;0.619;0.619;114;134;0.153;0.165;0.0108;0.0128; 50000;12590;4063;19.3;17.8;40;0.0913;0.148;0.619;0.619;74.1;88.5;0.163;0.205;0.00938;0.0112; 53840;890;9681;2.38;2.31;44;0.0199;2.31;0.00865;0.618;0.208;1.88;0.889;0.346;0.000121;0.00109; 52160;26;63;2.34;2.66;49;6.19e+03;1.51e+03;753; 31%;  7%;  3%;8.01e+03;1.45e+03;7.94e+03; 40%;  7%; 40%;6.26e+03;1.52e+03;720; 31%;  7%;  3%;994;1.87e+03;1.05e+03;  5%;  9%;  5%;100;0.00108;0;0;0;0;0;0;0;100;0.000425;0;0;0;0;0;0;0;100;0.000117;0;0;0;0;0;0;0;1.4;6.07;0.698;91.8;0;18.1;0;0;0;76.1;88.2;80;52.5;14.3 ;34.3 ;15.6 ;13.7 ;
2017-09-04;06:46:34.174;0.0789;0.17;0.465;0.619;263;315;0.167;0.192;0.00964;0.0116;26.4;25.1;2.72e+04;1.61e+05;2.16e+03;0.339;8.48;0.158;3.95;3.82e+04;75.2;1.51;0.329;23;0;8.85;0;0;0;296;77.7;0.0979;0.158;0.619;0.619;74.9;90;0.168;0.212;0.00887;0.0107; 48880;910;9650;2.4;2.31;42;0.125;0.201;0.619;0.619;114;135;0.157;0.166;0.0106;0.0126; 51040;12548;4097;19.3;17.8;40;0.0899;0.145;0.619;0.619;73.3;87.5;0.163;0.197;0.00944;0.0113; 51920;882;9621;2.34;2.29;43;0.0033;0.773;0.00427;0.613;0.426;2.51;0.83;0.452;0.0015;0.0088; 52000;36;10;2.32;2.66;49;6.2e+03;1.51e+03;760; 31%;  7%;  3%;7.97e+03;1.44e+03;7.96e+03; 40%;  7%; 40%;6.2e+03;1.53e+03;727; 31%;  7%;  3%;1e+03;1.83e+03;1.05e+03;  5%;  9%;  5%;100;0;0;0;0;0;0;0;0;100;0.00178;0;0;0;0;0;0;0;100;0.000535;0;0;0;0;0;0;0;0.696;6.03;1.32;92;0;35.4;0;0;0;76.1;88.1;79.9;52.1;14.3 ;34.3 ;15.5 ;13.7 ;
2017-09-04;06:46:35.204;0.0789;0.17;0.464;0.619;262;313;0.163;0.195;0.0096;0.0115;26.4;25.1;2.73e+04;1.6e+05;2.16e+03;0.34;8.51;0.158;3.95;3.82e+04;74.9;2.06;0.276;22.8;0;7.18;0;0;0;297;78.1;0.0973;0.159;0.613;0.619;74.6;89.1;0.163;0.218;0.00888;0.0106; 51920;902;9643;2.36;2.28;42;0.123;0.198;0.619;0.619;113;134;0.153;0.164;0.0107;0.0126; 51440;12523;4057;19.3;17.9;40;0.0926;0.15;0.619;0.619;73.6;88;0.164;0.203;0.0092;0.011; 52240;907;9614;2.37;2.3;44;0.0032;0.792;0.00404;0.614;0.482;2.04;0.763;0.546;0.00174;0.00736; 52400;41;4;2.32;2.67;49;6.2e+03;1.48e+03;745; 31%;  7%;  3%;8.01e+03;1.45e+03;7.96e+03; 40%;  7%; 40%;6.24e+03;1.49e+03;723; 31%;  7%;  3%;994;1.87e+03;1.01e+03;  5%;  9%;  5%;99;0.997;0;0;0;0;0;0;0;100;0.00188;0;0;0;0;0;0;0;100;0.000477;0;0;0;0;0;0;0;0.658;7.24;1.1;91;0;28.7;0;0;0;76.2;88.4;80.1;52.3;14.2 ;34.5 ;15.7 ;13.8 ;
2017-09-04;06:46:36.230;0.0784;0.17;0.462;0.619;262;314;0.166;0.196;0.00967;0.0116;26.3;25.1;2.71e+04;1.59e+05;2.16e+03;0.34;8.49;0.157;3.92;3.82e+04;74.6;2.33;0.3;22.8;0;8.05;0;0;0;296;78;0.0966;0.16;0.605;0.619;74.8;89.5;0.164;0.222;0.00895;0.0107; 51600;918;9613;2.37;2.29;42;0.126;0.203;0.619;0.619;114;136;0.161;0.173;0.0105;0.0125; 53680;12479;4111;19.3;17.9;40;0.0888;0.143;0.619;0.619;72.5;86.8;0.165;0.195;0.00946;0.0113; 55120;867;9633;2.35;2.3;43;0.00227;0.7;0.00324;0.612;0.382;1.57;0.757;0.509;0.00195;0.00802; 51760;32;4;2.33;2.66;49;6.25e+03;1.49e+03;762; 31%;  7%;  3%;7.98e+03;1.44e+03;7.95e+03; 40%;  7%; 40%;6.23e+03;1.5e+03;715; 31%;  7%;  3%;986;1.86e+03;1.05e+03;  4%;  9%;  5%;97.7;2.31;0;0;0;0;0;0;0;100;0.00098;0;0;0;0;0;0;0;100;0.000837;0;0;0;0;0;0;0;0.53;7.03;1.2;91.2;0;32.2;0;0;0;76.1;88.3;79.8;52.1;14.2 ;34.4 ;15.6 ;13.8 ;
2017-09-04;06:46:37.260;0.0778;0.168;0.462;0.619;262;311;0.159;0.197;0.00974;0.0116;26.4;25.1;2.69e+04;1.6e+05;2.16e+03;0.337;8.42;0.156;3.89;3.83e+04;74.6;2.61;0.33;22.4;0;5;0;0;0;297;78.1;0.0973;0.161;0.605;0.619;75.4;89.6;0.157;0.227;0.00898;0.0107; 51120;956;9708;2.39;2.3;42;0.122;0.197;0.619;0.619;113;133;0.153;0.164;0.0107;0.0126; 50960;12549;4035;19.4;17.9;40;0.088;0.142;0.619;0.619;72.7;86.2;0.156;0.195;0.00956;0.0113; 51440;872;9683;2.32;2.27;44;0.00387;0.821;0.00471;0.616;0.638;2;0.681;0.603;0.00191;0.00599; 50800;57;9;2.35;2.68;49;6.26e+03;1.52e+03;773; 31%;  7%;  3%;7.99e+03;1.44e+03;7.99e+03; 40%;  7%; 40%;6.18e+03;1.51e+03;725; 31%;  7%;  3%;995;1.85e+03;1.06e+03;  5%;  9%;  5%;97.7;2.25;0;0;0;0;0;0;0;100;0.00317;0;0;0;0;0;0;0;100;0.000451;0;0;0;0;0;0;0;0.765;8.17;1.32;89.7;0;20;0;0;0;76.3;88.3;79.9;52.5;14.3 ;34.4 ;15.6 ;13.8 ;
2017-09-04;06:46:38.290;0.0857;0.184;0.465;0.619;259;307;0.159;0.186;0.00872;0.0104;26.3;25;2.97e+04;1.61e+05;2.16e+03;0.369;9.22;0.171;4.29;3.81e+04;75.1;3.11;0.0091;21.8;0;0.0648;0;0;0;298;77.8;0.0939;0.155;0.604;0.619;73.7;88.4;0.165;0.216;0.00907;0.0109; 52720;842;9570;2.34;2.25;42;0.117;0.19;0.619;0.619;112;132;0.149;0.158;0.011;0.013; 51120;12594;4050;19.3;17.9;40;0.0862;0.139;0.619;0.619;72.4;86.2;0.16;0.194;0.00971;0.0116; 48880;895;9637;2.35;2.28;44;0.0452;2.76;0.0164;0.619;0.13;0.927;0.86;0.277;3.32e-05;0.000237; 50640;7;0;2.29;2.62;49;6.24e+03;1.47e+03;736; 31%;  7%;  3%;8.01e+03;1.44e+03;7.95e+03; 40%;  7%; 40%;6.23e+03;1.49e+03;707; 31%;  7%;  3%;976;1.85e+03;1.01e+03;  4%;  9%;  5%;97.6;2.39;0;0;0;0;0;0;0;100;0.00116;0;0;0;0;0;0;0;100;0.000961;0;0;0;0;0;0;0;2.65;10.1;0.0364;87.2;0;0.259;0;0;0;76.2;88.2;79.9;53.3;14.1 ;34.4 ;15.6 ;13.7 ;
2017-09-04;06:46:39.318;0.0898;0.193;0.465;0.619;262;314;0.165;0.195;0.00845;0.0101;26.3;25.1;3.1e+04;1.61e+05;2.16e+03;0.387;9.67;0.18;4.49;3.8e+04;75.1;3.18;0.00327;21.7;0;0;0;0;0;298;77.8;0.103;0.17;0.604;0.619;75.3;91.5;0.177;0.227;0.00847;0.0103; 52640;847;9629;2.37;2.29;42;0.121;0.196;0.619;0.619;114;135;0.155;0.169;0.0109;0.0129; 49120;12567;4087;19.3;17.9;40;0.0883;0.143;0.619;0.619;72.9;86.6;0.159;0.199;0.00956;0.0114; 52880;883;9649;2.33;2.27;43;0.0467;2.79;0.0167;0.619;0.0725;1.05;0.931;0.147;1.8e-05;0.000259; 50560;0;1;2.3;2.63;48;6.2e+03;1.49e+03;749; 31%;  7%;  3%;7.98e+03;1.42e+03;7.92e+03; 40%;  7%; 40%;6.23e+03;1.49e+03;716; 31%;  7%;  3%;984;1.82e+03;1.04e+03;  4%;  9%;  5%;97.6;2.41;0;0;0;0;0;0;0;100;0.00165;0;0;0;0;0;0;0;100;0.00128;0;0;0;0;0;0;0;2.7;10.3;0.0131;87;0;0;0;0;0;76.3;88.3;79.9;53.3;14.2 ;34.4 ;15.6 ;13.7 ;
2017-09-04;06:46:40.353;0.0887;0.191;0.465;0.619;261;310;0.16;0.191;0.00848;0.0101;26.4;25.2;3.08e+04;1.61e+05;2.16e+03;0.382;9.55;0.177;4.44;3.83e+04;75.1;2.66;0.00385;22.3;0;0;0;0;0;299;78.3;0.102;0.168;0.605;0.619;75.1;90.3;0.168;0.227;0.00853;0.0103; 56000;808;9727;2.36;2.29;42;0.119;0.192;0.619;0.619;113;132;0.149;0.162;0.0109;0.0129; 49040;12565;4058;19.4;18;40;0.088;0.142;0.619;0.619;72.9;86.9;0.161;0.196;0.00955;0.0114; 51040;865;9668;2.34;2.29;44;0.0466;2.8;0.0166;0.619;0.0663;0.812;0.918;0.174;1.64e-05;0.000201; 50400;2;0;2.3;2.63;49;6.24e+03;1.5e+03;737; 31%;  7%;  3%;8.03e+03;1.44e+03;7.99e+03; 40%;  7%; 40%;6.25e+03;1.52e+03;713; 31%;  7%;  3%;984;1.85e+03;1.02e+03;  4%;  9%;  5%;97.7;2.32;0;0;0;0;0;0;0;100;0.00313;0;0;0;0;0;0;0;100;0.00176;0;0;0;0;0;0;0;2.69;8.29;0.0154;89;0;0;0;0;0;76.7;88.7;80.4;53.4;14.3 ;34.7 ;15.7 ;13.8 ;
2017-09-04;06:46:41.386;0.0884;0.19;0.465;0.619;264;315;0.163;0.191;0.00858;0.0102;26.5;25.2;3.07e+04;1.62e+05;2.17e+03;0.38;9.51;0.177;4.42;3.83e+04;75.1;3.21;0.00267;21.7;0;0;0;0;0;299;78.3;0.0963;0.159;0.605;0.619;75.2;90;0.165;0.221;0.00898;0.0108; 47520;885;9682;2.37;2.29;42;0.122;0.197;0.619;0.619;115;136;0.156;0.168;0.0109;0.0129; 48080;12634;4102;19.4;18;40;0.089;0.144;0.619;0.619;73.3;87.7;0.164;0.196;0.00947;0.0113; 49440;909;9649;2.38;2.31;44;0.0467;2.75;0.017;0.619;0.123;1.12;0.89;0.142;3.04e-05;0.000276; 50080;4;0;2.34;2.67;49;6.27e+03;1.5e+03;761; 31%;  7%;  3%;8.01e+03;1.45e+03;7.98e+03; 40%;  7%; 40%;6.25e+03;1.51e+03;717; 31%;  7%;  3%;986;1.86e+03;1.06e+03;  4%;  9%;  5%;97.7;2.29;0;0;0;0;0;0;0;100;0;0;0;0;0;0;0;0;100;0.000617;0;0;0;0;0;0;0;2.74;10.6;0.0107;86.7;0;0;0;0;0;76.5;88.6;80.3;53.8;14.3 ;34.6 ;15.6 ;13.7 ;
2017-09-04;06:46:42.419;0.0878;0.189;0.465;0.619;261;311;0.16;0.188;0.00856;0.0102;26.4;25.1;3.05e+04;1.61e+05;2.17e+03;0.378;9.45;0.176;4.39;3.82e+04;75.1;1.59;0.00248;23.3;0;0;0;0;0;298;78;0.0953;0.158;0.604;0.619;74.4;88.2;0.157;0.219;0.009;0.0107; 49760;940;9476;2.36;2.28;42;0.12;0.195;0.619;0.619;113;133;0.155;0.159;0.0108;0.0127; 49040;12548;3994;19.4;17.9;40;0.089;0.144;0.619;0.619;73.9;88.4;0.164;0.198;0.00957;0.0114; 53920;903;9754;2.33;2.26;44;0.0466;2.79;0.0167;0.619;0.114;0.962;0.881;0.157;2.83e-05;0.000238; 49840;7;1;2.28;2.6;49;6.25e+03;1.49e+03;734; 31%;  7%;  3%;8.01e+03;1.43e+03;8e+03; 40%;  7%; 40%;6.23e+03;1.49e+03;712; 31%;  7%;  3%;989;1.83e+03;1.01e+03;  4%;  9%;  5%;97.6;2.36;0;0;0;0;0;0;0;100;0.00308;0;0;0;0;0;0;0;100;0;0;0;0;0;0;0;0;2.7;4;0.00991;93.3;0;0;0;0;0;76.4;88.6;80.2;53.1;14.3 ;34.6 ;15.5 ;13.7 ;
2017-09-04;06:46:43.451;0.0899;0.194;0.463;0.619;263;315;0.165;0.194;0.00845;0.0101;26.5;25.2;3.12e+04;1.61e+05;2.17e+03;0.388;9.7;0.18;4.49;3.84e+04;74.8;2.58;0.00406;22.6;0;0;0;0;0;298;78.2;0.0962;0.159;0.605;0.619;74.5;90;0.172;0.22;0.00893;0.0108; 51760;920;9465;2.39;2.31;42;0.126;0.206;0.612;0.619;115;136;0.155;0.175;0.0105;0.0125; 49040;12603;4066;19.4;17.9;40;0.0907;0.146;0.619;0.619;73.5;88.4;0.169;0.194;0.00935;0.0113; 55440;892;9690;2.37;2.31;43;0.0465;2.83;0.0165;0.619;0.0958;0.447;0.786;0.267;2.38e-05;0.000111; 49760;6;0;2.35;2.67;49;6.27e+03;1.52e+03;745; 31%;  7%;  3%;8.02e+03;1.46e+03;7.98e+03; 40%;  7%; 40%;6.24e+03;1.52e+03;728; 31%;  7%;  3%;1e+03;1.88e+03;1.04e+03;  5%;  9%;  5%;97.7;2.27;0;0;0;0;0;0;0;98.9;1.13;0;0;0;0;0;0;0;100;0.000934;0;0;0;0;0;0;0;2.66;6.9;0.0162;90.4;0;0;0;0;0;76.4;88.6;80.2;53.2;14.4 ;34.4 ;15.7 ;13.8 ;
2017-09-04;06:46:44.477;0.0925;0.205;0.452;0.619;270;322;0.162;0.227;0.00844;0.0101;26.4;25.4;3.2e+04;1.56e+05;2.17e+03;0.409;10.2;0.185;4.63;3.86e+04;73;3.48;0.157;23.4;0;7.37;0;0;0;297;78.3;0.0975;0.161;0.605;0.619;75;89.1;0.158;0.228;0.00889;0.0106; 46480;873;9409;2.45;2.39;42;0.164;0.286;0.575;0.619;121;144;0.158;0.24;0.00854;0.0101; 48560;12399;4162;19.2;17.9;40;0.0905;0.146;0.619;0.619;73.2;87.7;0.165;0.199;0.00936;0.0112; 53280;904;9684;2.39;2.36;44;0.0175;2.23;0.00783;0.617;0.303;1.04;0.71;0.526;0.000201;0.000692; 49840;29;6;2.39;2.74;49;6.33e+03;1.49e+03;751; 32%;  7%;  3%;8.02e+03;1.51e+03;8e+03; 40%;  7%; 40%;6.28e+03;1.48e+03;729; 31%;  7%;  3%;1e+03;1.94e+03;1.03e+03;  5%;  9%;  5%;97.7;2.26;0;0;0;0;0;0;0;92.9;6.98;0;0.154;0;0;0;0;0;100;0.000172;0;0;0;0;0;0;0;1.27;4.69;0.63;93.4;0;29.5;0;0;0;76;89.2;79.7;52.2;14.4 ;34.4 ;15.7 ;13.8 ;
2017-09-04;06:46:45.497;0.136;0.333;0.41;0.619;286;355;0.197;0.362;0.00609;0.00758;26.5;27;4.69e+04;1.41e+05;2.16e+03;0.666;16.7;0.273;6.82;4.37e+04;66.2;7.45;0.284;26.1;0;8.93;0;0;0;300;80.2;0.103;0.169;0.607;0.619;82;97.8;0.162;0.206;0.00926;0.0111; 47360;974;10313;2.78;2.74;42;0.342;0.835;0.41;0.619;122;159;0.231;0.489;0.00415;0.0054; 54640;9212;5426;18.2;18.3;40;0.0978;0.158;0.617;0.619;80.8;97.2;0.169;0.186;0.00963;0.0116; 52720;992;10685;2.79;2.77;43;0.00253;0.747;0.00338;0.612;0.446;1.23;0.638;0.603;0.00206;0.00568; 48560;36;29;2.78;3.21;49;7.13e+03;1.65e+03;853; 36%;  8%;  4%;9.09e+03;1.79e+03;8.98e+03; 46%;  9%; 45%;7.16e+03;1.65e+03;819; 36%;  8%;  4%;1.13e+03;2.31e+03;1.17e+03;  5%; 11%;  5%;98.1;1.93;0;0;0;0;0;0;0;66.3;22.5;0;11.2;0;0;0;0;0;99.7;0.27;0;0;0;0;0;0;0;0.553;5.09;1.14;93.2;0;35.8;0;0;0;76.3;91.2;80.2;51.8;15 ;34 ;16.5 ;14.6 ;
2017-09-04;06:46:46.518;0.074;0.244;0.304;0.619;223;266;0.163;0.232;0.00878;0.0105;22.2;25.1;2.54e+04;1.04e+05;2.14e+03;0.487;12.2;0.148;3.7;4.7e+04;49.1;5.01;0.311;45.6;0;12.2;0;0;0;278;74.2;0.127;0.209;0.606;0.619;108;128;0.153;0.195;0.00998;0.0118; 48000;1171;13937;2.07;1.8;42;0.0279;2.82;0.00988;0.619;2.26;5.41;0.582;0.686;0.000948;0.00227; 52240;80;189;16.1;19.3;41;0.139;0.232;0.596;0.619;112;132;0.149;0.211;0.00942;0.0111; 54720;1299;14593;2.01;1.73;44;0.00313;0.819;0.00383;0.616;0.519;1.39;0.628;0.642;0.00193;0.00519; 47680;41;33;1.99;2.31;49;7.41e+03;2.07e+03;929; 37%; 10%;  4%;1.09e+04;953;1.06e+04; 55%;  4%; 54%;7.64e+03;2.05e+03;922; 38%; 10%;  4%;1.31e+03;954;1.33e+03;  6%;  4%;  6%;97.9;2.11;0;0;0;0;0;0;0;1.6;8.08;0;90.3;0;26.5;0;0;0;96.3;3.65;0;0;0;0;0;0;0;0.621;6.22;1.24;91.9;0;22.3;0;0;0;77.9;65.9;82.4;51.7;13.3 ;33.5 ;14.3 ;13.1 ;
2017-09-04;06:46:47.537;0.0937;0.323;0.29;0.619;237;286;0.172;0.308;0.00738;0.00891;22.5;25.7;3.21e+04;9.94e+04;2.15e+03;0.646;16.2;0.187;4.69;4.75e+04;46.9;9.29;0.269;43.6;0;8.16;0;0;0;280;75.2;0.161;0.279;0.578;0.619;115;137;0.161;0.247;0.0083;0.0099; 49120;1481;13969;2.21;1.93;42;0.0349;2.87;0.0122;0.619;2.87;6.46;0.555;0.82;0.000961;0.00216; 52320;86;253;15.9;19.3;41;0.175;0.309;0.566;0.619;119;142;0.161;0.263;0.00791;0.00943; 49040;1509;14826;2.19;1.9;44;0.00363;0.895;0.00405;0.615;0.581;1.41;0.588;0.665;0.00187;0.00454; 50160;52;13;2.18;2.54;49;7.4e+03;2.2e+03;1.01e+03; 37%; 11%;  5%;1.08e+04;956;1.05e+04; 55%;  4%; 53%;7.66e+03;2.17e+03;1e+03; 39%; 11%;  5%;1.44e+03;957;1.44e+03;  7%;  4%;  7%;93.4;6.6;0;0;0;0;0;0;0;1.97;15.6;0;82.4;0;2.59;0;0;0;91.4;8.58;0;0;0;0;0;0;0;0.659;6.39;1.08;91.9;0;30.1;0;0;0;78.7;66.7;83.4;51.7;13.7 ;33.3 ;14.8 ;13.4 ;
2017-09-04;06:46:48.551;0.145;0.585;0.248;0.619;269;333;0.192;0.4;0.00544;0.00673;23.1;27.2;4.95e+04;8.46e+04;2.14e+03;1.17;29.2;0.29;7.24;4.85e+04;40;15.6;0.138;44.2;0;15;0;0;0;284;77.3;0.276;0.565;0.488;0.619;129;160;0.193;0.391;0.00548;0.0068; 51040;1680;13865;2.66;2.33;42;0.0209;2.77;0.00755;0.619;1.74;3.87;0.55;0.843;0.000975;0.00217; 52080;53;156;15.1;19.5;42;0.282;0.571;0.493;0.619;138;168;0.18;0.368;0.00574;0.007; 49520;1828;15670;2.67;2.32;43;0.000765;0.441;0.00174;0.606;0.193;0.703;0.726;0.345;0.00295;0.0108; 50480;10;0;2.63;3.05;49;7.11e+03;2.73e+03;1.24e+03; 36%; 14%;  6%;1.07e+04;849;9.63e+03; 54%;  4%; 49%;7.85e+03;2.73e+03;1.25e+03; 40%; 13%;  6%;1.77e+03;849;1.79e+03;  9%;  4%;  9%;78.8;17.4;0;3.75;0;0;0;0;0;1.22;22.1;0;76.7;0;0;0;0;0;79.7;18.3;0;2.01;0;0;0;0;0;0.286;4.58;0.551;94.6;0;60;0;0;0;81;65.7;85.9;51;14.4 ;32.9 ;15.7 ;14.2 ;
2017-09-04;06:46:49.591;0.103;0.449;0.23;0.619;170;193;0.121;0.338;0.00475;0.0054;25.9;36.2;3.57e+04;7.94e+04;2.13e+03;0.899;22.5;0.207;5.16;4.93e+04;37.1;8.98;0.23;53.7;0;15.9;0;0;0;245;78.6;0.139;0.448;0.311;0.619;51.6;59.7;0.136;0.36;0.00431;0.00499; 49120;3156;9503;6.4;8.59;40;0.0717;0.252;0.285;0.619;45;46.3;0.0274;0.0641;0.00728;0.00748; 51840;3067;9190;6.67;9.24;41;0.201;0.623;0.322;0.619;72.7;85.3;0.148;0.417;0.00418;0.00491; 49440;3792;12082;6.4;8.36;42;0.0017;0.547;0.00311;0.608;0.296;1.65;0.821;0.358;0.002;0.0112; 50800;16;5;6.39;10;48;5.03e+03;5.5e+03;2.48e+03; 25%; 27%; 12%;5.83e+03;2.44e+03;5.03e+03; 29%; 12%; 25%;5.68e+03;5.4e+03;2.83e+03; 28%; 27%; 14%;3.37e+03;2.84e+03;2.91e+03; 17%; 14%; 14%;50.2;5.7;0.0964;44;0;4.3;0;0;0;46;17;0;37;0;0;0;0;0;52;9.75;0;38.2;0;0;0;0;0;0.512;3.46;0.822;95.2;0;58.9;0;0;0;65.9;62;72.3;45.1;19.5 ;20.1 ;19.8 ;19.1 ;
2017-09-04;06:46:50.626;0.115;0.246;0.467;0.619;289;295;0.0209;0.0164;0.00724;0.00739;48;68;3.99e+04;1.63e+05;2.18e+03;0.491;12.3;0.229;5.73;9.13e+04;75.4;1.36;0.116;23.1;0;3.1;0;0;0;340;119;0.128;0.206;0.619;0.619;86.4;87.9;0.0171;0.0134;0.00776;0.0079; 49600;5920;17629;12;16.6;40;0.141;0.228;0.619;0.619;96.1;97.6;0.0156;0.0131;0.00783;0.00796; 48160;6432;19499;12;16.3;41;0.157;0.254;0.617;0.619;106;108;0.0149;0.0131;0.00779;0.00791; 44800;7167;21590;12.1;16;41;0.0334;2.48;0.0135;0.618;0.228;1.75;0.87;0.361;7.85e-05;0.000604; 50720;19;3;11.9;19.1;48;9.56e+03;1e+04;4.44e+03; 48%; 50%; 22%;1.04e+04;4.84e+03;9.47e+03; 52%; 24%; 47%;1.04e+04;9.88e+03;5.32e+03; 52%; 49%; 26%;6.22e+03;5.62e+03;5.15e+03; 31%; 28%; 25%;100;0.044;0;0;0;0;0;0;0;100;0.0491;0;0;0;0;0;0;0;99.7;0.339;0;0;0;0;0;0;0;2.18;5.01;0.464;92.4;0;12.4;0;0;0;92.5;89.7;99.4;58.8;29.5 ;29.7 ;30.3 ;29.6 ;
2017-09-04;06:46:51.647;0.257;0.628;0.41;0.619;502;539;0.0671;0.168;0.00565;0.00606;47.7;48.4;8.89e+04;1.41e+05;2.17e+03;1.26;31.4;0.515;12.9;8.02e+04;66.2;3.97;0.00619;29.8;0;4.22;0;0;0;331;108;0.315;0.526;0.599;0.619;166;176;0.0592;0.153;0.00607;0.00645; 56400;5249;19119;10.6;9.73;41;0.385;0.697;0.553;0.619;200;215;0.0689;0.172;0.006;0.00645; 56080;8852;16426;16.2;16.3;39;0.282;0.6;0.469;0.619;137;147;0.0697;0.179;0.00563;0.00606; 45360;3419;12245;10.5;10.6;42;0.0467;2.82;0.0165;0.619;0.0623;0.724;0.914;0.191;1.55e-05;0.00018; 50880;2;0;10.5;11.8;48;1.03e+04;7.15e+03;4.04e+03; 52%; 36%; 20%;9.14e+03;4.07e+03;1.04e+04; 46%; 20%; 52%;9.27e+03;7.36e+03;2.88e+03; 46%; 37%; 14%;4.16e+03;5.87e+03;5.54e+03; 21%; 29%; 28%;96.7;1.26;0;1.99;0;0;0;0;0;89.3;3.47;0;7.21;0;4.29;0;0;0;75.8;3.76;0;20.5;0;12.6;0;0;0;2.67;7.41;0.0248;89.9;0;0;0;0;0;90.1;95.4;88.4;57;24.7 ;31.9 ;26.6 ;24.7 ;
2017-09-04;06:46:52.667;0.344;0.733;0.468;0.619;596;651;0.0834;0.205;0.00506;0.00553;50;41.7;1.18e+05;1.61e+05;2.14e+03;1.47;36.7;0.687;17.2;7.9e+04;75.7;2.01;0.00638;22.3;0;0;0;0;0;343;106;0.406;0.657;0.619;0.619;177;192;0.0805;0.208;0.00507;0.00552; 57520;4082;18331;10.4;7.7;40;0.516;0.834;0.619;0.619;244;266;0.083;0.202;0.00552;0.00602; 51200;9825;14160;18.9;17.3;38;0.405;0.654;0.619;0.619;176;191;0.0807;0.206;0.00507;0.00551; 54560;3849;15026;10.4;7.74;42;0.0469;2.81;0.0167;0.619;0.0615;1.35;0.954;0.129;1.53e-05;0.000336; 50400;1;0;10.3;8.98;49;1.01e+04;6.47e+03;3.04e+03; 51%; 33%; 15%;1.01e+04;3.78e+03;1.01e+04; 51%; 19%; 51%;1.01e+04;6.45e+03;3.05e+03; 51%; 32%; 15%;4.82e+03;6.08e+03;4.81e+03; 24%; 31%; 24%;100;0.000173;0;0;0;0;0;0;0;100;0.000851;0;0;0;0;0;0;0;100;0.000464;0;0;0;0;0;0;0;2.69;8.04;0.0255;89.2;0;0;0;0;0;89.8;102;94.8;56.7;23.5 ;34.1 ;25 ;23 ;
2017-09-04;06:46:53.691;0.338;0.723;0.468;0.619;597;651;0.0842;0.203;0.00513;0.0056;50.4;42.3;1.16e+05;1.61e+05;2.14e+03;1.45;36.1;0.677;16.9;7.98e+04;75.6;2.13;0.00584;22.2;0;0;0;0;0;345;107;0.394;0.637;0.619;0.619;177;192;0.0813;0.204;0.00522;0.00568; 48560;3866;17610;10.5;7.82;40;0.518;0.837;0.619;0.619;244;266;0.0832;0.203;0.00549;0.00598; 62000;9943;14545;19;17.5;39;0.395;0.638;0.619;0.619;176;191;0.0821;0.202;0.00519;0.00565; 48560;3640;14272;10.5;7.85;41;0.0469;2.77;0.0169;0.619;0.111;1.5;0.926;0.123;2.75e-05;0.000372; 49600;4;3;10.4;9.12;49;1.02e+04;6.56e+03;3.07e+03; 52%; 33%; 15%;1.02e+04;3.8e+03;1.02e+04; 51%; 19%; 52%;1.02e+04;6.54e+03;3.1e+03; 52%; 33%; 15%;4.87e+03;6.1e+03;4.86e+03; 24%; 31%; 24%;100;0.00105;0;0;0;0;0;0;0;100;0.00138;0;0;0;0;0;0;0;100;0.00111;0;0;0;0;0;0;0;2.73;8.49;0.0233;88.8;0;0;0;0;0;90.1;102;95;57;23.9 ;34.1 ;25.4 ;23.5 ;
2017-09-04;06:46:54.710;0.37;0.858;0.431;0.619;603;661;0.0879;0.229;0.00475;0.00521;49.7;42.1;1.27e+05;1.48e+05;2.15e+03;1.72;42.9;0.739;18.5;8.14e+04;69.6;4.64;0.00408;25.7;0;0;0;0;0;348;106;0.446;0.72;0.619;0.619;200;217;0.0792;0.204;0.00522;0.00566; 47440;4255;19754;10.5;7.62;40;0.529;1.13;0.469;0.619;202;225;0.102;0.273;0.00445;0.00495; 54640;7135;11832;18.2;17.7;39;0.457;0.737;0.619;0.619;201;219;0.0792;0.205;0.00514;0.00558; 47840;4253;16223;10.5;7.66;41;0.0467;2.81;0.0166;0.619;0.108;0.809;0.866;0.191;2.7e-05;0.000202; 50160;5;0;10.5;9.11;48;9.97e+03;7.21e+03;3.3e+03; 50%; 36%; 16%;1.06e+04;3.4e+03;1.05e+04; 54%; 17%; 53%;1e+04;7.16e+03;3.31e+03; 51%; 36%; 16%;5.3e+03;5.37e+03;5.26e+03; 27%; 27%; 26%;100;0.00146;0;0;0;0;0;0;0;75.7;11.9;0;12.4;0;0;0;0;0;100;0.00157;0;0;0;0;0;0;0;2.68;6.65;0.0163;90.6;0;0;0;0;0;92.9;98.9;99.5;56.6;23.5 ;33.8 ;25 ;23.3 ;
2017-09-04;06:46:55.735;0.305;1.08;0.282;0.619;464;515;0.0997;0.26;0.00442;0.00491;37.8;32.1;1.05e+05;9.71e+04;2.14e+03;2.16;54.1;0.611;15.3;6.34e+04;45.6;7.39;0.00496;47;0;9.25;0;0;0;302;90.6;0.508;1.05;0.486;0.619;202;224;0.096;0.245;0.00464;0.00513; 49440;3624;17086;8.2;5.63;41;0.159;0.998;0.159;0.619;65.9;74.4;0.113;0.286;0.00483;0.00545; 51680;1778;2730;13.3;13.7;40;0.509;1.09;0.469;0.619;195;217;0.0971;0.266;0.00447;0.00495; 55920;3777;13854;8.18;5.66;42;0.0464;2.84;0.0164;0.619;0.0884;0.479;0.815;0.283;2.21e-05;0.00012; 50000;4;0;8.11;7.05;48;6.63e+03;6.71e+03;2.93e+03; 33%; 34%; 14%;8.21e+03;1.91e+03;8.49e+03; 41%;  9%; 43%;6.48e+03;6.76e+03;2.92e+03; 32%; 34%; 14%;4.86e+03;2.54e+03;4.95e+03; 24%; 12%; 25%;78.5;5.8;0;15.7;0;2.44;0;0;0;25.7;5.31;0;69;0;34.6;0;0;0;75.7;9.69;0;14.6;0;0;0;0;0;2.64;8.77;0.0198;88.6;0;0;0;0;0;87.8;68.7;93.3;52.5;20.5 ;28.2 ;21.6 ;20.3 ;
2017-09-04;06:46:56.757;0.343;0.736;0.466;0.619;610;678;0.0998;0.206;0.00518;0.00575;51;43.8;1.18e+05;1.6e+05;2.15e+03;1.47;36.8;0.686;17.2;8.08e+04;75.3;1.35;0.262;23.1;0;5.69;0;0;0;346;107;0.414;0.668;0.619;0.619;180;200;0.0964;0.206;0.00507;0.00561; 53600;3997;18977;10.6;8.24;40;0.528;0.853;0.619;0.619;249;277;0.0987;0.202;0.0055;0.0061; 53920;9488;14607;19.2;17.6;39;0.417;0.675;0.619;0.619;180;200;0.0971;0.206;0.00502;0.00556; 50240;3949;15048;10.6;8.28;42;0.013;1.91;0.00681;0.618;0.374;2.06;0.818;0.472;0.000336;0.00185; 50960;43;3;10.5;9.62;49;1.02e+04;6.76e+03;3.19e+03; 52%; 34%; 16%;1.03e+04;3.89e+03;1.02e+04; 52%; 19%; 52%;1.03e+04;6.73e+03;3.19e+03; 52%; 34%; 16%;4.94e+03;6.13e+03;4.93e+03; 25%; 31%; 25%;100;0.00424;0;0;0;0;0;0;0;100;0.000707;0;0;0;0;0;0;0;99.9;0.0628;0;0;0;0;0;0;0;1.1;5.33;1.05;92.5;0;22.8;0;0;0;91.4;102;96.1;56.1;24.1 ;34.1 ;25.6 ;23.7 ;
2017-09-04;06:46:57.776;0.336;0.723;0.465;0.619;606;673;0.0993;0.203;0.00526;0.00584;50.6;43.6;1.15e+05;1.59e+05;2.14e+03;1.45;36.1;0.672;16.8;8.03e+04;75.1;1.65;0.216;23;0;10.7;0;0;0;344;107;0.412;0.665;0.619;0.619;180;199;0.0964;0.206;0.00509;0.00563; 46960;3981;18843;10.5;8.18;40;0.522;0.843;0.619;0.619;248;275;0.0982;0.201;0.00555;0.00615; 51200;8546;12907;19.1;17.6;38;0.409;0.661;0.619;0.619;178;197;0.0964;0.204;0.00507;0.00561; 53360;3990;15144;10.5;8.25;42;0.00148;0.602;0.00247;0.608;0.196;1.84;0.894;0.275;0.00154;0.0145; 50400;12;1;10.4;9.55;48;1.02e+04;6.69e+03;3.16e+03; 51%; 34%; 16%;1.02e+04;3.87e+03;1.02e+04; 52%; 19%; 52%;1.02e+04;6.68e+03;3.16e+03; 52%; 34%; 16%;4.87e+03;6.09e+03;4.89e+03; 24%; 31%; 24%;100;0.000841;0;0;0;0;0;0;0;100;0.00155;0;0;0;0;0;0;0;100;0;0;0;0;0;0;0;0;0.405;6.59;0.866;92.1;0;42.7;0;0;0;90.3;102;95.3;55.7;23.9 ;34.1 ;25.4 ;23.8 ;
2017-09-04;06:46:58.794;0.362;0.804;0.45;0.619;617;688;0.103;0.22;0.00498;0.00556;51.1;44;1.24e+05;1.54e+05;2.14e+03;1.61;40.2;0.723;18.1;8.24e+04;72.7;3.67;0.371;23.2;0;5.22;0;0;0;349;108;0.433;0.699;0.619;0.619;189;210;0.096;0.205;0.00512;0.00566; 54000;4025;19165;10.8;8.21;39;0.581;1.04;0.558;0.619;239;269;0.11;0.238;0.00482;0.00541; 50800;8206;13803;18.9;17.7;38;0.429;0.694;0.619;0.619;188;207;0.0957;0.203;0.00511;0.00565; 50720;4080;15620;10.8;8.3;41;0.00437;0.931;0.0047;0.616;0.612;2.08;0.706;0.608;0.00164;0.00556; 50400;54;3;10.7;9.73;48;1.03e+04;7.02e+03;3.32e+03; 52%; 35%; 16%;1.05e+04;3.82e+03;1.05e+04; 53%; 19%; 53%;1.04e+04;7.02e+03;3.3e+03; 53%; 35%; 16%;5.1e+03;6.04e+03;5.14e+03; 26%; 30%; 26%;100;0.00117;0;0;0;0;0;0;0;90.1;8.29;0;1.58;0;0;0;0;0;100;0.00309;0;0;0;0;0;0;0;0.763;6.39;1.48;91.4;0;20.9;0;0;0;92.5;103;97.5;55.9;24.2 ;34 ;25.7 ;23.8 ;
2017-09-04;06:46:59.827;0.305;1.02;0.3;0.619;469;525;0.107;0.254;0.00445;0.00499;38.1;34.7;1.05e+05;1.03e+05;2.14e+03;2.04;51;0.611;15.3;6.58e+04;48.4;7.8;0.301;43.5;0;9.55;0;0;0;315;93.6;0.535;1;0.534;0.619;216;240;0.0998;0.232;0.0047;0.00522; 49520;4046;20950;7.92;5.74;41;0.15;1.22;0.123;0.619;34.7;42.1;0.174;0.4;0.0027;0.00327; 52000;1881;1990;14.5;16;41;0.533;0.992;0.537;0.619;217;241;0.0983;0.236;0.00472;0.00524; 50880;4308;16498;7.86;5.68;43;0.00507;0.998;0.00508;0.617;0.763;2.03;0.624;0.657;0.00174;0.00463; 51200;65;5;7.85;7.33;49;6.63e+03;7.17e+03;3.08e+03; 33%; 36%; 15%;9.29e+03;1.6e+03;9.14e+03; 47%;  8%; 46%;6.74e+03;7.15e+03;3.09e+03; 34%; 36%; 15%;5.06e+03;1.81e+03;5.06e+03; 25%;  9%; 25%;86.3;5.37;0;8.29;0;0.119;0;0;0;19.8;13.1;0;67.1;0;20.9;0;0;0;86.8;4.47;0;8.72;0;0;0;0;0;0.824;8.3;1.2;89.7;0;17.1;0;0;0;92.6;70.6;99;53.2;20.6 ;30.5 ;21.9 ;20.5 ;
2017-09-04;06:47:00.827;0.0862;0.185;0.467;0.619;255;307;0.169;0.188;0.00881;0.0106;25.7;24.4;2.9e+04;1.57e+05;2.1e+03;0.369;9.24;0.172;4.31;3.71e+04;75.4;2.88;0.0955;21.6;0;0;0;0;0;290;76.1;0.0991;0.161;0.616;0.619;73.4;88.4;0.169;0.217;0.00882;0.0106; 52720;965;9489;2.32;2.23;41;0.12;0.194;0.619;0.619;110;130;0.154;0.161;0.0109;0.0129; 52480;11917;4067;18.8;17.3;39;0.0909;0.147;0.619;0.619;71.3;86.3;0.173;0.192;0.00934;0.0113; 50640;880;9213;2.3;2.24;43;0.0346;2.53;0.0136;0.619;0.275;2.27;0.879;0.299;9.48e-05;0.000782; 49600;21;12;2.26;2.59;49;6.02e+03;1.49e+03;742; 31%;  7%;  3%;7.76e+03;1.4e+03;7.73e+03; 40%;  7%; 40%;6.01e+03;1.49e+03;710; 31%;  7%;  3%;980;1.79e+03;1.02e+03;  5%;  9%;  5%;99.5;0.532;0;0;0;0;0;0;0;100;0.00167;0;0;0;0;0;0;0;100;2.93e-05;0;0;0;0;0;0;0;2.2;11;0.382;86.4;0;0;0;0;0;74.3;85.6;78;51.7;13.9 ;33.5 ;15.2 ;13.4 ;
2017-09-04;06:47:01.861;0.0853;0.182;0.468;0.619;260;310;0.16;0.184;0.0088;0.0105;26.3;25.2;2.96e+04;1.63e+05;2.17e+03;0.364;9.1;0.171;4.26;3.82e+04;75.7;2.11;0.00615;22.2;0;0;0;0;0;299;77.9;0.0885;0.143;0.619;0.619;74.9;89;0.158;0.206;0.00976;0.0116; 54560;964;9758;2.37;2.29;42;0.12;0.194;0.619;0.619;112;133;0.153;0.161;0.0108;0.0127; 51920;12210;4250;19.4;18;40;0.0855;0.138;0.619;0.619;73.1;86.8;0.158;0.193;0.00985;0.0117; 50720;889;9452;2.32;2.26;43;0.0471;2.78;0.017;0.619;0.0753;1.49;0.95;0.13;1.84e-05;0.000365; 50000;2;4;2.28;2.62;49;6.26e+03;1.49e+03;741; 31%;  7%;  3%;8e+03;1.43e+03;7.98e+03; 40%;  7%; 40%;6.24e+03;1.5e+03;705; 31%;  7%;  3%;967;1.84e+03;1.02e+03;  4%;  9%;  5%;100;0.00179;0;0;0;0;0;0;0;100;0.00246;0;0;0;0;0;0;0;100;0.0014;0;0;0;0;0;0;0;2.74;8.43;0.0246;88.8;0;0;0;0;0;76.5;88.6;80.3;53.5;14.3 ;34.4 ;15.5 ;13.7 ;
2017-09-04;06:47:02.889;0.0873;0.186;0.469;0.619;263;314;0.164;0.186;0.00868;0.0104;26.4;25.1;3.03e+04;1.62e+05;2.17e+03;0.373;9.32;0.175;4.37;3.82e+04;75.7;1.02;0.00541;23.3;0;0;0;0;0;298;77.9;0.0929;0.15;0.619;0.619;75.1;89.1;0.157;0.211;0.00932;0.0111; 49920;979;9806;2.38;2.29;42;0.121;0.195;0.619;0.619;114;135;0.156;0.166;0.0109;0.0129; 51760;12212;4286;19.4;17.8;40;0.0879;0.142;0.619;0.619;73.3;88.1;0.169;0.192;0.00962;0.0116; 50320;908;9472;2.35;2.28;44;0.0474;2.75;0.0172;0.619;0.0906;1.77;0.949;0.114;2.21e-05;0.000431; 50480;5;4;2.31;2.64;49;6.23e+03;1.5e+03;739; 31%;  7%;  3%;7.99e+03;1.44e+03;7.98e+03; 40%;  7%; 40%;6.21e+03;1.49e+03;722; 31%;  7%;  3%;1e+03;1.85e+03;1.01e+03;  5%;  9%;  5%;100;0;0;0;0;0;0;0;0;100;0.00069;0;0;0;0;0;0;0;100;0.00111;0;0;0;0;0;0;0;2.78;4.1;0.0216;93.1;0;0;0;0;0;76.2;88.3;80;53;14.2 ;34.3 ;15.6 ;13.8 ;
2017-09-04;06:47:03.921;0.0876;0.187;0.468;0.619;261;312;0.163;0.184;0.0086;0.0103;26.4;25.1;3.03e+04;1.62e+05;2.16e+03;0.374;9.35;0.175;4.38;3.81e+04;75.7;1.63;0.00417;22.7;0;0;0;0;0;298;78.3;0.0947;0.153;0.619;0.619;74.5;89.4;0.167;0.206;0.00909;0.0109; 52400;981;9711;2.34;2.27;42;0.122;0.197;0.619;0.619;113;134;0.153;0.163;0.0107;0.0127; 55360;12216;4235;19.4;17.9;40;0.0866;0.14;0.619;0.619;73.2;87.4;0.163;0.192;0.00975;0.0117; 51440;914;9428;2.33;2.27;44;0.047;2.79;0.0168;0.619;0.0792;1.39;0.943;0.128;1.94e-05;0.000341; 51680;3;1;2.29;2.63;49;6.19e+03;1.47e+03;739; 31%;  7%;  3%;8.02e+03;1.44e+03;7.97e+03; 40%;  7%; 40%;6.23e+03;1.48e+03;711; 31%;  7%;  3%;986;1.84e+03;1.01e+03;  4%;  9%;  5%;100;0.000803;0;0;0;0;0;0;0;100;0.00245;0;0;0;0;0;0;0;100;0;0;0;0;0;0;0;0;2.72;6.5;0.0167;90.8;0;0;0;0;0;76.5;88.6;80.2;53.3;14.2 ;34.6 ;15.6 ;13.8 ;
2017-09-04;06:47:04.949;0.0877;0.187;0.468;0.619;262;314;0.165;0.188;0.00864;0.0103;26.4;25.1;3.03e+04;1.62e+05;2.17e+03;0.375;9.37;0.175;4.39;3.83e+04;75.7;1.17;0.00539;23.2;0;0.0223;0;0;0;297;78.1;0.097;0.157;0.618;0.619;74.8;89.7;0.167;0.212;0.00891;0.0107; 50960;964;9784;2.36;2.28;42;0.123;0.198;0.619;0.619;114;135;0.156;0.171;0.0108;0.0128; 50240;12272;4276;19.3;17.8;40;0.0861;0.139;0.619;0.619;72.8;86.9;0.163;0.186;0.00978;0.0117; 51040;892;9424;2.38;2.32;43;0.0452;2.67;0.0169;0.619;0.421;1.92;0.781;0.32;0.000108;0.000492; 50720;67;11;2.33;2.68;49;6.19e+03;1.51e+03;776; 31%;  7%;  3%;8.01e+03;1.44e+03;7.95e+03; 40%;  7%; 40%;6.25e+03;1.52e+03;718; 31%;  7%;  3%;986;1.86e+03;1.04e+03;  4%;  9%;  5%;99.9;0.148;0;0;0;0;0;0;0;100;0.000173;0;0;0;0;0;0;0;100;0.000847;0;0;0;0;0;0;0;2.73;4.54;0.0216;92.7;0;0.0894;0;0;0;76.3;88.3;79.9;53;14.3 ;34.4 ;15.7 ;13.8 ;
2017-09-04;06:47:05.982;0.0855;0.184;0.465;0.619;260;309;0.159;0.187;0.00877;0.0104;26.3;25.1;2.96e+04;1.61e+05;2.16e+03;0.368;9.2;0.171;4.28;3.81e+04;75.1;1.7;0.00353;23.2;0;0;0;0;0;298;78;0.0948;0.157;0.605;0.619;74.1;88.8;0.165;0.221;0.00904;0.0108; 53440;936;9663;2.35;2.28;42;0.119;0.192;0.619;0.619;112;133;0.153;0.158;0.0109;0.0129; 53920;12170;4221;19.4;18;40;0.0837;0.135;0.619;0.619;72.7;86.1;0.155;0.188;0.01;0.0119; 50240;882;9423;2.29;2.25;43;0.0448;2.71;0.0166;0.619;0.553;1.17;0.525;0.435;0.000142;0.0003; 48640;79;23;2.31;2.64;49;6.24e+03;1.47e+03;738; 31%;  7%;  3%;8e+03;1.43e+03;7.96e+03; 40%;  7%; 40%;6.22e+03;1.49e+03;713; 31%;  7%;  3%;979;1.83e+03;1.02e+03;  4%;  9%;  5%;97.7;2.3;0;0;0;0;0;0;0;100;0.00404;0;0;0;0;0;0;0;100;0.00125;0;0;0;0;0;0;0;2.68;4.51;0.0141;92.8;0;0;0;0;0;76.5;88.5;80.2;53.2;14.2 ;34.6 ;15.6 ;13.7 ;
2017-09-04;06:47:07.014;0.0879;0.189;0.465;0.619;262;312;0.16;0.194;0.00858;0.0102;26.4;25.2;3.05e+04;1.61e+05;2.17e+03;0.378;9.46;0.176;4.4;3.82e+04;75.1;1.86;0.0027;23.1;0;0;0;0;0;299;78.1;0.103;0.17;0.604;0.619;76.1;91.3;0.166;0.236;0.00852;0.0102; 49840;937;9742;2.34;2.26;42;0.121;0.195;0.619;0.619;112;133;0.153;0.164;0.0107;0.0127; 52320;12231;4229;19.4;18;40;0.0833;0.135;0.619;0.619;72.6;86;0.157;0.186;0.01;0.0119; 50640;887;9483;2.36;2.3;44;0.0448;2.67;0.0167;0.619;0.711;1.75;0.593;0.407;0.000183;0.00045; 48960;94;20;2.35;2.68;49;6.23e+03;1.48e+03;757; 31%;  7%;  3%;8.02e+03;1.44e+03;7.96e+03; 40%;  7%; 40%;6.26e+03;1.5e+03;717; 31%;  7%;  3%;985;1.85e+03;1.04e+03;  4%;  9%;  5%;97.6;2.44;0;0;0;0;0;0;0;100;0.000566;0;0;0;0;0;0;0;100;0.000378;0;0;0;0;0;0;0;2.7;5.02;0.0108;92.3;0;0;0;0;0;76.7;88.6;80.1;53.2;14.3 ;34.3 ;15.6 ;13.9 ;
2017-09-04;06:47:08.047;0.0869;0.187;0.465;0.619;262;313;0.162;0.191;0.0087;0.0104;26.4;25.2;3.01e+04;1.61e+05;2.17e+03;0.374;9.35;0.174;4.34;3.83e+04;75.1;2.11;0.00269;22.8;0;0;0;0;0;299;78.5;0.0974;0.161;0.605;0.619;75;89.8;0.165;0.221;0.00888;0.0106; 50640;997;9738;2.37;2.29;42;0.121;0.195;0.619;0.619;114;135;0.153;0.169;0.0109;0.0129; 54400;12229;4267;19.4;18;40;0.0861;0.139;0.619;0.619;72.3;86.8;0.166;0.187;0.00969;0.0116; 49040;875;9440;2.32;2.27;44;0.0436;2.62;0.0166;0.619;0.508;1.14;0.554;0.426;0.000134;0.000301; 49200;69;16;2.33;2.69;49;6.27e+03;1.5e+03;791; 31%;  7%;  3%;7.99e+03;1.44e+03;7.97e+03; 40%;  7%; 40%;6.21e+03;1.5e+03;711; 31%;  7%;  3%;968;1.85e+03;1.06e+03;  4%;  9%;  5%;97.7;2.29;0;0;0;0;0;0;0;100;0.00189;0;0;0;0;0;0;0;100;0.000753;0;0;0;0;0;0;0;2.68;6.15;0.0108;91.2;0;0;0;0;0;76.6;88.6;80.2;53.4;14.3 ;34.6 ;15.7 ;13.8 ;
2017-09-04;06:47:09.079;0.0912;0.196;0.466;0.619;264;317;0.167;0.196;0.00833;0.01;26.6;25.2;3.17e+04;1.62e+05;2.17e+03;0.391;9.78;0.182;4.56;3.83e+04;75.3;2.96;0.0474;21.7;0;0;0;0;0;299;78.4;0.0992;0.164;0.605;0.619;76;91.5;0.169;0.227;0.00883;0.0106; 52480;993;9845;2.37;2.3;42;0.123;0.199;0.619;0.619;114;134;0.15;0.171;0.0106;0.0125; 54720;12257;4186;19.3;18;40;0.0878;0.142;0.619;0.619;72.7;87.8;0.172;0.188;0.00955;0.0115; 49920;886;9452;2.34;2.29;44;0.0545;2.47;0.0221;0.619;1.16;3.38;0.657;0.418;0.000246;0.000716; 49600;118;85;2.5;2.67;49;6.25e+03;1.5e+03;765; 31%;  7%;  3%;7.97e+03;1.43e+03;7.95e+03; 40%;  7%; 40%;6.21e+03;1.51e+03;717; 31%;  7%;  3%;987;1.83e+03;1.18e+03;  4%;  9%;  5%;97.7;2.25;0;0;0;0;0;0;0;100;0.00185;0;0;0;0;0;0;0;100;0.00109;0;0;0;0;0;0;0;3.57;9.61;0.19;86.6;0;0;0;0;0;76.6;88.5;80.1;53.9;14.3 ;34.5 ;15.6 ;13.9 ;
2017-09-04;06:47:10.110;0.0876;0.188;0.465;0.619;262;313;0.164;0.189;0.00862;0.0103;26.4;25.1;3.04e+04;1.61e+05;2.17e+03;0.377;9.42;0.175;4.38;3.81e+04;75.2;3.32;0.527;21;0;0;0;0;0;299;78.2;0.0955;0.158;0.604;0.619;74.4;88.7;0.161;0.217;0.00898;0.0107; 52640;1029;9758;2.34;2.27;42;0.122;0.197;0.619;0.619;114;135;0.155;0.17;0.0108;0.0128; 51520;12227;4245;19.3;18;39;0.0846;0.137;0.619;0.619;73;87.4;0.164;0.186;0.00997;0.0119; 53040;914;9414;2.34;2.27;44;0.0488;2.59;0.0188;0.619;0.404;2.13;0.81;0.263;9.57e-05;0.000503; 48800;25;134;2.33;2.64;49;6.26e+03;1.47e+03;738; 31%;  7%;  3%;7.97e+03;1.44e+03;7.96e+03; 40%;  7%; 40%;6.22e+03;1.47e+03;716; 31%;  7%;  3%;995;1.85e+03;1.02e+03;  5%;  9%;  5%;97.6;2.42;0;0;0;0;0;0;0;100;0.00176;0;0;0;0;0;0;0;100;0.00116;0;0;0;0;0;0;0;3.04;10.9;2.11;84;0;0;0;0;0;76.3;88.6;80;53.8;14.2 ;34.5 ;15.6 ;13.8 ;
2017-09-04;06:47:11.141;0.0894;0.192;0.465;0.619;262;313;0.162;0.195;0.00847;0.0101;26.3;25.2;3.1e+04;1.61e+05;2.17e+03;0.384;9.61;0.179;4.47;3.82e+04;75.1;2.65;0.529;21.7;0;0;0;0;0;299;78.1;0.0999;0.165;0.604;0.619;76;90.8;0.164;0.232;0.00878;0.0105; 55200;994;9723;2.35;2.27;42;0.122;0.196;0.619;0.619;112;133;0.155;0.163;0.0107;0.0126; 50080;12139;4188;19.3;18;40;0.0868;0.14;0.619;0.619;73.5;87;0.155;0.198;0.00977;0.0116; 48240;891;9469;2.33;2.29;44;0.0492;2.62;0.0188;0.619;0.446;2.02;0.779;0.303;0.000105;0.000474; 49040;34;133;2.33;2.64;48;6.22e+03;1.49e+03;741; 31%;  7%;  3%;8e+03;1.42e+03;7.94e+03; 40%;  7%; 40%;6.25e+03;1.51e+03;725; 31%;  7%;  3%;996;1.83e+03;1.03e+03;  5%;  9%;  5%;97.6;2.43;0;0;0;0;0;0;0;100;0.00116;0;0;0;0;0;0;0;100;0.000469;0;0;0;0;0;0;0;3.04;8.16;2.11;86.7;0;0;0;0;0;76.5;88.5;80;53.5;14.2 ;34.6 ;15.6 ;13.8 ;
2017-09-04;06:47:12.170;0.0903;0.194;0.465;0.619;263;314;0.163;0.197;0.00841;0.01;26.3;25.1;3.12e+04;1.61e+05;2.17e+03;0.388;9.7;0.181;4.52;3.81e+04;75.2;3.26;0.907;20.7;0;0;0;0;0;298;78;0.0983;0.163;0.604;0.619;74.4;88.2;0.157;0.227;0.00874;0.0104; 51360;947;9643;2.37;2.3;42;0.126;0.203;0.619;0.619;115;137;0.161;0.171;0.0105;0.0125; 50960;12179;4253;19.3;17.9;39;0.088;0.142;0.619;0.619;73.2;86.8;0.157;0.201;0.00962;0.0114; 50080;888;9453;2.32;2.27;43;0.0491;2.63;0.0186;0.619;0.455;2.05;0.778;0.32;0.000107;0.000484; 49200;32;134;2.32;2.63;49;6.24e+03;1.5e+03;739; 31%;  7%;  3%;7.99e+03;1.45e+03;7.96e+03; 40%;  7%; 40%;6.22e+03;1.51e+03;707; 31%;  7%;  3%;967;1.86e+03;1.02e+03;  4%;  9%;  5%;97.6;2.36;0;0;0;0;0;0;0;100;0.00175;0;0;0;0;0;0;0;100;0.000269;0;0;0;0;0;0;0;3.01;10.7;3.63;82.7;0;0;0;0;0;76.3;88.4;79.9;53.8;14.2 ;34.4 ;15.6 ;13.8 ;
2017-09-04;06:47:13.202;0.0944;0.204;0.462;0.619;266;317;0.162;0.208;0.00812;0.00968;26.5;25.3;3.27e+04;1.6e+05;2.16e+03;0.409;10.2;0.189;4.72;3.86e+04;74.6;3.62;0.253;21.5;0;0;0;0;0;300;78.5;0.0904;0.147;0.614;0.619;73.3;87.2;0.159;0.208;0.00936;0.0111; 48880;983;9492;2.4;2.34;42;0.15;0.252;0.596;0.619;118;141;0.158;0.212;0.00912;0.0108; 51040;12127;4327;19.3;18;40;0.0863;0.139;0.619;0.619;73.1;86.6;0.156;0.195;0.00978;0.0116; 51280;895;9452;2.38;2.33;44;0.051;2.6;0.0196;0.619;0.671;2.29;0.707;0.369;0.000152;0.000518; 48960;46;137;2.4;2.69;48;6.3e+03;1.48e+03;728; 31%;  7%;  3%;8.07e+03;1.5e+03;8.02e+03; 40%;  7%; 40%;6.33e+03;1.48e+03;721; 31%;  7%;  3%;991;1.94e+03;1e+03;  5%;  9%;  5%;99.2;0.764;0;0;0;0;0;0;0;96.2;3.77;0;0;0;0;0;0;0;100;0.00166;0;0;0;0;0;0;0;3.17;9.93;1.01;85.9;0;0;0;0;0;76.4;89.4;80.2;53.8;14.4 ;34.5 ;15.8 ;13.9 ;
2017-09-04;06:47:14.234;0.102;0.225;0.454;0.619;272;327;0.167;0.231;0.00767;0.00922;26.7;25.7;3.54e+04;1.58e+05;2.17e+03;0.45;11.3;0.204;5.11;3.92e+04;73.4;5.05;0.517;21;0;0;0;0;0;301;79.3;0.0875;0.141;0.619;0.619;72.9;87.2;0.165;0.199;0.0096;0.0115; 50320;954;9401;2.47;2.44;42;0.189;0.338;0.561;0.619;126;152;0.168;0.269;0.0077;0.00925; 53040;12156;4569;19.3;18;39;0.0826;0.133;0.619;0.619;72.2;85.9;0.159;0.185;0.0101;0.012; 48160;881;9452;2.46;2.43;44;0.0494;2.63;0.0188;0.619;0.511;1.69;0.697;0.364;0.000119;0.000394; 48880;29;142;2.49;2.8;49;6.42e+03;1.48e+03;726; 32%;  7%;  3%;8.15e+03;1.6e+03;8.12e+03; 41%;  8%; 41%;6.42e+03;1.49e+03;727; 32%;  7%;  3%;995;2.09e+03;1.01e+03;  5%; 10%;  5%;100;0.000936;0;0;0;0;0;0;0;90.6;9.23;0;0.209;0;0;0;0;0;100;0.000623;0;0;0;0;0;0;0;3.04;11;2.07;83.9;0;0;0;0;0;76.3;90.4;80;54;14.5 ;34.7 ;16 ;14 ;
2017-09-04;06:47:15.254;0.144;0.354;0.406;0.619;283;351;0.193;0.342;0.00572;0.00708;26.1;26.9;4.95e+04;1.4e+05;2.17e+03;0.708;17.7;0.288;7.19;4.38e+04;65.6;7.94;0.109;26.3;0;0;0;0;0;300;79.6;0.0953;0.154;0.619;0.619;82.1;98;0.163;0.183;0.00998;0.0119; 52080;1071;10629;2.69;2.69;42;0.331;0.894;0.37;0.619;116;150;0.228;0.469;0.00404;0.00524; 47920;8924;5079;18;18.4;39;0.102;0.167;0.613;0.619;84.8;101;0.161;0.203;0.00963;0.0115; 48240;1060;10781;2.7;2.68;44;0.0461;2.19;0.021;0.619;0.883;2.11;0.581;0.583;0.000223;0.000532; 50640;59;135;2.74;3.12;48;7.11e+03;1.67e+03;806; 36%;  8%;  4%;9.24e+03;1.75e+03;9.09e+03; 46%;  8%; 46%;7.21e+03;1.65e+03;818; 36%;  8%;  4%;1.13e+03;2.23e+03;1.11e+03;  5%; 11%;  5%;100;0;0;0;0;0;0;0;0;59.8;23;0;17.2;0;0;0;0;0;99;0.975;0;0;0;0;0;0;0;3.39;7.85;0.436;88.3;0;0;0;0;0;76.3;89.7;80.6;53.2;14.9 ;33.9 ;16.3 ;14.5 ;
2017-09-04;06:47:16.275;0.0721;0.236;0.306;0.619;223;267;0.164;0.224;0.00901;0.0108;22.2;25;2.47e+04;1.05e+05;2.14e+03;0.472;11.8;0.144;3.61;4.7e+04;49.4;7.83;0.0737;42.7;0;2.8;0;0;0;278;74.3;0.122;0.197;0.618;0.619;108;127;0.148;0.185;0.0103;0.0121; 49440;1425;13896;2.08;1.77;42;0.00702;2.27;0.00309;0.618;0.662;2.58;0.743;0.713;0.0011;0.00429; 49920;23;51;16.1;19.3;41;0.148;0.25;0.59;0.619;113;134;0.156;0.221;0.00892;0.0106; 52320;1386;14203;1.98;1.67;44;0.012;1.14;0.0105;0.618;1.31;3.33;0.606;0.539;0.00127;0.00323; 51840;89;45;2.02;2.31;49;7.41e+03;2.06e+03;1.02e+03; 37%; 10%;  5%;1.08e+04;939;1.06e+04; 55%;  4%; 54%;7.57e+03;2.02e+03;947; 38%; 10%;  4%;1.35e+03;939;1.35e+03;  6%;  4%;  6%;99.9;0.134;0;0;0;0;0;0;0;0.5;15.4;0;84.1;0;8.3;0;0;0;95.4;4.65;0;0;0;0;0;0;0;1.71;11.1;0.295;86.9;0;2.9;0;0;0;77.7;65.5;82.5;52.6;13.5 ;33.4 ;14.3 ;13.1 ;
2017-09-04;06:47:17.296;0.0843;0.286;0.294;0.619;232;279;0.169;0.265;0.00803;0.00966;22.4;25.5;2.89e+04;1.01e+05;2.14e+03;0.572;14.3;0.169;4.21;4.73e+04;47.6;10.3;0.15;42;0;4.25;0;0;0;280;74.8;0.136;0.227;0.6;0.619;111;131;0.154;0.214;0.00955;0.0113; 52320;1446;14137;2.13;1.86;42;0.026;2.84;0.00916;0.619;2.15;5.27;0.592;0.74;0.000964;0.00236; 51600;66;182;16;19.4;41;0.169;0.3;0.564;0.619;118;141;0.163;0.253;0.00812;0.0097; 49840;1442;14439;2.13;1.82;44;0.00601;1.08;0.00558;0.616;0.935;1.77;0.472;0.567;0.00181;0.00344; 51840;82;25;2.12;2.48;49;7.41e+03;2.14e+03;1.02e+03; 37%; 10%;  5%;1.08e+04;946;1.05e+04; 54%;  4%; 53%;7.64e+03;2.11e+03;992; 38%; 10%;  5%;1.42e+03;949;1.39e+03;  7%;  4%;  7%;96.8;3.15;0;0;0;0;0;0;0;1.48;24.4;0;74.2;0;0;0;0;0;91.1;8.93;0;0;0;0;0;0;0;0.907;4.62;0.601;93.9;0;17;0;0;0;78.4;67;83.4;51.7;13.4 ;33.4 ;14.6 ;13.4 ;
2017-09-04;06:47:18.345;0.088;0.306;0.288;0.619;236;281;0.16;0.275;0.00776;0.00924;23;26.3;3.04e+04;9.96e+04;2.15e+03;0.611;15.3;0.176;4.4;4.86e+04;46.5;7.49;0.079;45.9;0;11.9;0;0;0;287;77.1;0.151;0.259;0.582;0.619;114;134;0.155;0.239;0.00873;0.0103; 53120;1526;14411;2.22;1.93;42;0.0128;2.71;0.00473;0.618;1.12;2.47;0.547;0.776;0.00101;0.00224; 51760;36;93;16.3;19.9;41;0.173;0.311;0.557;0.619;120;142;0.155;0.264;0.00802;0.00949; 44560;1369;14739;2.18;1.86;44;0.0161;1.5;0.0108;0.619;1.91;2.77;0.31;0.658;0.00136;0.00197; 58800;205;9;2.25;2.59;49;7.58e+03;2.24e+03;1.08e+03; 38%; 11%;  5%;1.1e+04;942;1.07e+04; 55%;  4%; 54%;7.85e+03;2.2e+03;1.03e+03; 39%; 11%;  5%;1.47e+03;940;1.45e+03;  7%;  4%;  7%;94;5.97;0;0;0;0;0;0;0;0.765;9.06;0;90.2;0;38.3;0;0;0;90;9.96;0;0;0;0;0;0;0;1.74;5;0.313;92.9;0;9.29;0;0;0;80.7;66.9;85.7;53.6;13.9 ;34.3 ;15.1 ;13.8 ;
2017-09-04;06:47:19.361;0.153;0.707;0.216;0.619;265;335;0.209;0.438;0.00497;0.00628;21.5;25.5;5.33e+04;7.54e+04;2.2e+03;1.41;35.4;0.306;7.65;4.51e+04;34.9;15;0.0206;50.1;0;12.2;0;0;0;280;75.2;0.277;0.751;0.369;0.619;104;136;0.229;0.468;0.00431;0.0056; 49760;1553;11068;2.6;2.4;43;0.00821;2.65;0.0031;0.618;0.71;1.64;0.567;0.85;0.00099;0.00229; 51600;23;61;13.7;17.9;42;0.319;0.658;0.484;0.619;159;195;0.188;0.397;0.00569;0.00702; 55200;2121;17477;2.58;2.14;43;0.00609;0.9;0.00676;0.618;1.15;2.39;0.52;0.579;0.00218;0.00454; 52080;80;63;2.61;3.09;49;5.33e+03;2.77e+03;1.2e+03; 26%; 13%;  6%;1.14e+04;757;7.04e+03; 57%;  3%; 35%;8.38e+03;2.59e+03;1.39e+03; 42%; 13%;  6%;1.97e+03;755;1.55e+03;  9%;  3%;  7%;59.6;18.2;0;22.3;0;0.038;0;0;0;0.502;14.1;0;85.4;0;48.4;0;0;0;78.2;17.9;0;3.84;0;0;0;0;0;1.1;9.58;0.0831;89.2;0;0;0;0;0;76.8;63.6;87.9;51.9;14.4 ;31.1 ;15.5 ;14.2 ;
2017-09-04;06:47:20.400;0.109;0.27;0.405;0.619;270;280;0.0366;0.0625;0.00714;0.00741;45.8;64.8;3.78e+04;1.4e+05;2.14e+03;0.54;13.5;0.219;5.47;8.73e+04;65.5;4.36;0.0517;30.1;0;0.0524;0;0;0;325;113;0.126;0.235;0.537;0.619;81.6;83.6;0.0244;0.0206;0.00751;0.00769; 49440;5669;16783;11.4;15.6;39;0.14;0.259;0.542;0.619;91;92.6;0.017;0.0155;0.00751;0.00764; 51280;6235;18894;11.4;15.5;41;0.167;0.311;0.535;0.619;96.6;101;0.0402;0.113;0.00669;0.00697; 48960;6386;19043;11.5;15.4;40;0.00497;0.536;0.00927;0.616;0.936;3.53;0.735;0.43;0.00217;0.00819; 53280;65;31;11.4;18.3;48;9.36e+03;9.38e+03;4.41e+03; 47%; 47%; 22%;9.82e+03;4.79e+03;9.27e+03; 49%; 24%; 46%;9.87e+03;9.3e+03;4.81e+03; 49%; 47%; 24%;5.61e+03;5.57e+03;5.08e+03; 28%; 28%; 25%;86.7;1.75;0;11.5;0;0.0335;0;0;0;87.6;2.95;0;9.46;0;0;0;0;0;86.4;4.57;0;9.01;0;0.176;0;0;0;1.51;8.15;0.206;90.1;0;0;0;0;0;87.9;86;94.6;56;27.9 ;28.3 ;28.8 ;28.3 ;
2017-09-04;06:47:21.423;0.14;0.344;0.408;0.619;354;367;0.0352;0.0759;0.00729;0.00755;48.7;64.7;4.86e+04;1.41e+05;2.18e+03;0.688;17.2;0.281;7.02;9.02e+04;65.9;3.71;0.0706;30.3;0;1.48;0;0;0;333;117;0.187;0.319;0.586;0.619;123;126;0.0277;0.0594;0.00756;0.00778; 49920;6718;20666;11.9;14.9;40;0.194;0.366;0.528;0.619;121;126;0.0338;0.0746;0.00724;0.00749; 42560;7057;19162;13.1;16.7;40;0.175;0.346;0.506;0.619;109;112;0.0306;0.0761;0.00719;0.00742; 58400;5914;18278;11.8;15.3;42;0.00494;0.569;0.00868;0.612;0.918;2.65;0.654;0.511;0.00215;0.00623; 51200;60;51;11.8;17.8;48;1.02e+04;9.53e+03;4.99e+03; 51%; 48%; 25%;9.76e+03;4.67e+03;1.03e+04; 49%; 23%; 52%;9.77e+03;9.6e+03;4.44e+03; 49%; 48%; 22%;5.35e+03;5.69e+03;5.93e+03; 27%; 28%; 29%;94.6;1.19;0;4.16;0;0;0;0;0;85.4;3.2;0;11.4;0;0;0;0;0;81.8;4.41;0;13.8;0;5.92;0;0;0;1.42;6.05;0.283;92.2;0;0;0;0;0;92.2;88.9;94.1;57.4;28.1 ;30.3 ;29.5 ;28.7 ;
2017-09-04;06:47:22.442;0.358;0.769;0.466;0.619;623;681;0.0851;0.213;0.00507;0.00555;51.6;42.3;1.23e+05;1.6e+05;2.15e+03;1.54;38.4;0.717;17.9;8.24e+04;75.3;1.54;0.0577;23.1;0;0.0036;0;0;0;351;107;0.425;0.686;0.619;0.619;188;204;0.0813;0.207;0.00515;0.00561; 58000;3847;16086;11;7.86;40;0.557;0.9;0.619;0.619;244;267;0.0842;0.216;0.00512;0.00559; 47200;7952;13625;18.9;17.2;39;0.445;0.719;0.619;0.619;190;207;0.0807;0.21;0.00498;0.00542; 51280;4288;15904;10.9;7.86;41;0.00581;0.832;0.00698;0.615;1.01;3.24;0.689;0.5;0.00203;0.0065; 50240;83;20;10.9;9.35;48;1.04e+04;6.98e+03;3.33e+03; 53%; 35%; 17%;1.03e+04;3.81e+03;1.04e+04; 52%; 19%; 53%;1.03e+04;6.87e+03;3.26e+03; 52%; 35%; 16%;5.22e+03;6.23e+03;5.16e+03; 26%; 31%; 26%;100;0.00688;0;0;0;0;0;0;0;100;0.000644;0;0;0;0;0;0;0;100;0.00541;0;0;0;0;0;0;0;1.14;6.17;0.231;92.5;0;0.0144;0;0;0;92.2;103;99.3;56.1;23.9 ;33.9 ;25.4 ;23.5 ;
2017-09-04;06:47:23.462;0.353;0.757;0.466;0.619;621;680;0.086;0.21;0.00514;0.00562;51.9;42.7;1.21e+05;1.6e+05;2.14e+03;1.51;37.8;0.706;17.6;8.3e+04;75.3;1.61;0.0797;23;0;0;0;0;0;351;107;0.423;0.684;0.619;0.619;188;205;0.0822;0.205;0.00519;0.00565; 50480;4059;16831;11;7.95;39;0.559;0.903;0.619;0.619;246;268;0.0849;0.214;0.00513;0.0056; 48720;8116;13773;18.9;17.3;38;0.423;0.683;0.619;0.619;187;203;0.0817;0.204;0.00515;0.00561; 52080;4212;15562;10.9;7.96;41;0.00587;0.849;0.00691;0.616;1.03;3.23;0.681;0.487;0.00205;0.00642; 52240;89;22;11;9.46;48;1.05e+04;6.97e+03;3.36e+03; 53%; 35%; 17%;1.04e+04;3.83e+03;1.05e+04; 52%; 19%; 53%;1.04e+04;6.93e+03;3.3e+03; 53%; 35%; 16%;5.2e+03;6.3e+03;5.23e+03; 26%; 32%; 26%;100;0.00594;0;0;0;0;0;0;0;100;0.0013;0;0;0;0;0;0;0;100;0.00569;0;0;0;0;0;0;0;1.12;6.45;0.319;92.1;0;0;0;0;0;92.9;103;98;56.2;24.1 ;33.9 ;25.3 ;23.9 ;
2017-09-04;06:47:24.478;0.369;0.828;0.445;0.619;620;679;0.0872;0.221;0.00492;0.00539;51.1;42.6;1.26e+05;1.52e+05;2.14e+03;1.66;41.4;0.737;18.4;8.33e+04;71.9;2.87;0.0161;25.2;0;18.7;0;0;0;352;107;0.448;0.724;0.619;0.619;201;219;0.0804;0.204;0.00525;0.00571; 45600;4300;17870;10.9;7.83;40;0.557;1.03;0.539;0.619;216;239;0.0963;0.247;0.00453;0.00501; 52320;6832;12443;18.4;17.5;39;0.467;0.754;0.619;0.619;202;220;0.0801;0.209;0.00507;0.00552; 52480;4585;16784;10.9;7.85;41;0.00135;0.615;0.0022;0.607;0.169;1.15;0.853;0.163;0.00146;0.00998; 51680;10;3;10.9;9.36;48;1.03e+04;7.35e+03;3.39e+03; 52%; 37%; 17%;1.05e+04;3.58e+03;1.07e+04; 53%; 18%; 54%;1.01e+04;7.28e+03;3.39e+03; 51%; 37%; 17%;5.43e+03;5.75e+03;5.44e+03; 27%; 29%; 27%;100;0.00636;0;0;0;0;0;0;0;87.1;8.92;0;4.01;0;0;0;0;0;100;0.00542;0;0;0;0;0;0;0;0.363;2.54;0.0644;97;0;75;0;0;0;93.8;102;101;55.3;23.9 ;33.6 ;25.4 ;23.7 ;
2017-09-04;06:47:25.496;0.302;1.21;0.25;0.619;427;474;0.0988;0.248;0.00414;0.0046;33.6;29;1.03e+05;8.55e+04;2.13e+03;2.41;60.3;0.603;15.1;5.82e+04;40.4;9.73;0.00734;49.8;0;20.2;0;0;0;295;85.4;0.552;1.19;0.466;0.619;216;238;0.0929;0.251;0.00458;0.00505; 53200;4291;17196;7.45;4.94;43;0.162;1.54;0.105;0.619;20.9;26.9;0.225;0.361;0.00151;0.00195; 48240;515;1576;11.4;12.5;42;0.493;1.15;0.429;0.619;190;209;0.0884;0.226;0.00452;0.00496; 48960;4073;15134;7.4;5.09;45;0.000215;0.241;0.000892;0.612;0.0516;0.256;0.798;0.135;0.00281;0.0139; 51040;2;2;7.34;6.44;50;5.84e+03;6.52e+03;2.91e+03; 29%; 33%; 14%;7.36e+03;1.45e+03;8.3e+03; 37%;  7%; 42%;5.21e+03;6.71e+03;2.7e+03; 26%; 34%; 13%;4.61e+03;1.58e+03;5.02e+03; 23%;  8%; 25%;75.2;8.41;0;16.4;0;0;0;0;0;17;20.4;0;62.6;0;0;0;0;0;69.3;7.98;0;22.7;0;0;0;0;0;0.146;2.13;0.0293;97.7;0;80.7;0;0;0;88.1;67.3;90.5;49.6;19.2 ;26.2 ;20.9 ;19.1 ;
2017-09-04;06:47:26.517;0.197;0.765;0.258;0.619;334;375;0.109;0.237;0.00494;0.00554;28.4;24.5;6.76e+04;8.84e+04;2.14e+03;1.53;38.2;0.394;9.86;4.51e+04;41.7;3.82;0.0067;54.5;0;26.1;0;0;0;242;72.6;0.237;0.697;0.34;0.619;98.4;111;0.116;0.224;0.00485;0.00549; 54480;2030;7691;5.91;4.59;40;0.296;0.875;0.338;0.619;134;150;0.106;0.248;0.00528;0.0059; 49520;4545;7872;10.7;9.9;40;0.256;0.725;0.352;0.619;101;113;0.103;0.236;0.00462;0.00515; 51040;2253;8112;5.9;4.6;42;0.000405;0.362;0.00112;0.6;0.052;0.651;0.92;0.0849;0.00149;0.0187; 51280;1;2;5.89;5.41;48;5.67e+03;3.82e+03;1.77e+03; 28%; 19%;  9%;5.71e+03;2.17e+03;5.75e+03; 29%; 11%; 29%;5.64e+03;3.78e+03;1.81e+03; 28%; 19%;  9%;2.81e+03;3.39e+03;2.75e+03; 14%; 17%; 14%;54.9;3;0;42.1;0;18.4;0;0;0;54.6;6.47;0;38.9;0;0;0;0;0;56.9;4.5;0;38.6;0;0;0;0;0;0.187;1.3;0.0268;98.5;0;85.8;0;0;0;63.2;69.2;67;42.6;16.6 ;22.4 ;17.5 ;16.1 ;
2017-09-04;06:47:27.535;0.327;0.703;0.465;0.619;593;658;0.098;0.202;0.0053;0.00588;49.6;42.8;1.12e+05;1.59e+05;2.15e+03;1.41;35.1;0.653;16.3;7.83e+04;75.1;0.449;0.00646;24.5;0;18.7;0;0;0;340;106;0.405;0.655;0.619;0.619;176;196;0.0974;0.207;0.00508;0.00563; 52880;3683;13926;10.2;7.9;40;0.486;0.784;0.619;0.619;238;263;0.0955;0.194;0.00572;0.00632; 49680;7707;12616;19.1;17.6;39;0.415;0.67;0.619;0.619;179;198;0.0964;0.207;0.00503;0.00557; 49040;3650;13172;10.2;7.95;42;0.000681;0.556;0.00122;0.601;0.0371;1.24;0.97;0.0703;0.000637;0.0212; 51040;0;1;10.1;9.31;49;9.86e+03;6.62e+03;3.08e+03; 50%; 33%; 15%;1e+04;3.75e+03;1.01e+04; 51%; 19%; 51%;9.84e+03;6.54e+03;3.1e+03; 50%; 33%; 15%;4.84e+03;5.82e+03;4.77e+03; 24%; 29%; 24%;100;0;0;0;0;0;0;0;0;100;0.0014;0;0;0;0;0;0;0;100;0.000713;0;0;0;0;0;0;0;0.204;1.79;0.0259;98;0;74.9;0;0;0;89.8;101;95;54.9;23.5 ;34 ;25.2 ;23.1 ;
2017-09-04;06:47:28.556;0.326;0.703;0.465;0.619;592;657;0.0981;0.201;0.0053;0.00587;49.8;43;1.12e+05;1.59e+05;2.14e+03;1.41;35.1;0.653;16.3;7.85e+04;75;0.299;0.00534;24.7;0;21.5;0;0;0;341;106;0.405;0.654;0.619;0.619;176;195;0.0976;0.206;0.00508;0.00563; 50160;3697;14051;10.2;7.93;40;0.489;0.79;0.619;0.619;238;264;0.0957;0.194;0.0057;0.0063; 52560;8201;13522;19.2;17.7;39;0.411;0.664;0.619;0.619;177;196;0.0962;0.206;0.00504;0.00558; 50480;3720;13361;10.2;7.99;41;0.000684;0.549;0.00125;0.598;0.0407;1.26;0.968;0.0702;0.000694;0.0214; 50960;0;1;10.2;9.36;48;9.91e+03;6.63e+03;3.1e+03; 50%; 33%; 15%;1e+04;3.76e+03;1.01e+04; 51%; 19%; 51%;9.87e+03;6.57e+03;3.11e+03; 50%; 33%; 15%;4.84e+03;5.85e+03;4.79e+03; 24%; 29%; 24%;100;0.00142;0;0;0;0;0;0;0;100;0.001;0;0;0;0;0;0;0;100;0.00123;0;0;0;0;0;0;0;0.208;1.19;0.0214;98.6;0;86.1;0;0;0;90;101;95.1;55;23.6 ;34.1 ;25.3 ;23.2 ;
2017-09-04;06:47:29.572;0.372;0.848;0.438;0.619;612;683;0.104;0.223;0.00481;0.00537;50.5;43.6;1.27e+05;1.5e+05;2.14e+03;1.7;42.4;0.744;18.6;8.2e+04;70.8;4.48;0.00498;24.7;0;10.5;0;0;0;346;107;0.441;0.713;0.619;0.619;193;214;0.0969;0.206;0.00511;0.00566; 52240;4061;15252;10.6;8.04;39;0.597;1.16;0.514;0.619;224;253;0.115;0.25;0.00439;0.00496; 51760;6805;13318;18.6;17.8;38;0.448;0.724;0.619;0.619;194;215;0.0955;0.206;0.00508;0.00561; 52640;4147;14931;10.6;8.1;41;0.000378;0.386;0.000979;0.602;0.0478;0.618;0.923;0.0892;0.00148;0.0191; 50640;0;0;10.6;9.65;48;1.01e+04;7.18e+03;3.32e+03; 51%; 36%; 16%;1.04e+04;3.69e+03;1.05e+04; 53%; 18%; 53%;1.01e+04;7.11e+03;3.34e+03; 51%; 36%; 17%;5.23e+03;5.76e+03;5.17e+03; 26%; 29%; 26%;100;0.0415;0;0;0;0;0;0;0;83;14.4;0;2.56;0;0;0;0;0;100;0;0;0;0;0;0;0;0;0.163;3.45;0.0199;96.4;0;42.2;0;0;0;91.4;103;96.3;55.2;23.8 ;34 ;25.3 ;23.7 ;
2017-09-04;06:47:30.604;0.237;0.865;0.273;0.619;358;408;0.123;0.271;0.00439;0.00501;29.8;27.1;8.15e+04;9.42e+04;2.13e+03;1.73;43.2;0.473;11.8;4.98e+04;44.2;5.01;0.00361;50.8;0;39.9;0;0;0;282;80.9;0.447;1.02;0.44;0.619;153;176;0.13;0.296;0.00398;0.00458; 54640;3062;12227;5.75;4.3;42;0.0965;0.544;0.178;0.619;37.1;44.4;0.165;0.304;0.00447;0.00535; 55040;3373;1614;12.8;13.4;40;0.403;0.847;0.476;0.619;168;187;0.102;0.237;0.00483;0.00538; 50880;3619;14904;5.6;4.08;43;0.000403;0.367;0.0011;0.601;0.0705;0.804;0.912;0.0703;0.00202;0.0231; 50480;2;0;5.61;5.33;49;4.99e+03;5.18e+03;2.17e+03; 25%; 26%; 11%;7.78e+03;1.25e+03;6.95e+03; 39%;  6%; 35%;5.57e+03;5.01e+03;2.27e+03; 28%; 25%; 11%;3.73e+03;1.38e+03;3.5e+03; 18%;  7%; 17%;71.2;11;0;17.9;0;0;0;0;0;28.7;4.25;0;67.1;0;53.5;0;0;0;76.9;3.91;0;19.2;0;12.4;0;0;0;0.183;0.915;0.0144;98.9;0;93.5;0;0;0;82.4;65.4;85.4;48.7;17.7 ;27.4 ;18.5 ;17.3 ;
2017-09-04;06:47:31.636;0.0783;0.169;0.465;0.619;263;316;0.167;0.187;0.00969;0.0116;26.5;25.2;2.72e+04;1.61e+05;2.17e+03;0.337;8.43;0.157;3.92;3.83e+04;75.1;0.616;0.00368;24.3;0;16;0;0;0;297;78.3;0.0981;0.159;0.619;0.619;75.4;91.1;0.172;0.216;0.00887;0.0107; 50880;1058;9418;2.38;2.31;42;0.123;0.198;0.619;0.619;114;134;0.15;0.165;0.0107;0.0126; 49760;12820;4605;19.4;17.9;40;0.0918;0.148;0.619;0.619;73.6;89.4;0.177;0.191;0.00925;0.0112; 51920;1053;9338;2.38;2.32;43;0.000727;0.536;0.00136;0.606;0.0416;1.3;0.968;0.0701;0.00066;0.0206; 50400;0;1;2.31;2.64;49;6.23e+03;1.53e+03;741; 31%;  7%;  3%;8.01e+03;1.46e+03;7.99e+03; 40%;  7%; 40%;6.21e+03;1.54e+03;724; 31%;  7%;  3%;1e+03;1.87e+03;1.02e+03;  5%;  9%;  5%;100;0.00187;0;0;0;0;0;0;0;100;0.0027;0;0;0;0;0;0;0;100;0.00222;0;0;0;0;0;0;0;0.224;2.46;0.0147;97.3;0;64;0;0;0;76.5;88.5;80.3;51.7;14.4 ;34.4 ;15.7 ;13.8 ;
2017-09-04;06:47:32.662;0.0763;0.164;0.465;0.619;263;313;0.162;0.191;0.00997;0.0119;26.3;25.1;2.64e+04;1.61e+05;2.17e+03;0.328;8.21;0.153;3.81;3.81e+04;75.1;0.605;0.00333;24.3;0;15.9;0;0;0;296;77.9;0.0934;0.151;0.619;0.619;74.9;89;0.158;0.215;0.00928;0.011; 50000;1044;9432;2.35;2.27;41;0.124;0.2;0.619;0.619;114;136;0.159;0.168;0.0106;0.0127; 50480;12659;4586;19.3;17.8;40;0.0868;0.14;0.619;0.619;73.6;87.3;0.157;0.201;0.00982;0.0116; 53360;1061;9359;2.36;2.31;44;0.000753;0.54;0.0014;0.603;0.0406;1.38;0.971;0.0685;0.000624;0.0212; 50400;0;0;2.3;2.63;49;6.18e+03;1.49e+03;743; 31%;  7%;  3%;8e+03;1.43e+03;7.95e+03; 40%;  7%; 40%;6.27e+03;1.49e+03;715; 31%;  7%;  3%;991;1.85e+03;1.03e+03;  5%;  9%;  5%;100;0;0;0;0;0;0;0;0;100;0.000405;0;0;0;0;0;0;0;100;9.37e-05;0;0;0;0;0;0;0;0.231;2.42;0.0133;97.3;0;63.6;0;0;0;76.1;88.2;79.8;51.5;14.2 ;34.3 ;15.6 ;13.7 ;
2017-09-04;06:47:33.690;0.0773;0.166;0.465;0.619;261;312;0.164;0.186;0.00978;0.0117;26.3;25;2.67e+04;1.6e+05;2.16e+03;0.333;8.32;0.155;3.87;3.82e+04;75.1;0.641;0.00409;24.3;0;15.3;0;0;0;296;78;0.0953;0.154;0.619;0.619;74.1;89;0.167;0.209;0.00901;0.0108; 51280;1040;9369;2.39;2.32;42;0.124;0.2;0.619;0.619;113;134;0.157;0.161;0.0106;0.0125; 54320;12713;4619;19.3;17.8;40;0.0891;0.144;0.619;0.619;73.7;87.7;0.159;0.2;0.00959;0.0114; 49680;1056;9357;2.33;2.27;44;0.000752;0.533;0.00141;0.602;0.0402;1.37;0.971;0.0693;0.00062;0.0212; 50480;0;0;2.28;2.62;49;6.22e+03;1.52e+03;729; 31%;  7%;  3%;7.99e+03;1.45e+03;7.97e+03; 40%;  7%; 40%;6.21e+03;1.52e+03;728; 31%;  7%;  3%;997;1.85e+03;1e+03;  5%;  9%;  5%;100;0.000737;0;0;0;0;0;0;0;100;0.00293;0;0;0;0;0;0;0;100;0;0;0;0;0;0;0;0;0.234;2.56;0.0164;97.2;0;61.3;0;0;0;76.2;88.2;79.9;51.5;14.3 ;34.3 ;15.6 ;13.8 ;
2017-09-04;06:47:34.716;0.0769;0.165;0.465;0.619;261;313;0.166;0.187;0.00986;0.0118;26.3;25;2.65e+04;1.6e+05;2.16e+03;0.331;8.27;0.154;3.85;3.81e+04;75.1;0.321;0.00302;24.6;0;21.3;0;0;0;295;77.5;0.0937;0.151;0.619;0.619;74.3;88.8;0.163;0.205;0.0092;0.011; 49680;1052;9337;2.35;2.28;42;0.126;0.203;0.619;0.619;115;136;0.159;0.173;0.0106;0.0126; 54640;12717;4614;19.3;17.8;40;0.087;0.14;0.619;0.619;72.4;86.7;0.164;0.192;0.00967;0.0116; 50080;1062;9246;2.36;2.3;43;0.00103;0.65;0.00158;0.601;0.0468;1.48;0.968;0.08;0.000528;0.0167; 50400;0;1;2.29;2.62;49;6.21e+03;1.46e+03;741; 31%;  7%;  3%;7.99e+03;1.45e+03;7.96e+03; 40%;  7%; 40%;6.23e+03;1.47e+03;708; 31%;  7%;  3%;985;1.87e+03;1.01e+03;  4%;  9%;  5%;100;0.000693;0;0;0;0;0;0;0;100;0.00016;0;0;0;0;0;0;0;100;0.000668;0;0;0;0;0;0;0;0.263;1.28;0.0121;98.4;0;85.1;0;0;0;76.1;88.2;79.6;51.3;14.2 ;34.2 ;15.5 ;13.6 ;
2017-09-04;06:47:35.745;0.0754;0.163;0.464;0.619;260;310;0.163;0.181;0.00997;0.0119;26.3;25;2.61e+04;1.6e+05;2.15e+03;0.325;8.14;0.151;3.77;3.8e+04;74.9;0.852;0.00235;24.3;0;13.8;0;0;0;296;78.1;0.0927;0.151;0.615;0.619;74.1;88.4;0.162;0.21;0.00925;0.0111; 53440;1055;9354;2.34;2.27;42;0.123;0.199;0.619;0.619;113;134;0.156;0.162;0.0106;0.0126; 51360;12711;4577;19.4;17.9;40;0.0852;0.138;0.619;0.619;72.4;86.7;0.165;0.182;0.00984;0.0118; 51040;1050;9276;2.32;2.27;43;0.000612;0.478;0.00128;0.606;0.0394;1.06;0.963;0.0746;0.000745;0.02; 50480;0;1;2.26;2.6;49;6.2e+03;1.47e+03;725; 31%;  7%;  3%;7.99e+03;1.44e+03;7.97e+03; 40%;  7%; 40%;6.22e+03;1.47e+03;712; 31%;  7%;  3%;983;1.84e+03;997;  4%;  9%;  5%;99.4;0.579;0;0;0;0;0;0;0;100;0.00349;0;0;0;0;0;0;0;100;0.0012;0;0;0;0;0;0;0;0.211;2.82;0.00939;97;0;55.2;0;0;0;76.2;88.4;79.9;51.6;14.2 ;34.6 ;15.6 ;13.8 ;
2017-09-04;06:47:36.770;0.0775;0.168;0.461;0.619;262;313;0.163;0.192;0.00979;0.0117;26.2;25;2.68e+04;1.59e+05;2.16e+03;0.336;8.41;0.155;3.88;3.81e+04;74.5;2.26;0.00176;23.3;0;14;0;0;0;296;77.9;0.0971;0.161;0.604;0.619;75;90.1;0.167;0.225;0.00894;0.0107; 50560;1077;9456;2.37;2.3;42;0.124;0.201;0.619;0.619;114;136;0.157;0.169;0.0107;0.0126; 57280;12676;4606;19.2;17.8;40;0.0879;0.142;0.619;0.619;72.5;86.5;0.162;0.191;0.00956;0.0114; 50480;1027;9288;2.33;2.28;43;0.000499;0.404;0.00124;0.607;0.0619;0.818;0.924;0.0815;0.00144;0.019; 50560;0;3;2.3;2.63;49;6.24e+03;1.49e+03;747; 31%;  7%;  3%;7.97e+03;1.44e+03;7.93e+03; 40%;  7%; 40%;6.21e+03;1.48e+03;712; 31%;  7%;  3%;980;1.85e+03;1.04e+03;  4%;  9%;  5%;97.6;2.41;0;0;0;0;0;0;0;100;0.000194;0;0;0;0;0;0;0;100;0.000508;0;0;0;0;0;0;0;0.204;6.62;0.00705;93.2;0;56.1;0;0;0;76.1;88;79.6;51.8;14.3 ;34.2 ;15.6 ;13.8 ;
2017-09-04;06:47:37.801;0.078;0.169;0.461;0.619;260;311;0.164;0.189;0.00966;0.0115;26.3;25;2.69e+04;1.59e+05;2.15e+03;0.339;8.46;0.156;3.9;3.81e+04;74.4;1.88;0.00164;23.7;0;13.1;0;0;0;297;77.9;0.103;0.171;0.604;0.619;74.6;90.3;0.174;0.226;0.0084;0.0102; 49200;1142;9562;2.34;2.27;42;0.124;0.2;0.619;0.619;113;134;0.153;0.165;0.0106;0.0125; 55120;12686;4562;19.4;17.9;40;0.0847;0.137;0.619;0.619;72.1;86;0.162;0.184;0.00986;0.0118; 50880;1042;9263;2.32;2.27;44;0.000495;0.424;0.00117;0.61;0.0501;0.806;0.938;0.0814;0.00117;0.0188; 50560;1;1;2.27;2.6;49;6.21e+03;1.48e+03;731; 31%;  7%;  3%;8e+03;1.44e+03;7.96e+03; 40%;  7%; 40%;6.23e+03;1.49e+03;711; 31%;  7%;  3%;978;1.84e+03;1.01e+03;  4%;  9%;  5%;97.6;2.38;0;0;0;0;0;0;0;100;0.00298;0;0;0;0;0;0;0;100;0.00115;0;0;0;0;0;0;0;0.192;5.15;0.00657;94.7;0;52.2;0;0;0;76.5;88.4;80;51.9;14.2 ;34.4 ;15.6 ;13.7 ;
2017-09-04;06:47:38.829;0.0747;0.162;0.461;0.619;259;310;0.164;0.184;0.01;0.012;26.2;25;2.58e+04;1.59e+05;2.16e+03;0.324;8.11;0.149;3.74;3.8e+04;74.5;1.45;0.00292;24.1;0;11.7;0;0;0;296;77.7;0.0952;0.158;0.604;0.619;73.7;88.6;0.168;0.219;0.00895;0.0108; 50400;973;9580;2.34;2.27;42;0.12;0.194;0.619;0.619;113;135;0.16;0.158;0.0109;0.013; 50320;12620;4546;19.3;17.9;39;0.0828;0.134;0.619;0.619;72.2;85.7;0.157;0.185;0.0101;0.012; 52080;1034;9280;2.32;2.26;44;0.000601;0.451;0.00133;0.609;0.0637;1.03;0.938;0.0776;0.00123;0.0199; 50720;0;1;2.27;2.6;49;6.23e+03;1.47e+03;731; 31%;  7%;  3%;7.99e+03;1.43e+03;7.94e+03; 40%;  7%; 40%;6.23e+03;1.48e+03;708; 31%;  7%;  3%;973;1.84e+03;1.01e+03;  4%;  9%;  5%;97.6;2.37;0;0;0;0;0;0;0;100;0.00118;0;0;0;0;0;0;0;100;0.0013;0;0;0;0;0;0;0;0.219;3.41;0.0117;96.4;0;46.7;0;0;0;76.2;88.2;79.7;51.6;14.2 ;34.3 ;15.5 ;13.6 ;
2017-09-04;06:47:39.859;0.079;0.171;0.461;0.619;263;315;0.165;0.192;0.00963;0.0115;26.4;25.1;2.73e+04;1.59e+05;2.16e+03;0.343;8.57;0.158;3.95;3.82e+04;74.4;1.41;0.00335;24.1;0;11.9;0;0;0;297;78.2;0.0988;0.163;0.604;0.619;75.3;90.3;0.167;0.223;0.00881;0.0106; 53120;923;9634;2.36;2.29;42;0.125;0.202;0.619;0.619;114;135;0.155;0.169;0.0106;0.0125; 54640;12732;4584;19.4;17.9;40;0.0914;0.148;0.619;0.619;73.2;88.2;0.17;0.196;0.00925;0.0112; 52080;1062;9332;2.35;2.29;44;0.000486;0.406;0.0012;0.608;0.0615;0.822;0.925;0.0814;0.00146;0.0195; 50640;1;1;2.31;2.63;49;6.25e+03;1.52e+03;738; 31%;  7%;  3%;7.99e+03;1.45e+03;7.97e+03; 40%;  7%; 40%;6.19e+03;1.51e+03;721; 31%;  7%;  3%;999;1.86e+03;1.02e+03;  5%;  9%;  5%;97.6;2.38;0;0;0;0;0;0;0;100;0.00228;0;0;0;0;0;0;0;100;0.00166;0;0;0;0;0;0;0;0.197;3.24;0.0134;96.5;0;47.7;0;0;0;76.4;88.5;80.1;51.7;14.3 ;34.5 ;15.6 ;13.8 ;
2017-09-04;06:47:40.887;0.0774;0.168;0.461;0.619;262;313;0.163;0.192;0.00979;0.0117;26.3;25.1;2.68e+04;1.59e+05;2.16e+03;0.336;8.4;0.155;3.87;3.81e+04;74.5;2.62;0.00454;22.9;0;11.2;0;0;0;296;77.9;0.0991;0.164;0.605;0.619;74.4;88.7;0.161;0.227;0.00868;0.0103; 54480;984;9690;2.36;2.29;42;0.124;0.201;0.619;0.619;115;136;0.157;0.169;0.0107;0.0127; 54160;12696;4638;19.3;17.9;40;0.0855;0.138;0.619;0.619;72.9;87.4;0.166;0.192;0.00987;0.0118; 55360;1054;9264;2.34;2.28;43;0.000634;0.419;0.00151;0.612;0.0714;1.15;0.938;0.0732;0.0013;0.0211; 50640;1;1;2.3;2.63;49;6.23e+03;1.46e+03;741; 31%;  7%;  3%;7.98e+03;1.44e+03;7.96e+03; 40%;  7%; 40%;6.24e+03;1.46e+03;715; 31%;  7%;  3%;991;1.85e+03;1.02e+03;  5%;  9%;  5%;97.7;2.33;0;0;0;0;0;0;0;100;0.000262;0;0;0;0;0;0;0;100;0;0;0;0;0;0;0;0;0.247;8.14;0.0182;91.6;0;45;0;0;0;76.3;88.3;79.7;52.1;14.3 ;34.4 ;15.6 ;13.7 ;
2017-09-04;06:47:41.917;0.0784;0.17;0.461;0.619;262;314;0.167;0.189;0.00965;0.0116;26.4;25.1;2.71e+04;1.59e+05;2.16e+03;0.34;8.5;0.157;3.92;3.82e+04;74.4;0.932;0.0561;24.6;0;21.4;0;0;0;297;77.9;0.0993;0.164;0.604;0.619;74.4;89;0.163;0.228;0.00868;0.0104; 51520;993;9552;2.36;2.28;42;0.124;0.2;0.619;0.619;114;135;0.161;0.159;0.0106;0.0127; 51840;12698;4606;19.4;17.9;39;0.0901;0.146;0.619;0.619;73.5;88.7;0.171;0.192;0.00943;0.0114; 47840;1078;9353;2.36;2.29;43;0.000614;0.457;0.00135;0.605;0.0693;1.09;0.936;0.0732;0.0013;0.0204; 50720;0;1;2.31;2.64;49;6.22e+03;1.49e+03;738; 31%;  7%;  3%;8.02e+03;1.45e+03;7.95e+03; 40%;  7%; 40%;6.24e+03;1.49e+03;723; 31%;  7%;  3%;1e+03;1.87e+03;1.02e+03;  5%;  9%;  5%;97.6;2.4;0;0;0;0;0;0;0;100;0.00308;0;0;0;0;0;0;0;100;0.000779;0;0;0;0;0;0;0;0.222;1.33;0.224;98.2;0;85.5;0;0;0;76.4;88.4;80.1;51.6;14.3 ;34.4 ;15.5 ;13.7 ;
2017-09-04;06:47:42.944;0.0762;0.166;0.46;0.619;259;310;0.165;0.186;0.00984;0.0118;26.2;25;2.63e+04;1.59e+05;2.16e+03;0.331;8.28;0.152;3.81;3.8e+04;74.3;1.15;0.00191;24.5;0;21.6;0;0;0;295;77.7;0.104;0.173;0.604;0.619;76;92.4;0.178;0.23;0.00842;0.0102; 51760;953;9677;2.35;2.28;42;0.118;0.192;0.615;0.619;111;132;0.158;0.156;0.0109;0.0129; 54640;12656;4455;19.3;17.9;39;0.0816;0.132;0.619;0.619;71.8;85;0.155;0.182;0.0102;0.0121; 52480;1009;9213;2.3;2.25;43;0.000458;0.394;0.00116;0.611;0.058;0.78;0.926;0.08;0.00147;0.0197; 50960;2;0;2.26;2.58;49;6.22e+03;1.49e+03;745; 31%;  7%;  3%;7.99e+03;1.41e+03;7.95e+03; 40%;  7%; 40%;6.22e+03;1.51e+03;704; 31%;  7%;  3%;958;1.81e+03;1.04e+03;  4%;  9%;  5%;97.6;2.36;0;0;0;0;0;0;0;99.4;0.615;0;0;0;0;0;0;0;100;3.37e-05;0;0;0;0;0;0;0;0.19;1.61;0.00763;98.2;0;86.4;0;0;0;76.4;88;79.5;51.4;14.3 ;34.4 ;15.5 ;13.6 ;
2017-09-04;06:47:43.972;0.0846;0.187;0.451;0.619;267;319;0.162;0.216;0.00914;0.0109;26.3;25.3;2.92e+04;1.56e+05;2.16e+03;0.375;9.37;0.169;4.23;3.85e+04;72.9;2.37;0.00228;24.7;0;21.4;0;0;0;297;78.1;0.0967;0.16;0.606;0.619;74.4;89;0.164;0.221;0.00891;0.0107; 51280;911;9569;2.4;2.35;42;0.156;0.269;0.58;0.619;120;143;0.16;0.228;0.00893;0.0106; 54000;12514;4719;19.2;18;39;0.0856;0.138;0.619;0.619;72.3;86.1;0.16;0.188;0.00979;0.0117; 51840;1060;9253;2.38;2.34;44;0.000255;0.27;0.000945;0.611;0.0443;0.347;0.873;0.115;0.00201;0.0157; 50960;0;2;2.34;2.68;49;6.31e+03;1.47e+03;731; 31%;  7%;  3%;8.04e+03;1.5e+03;8.01e+03; 40%;  7%; 40%;6.3e+03;1.47e+03;714; 31%;  7%;  3%;984;1.93e+03;1.01e+03;  4%;  9%;  5%;97.8;2.19;0;0;0;0;0;0;0;93.7;5.94;0;0.397;0;0;0;0;0;100;0.00125;0;0;0;0;0;0;0;0.155;1.37;0.0091;98.5;0;85.7;0;0;0;76.2;89;79.8;51.5;14.3 ;34.5 ;15.7 ;13.6 ;
2017-09-04;06:47:44.999;0.103;0.237;0.437;0.619;279;338;0.175;0.264;0.00782;0.00947;26.7;26;3.57e+04;1.51e+05;2.16e+03;0.473;11.8;0.207;5.17;3.97e+04;70.6;5.19;0.00336;24.2;0;11.6;0;0;0;299;79;0.0962;0.159;0.606;0.619;74.7;90;0.171;0.217;0.00899;0.0108; 49120;886;9641;2.58;2.55;42;0.23;0.442;0.521;0.619;132;160;0.176;0.327;0.00665;0.00807; 56080;12034;5372;19.1;18;39;0.0865;0.14;0.619;0.619;72.1;87.4;0.175;0.175;0.00966;0.0117; 50320;1028;9276;2.54;2.54;43;0.000529;0.48;0.0011;0.613;0.0555;0.429;0.871;0.146;0.00122;0.00939; 50800;0;1;2.54;2.91;49;6.53e+03;1.52e+03;764; 33%;  7%;  3%;8.19e+03;1.65e+03;8.17e+03; 41%;  8%; 41%;6.47e+03;1.52e+03;737; 32%;  7%;  3%;1.01e+03;2.15e+03;1.06e+03;  5%; 10%;  5%;98;2.04;0;0;0;0;0;0;0;84.1;14.9;0;0.923;0;0;0;0;0;100;0.000832;0;0;0;0;0;0;0;0.18;3.78;0.0135;96;0;46.6;0;0;0;76.3;91.1;79.8;51.7;14.7 ;34.1 ;16 ;14.1 ;
2017-09-04;06:47:46.019;0.123;0.336;0.365;0.619;269;332;0.189;0.333;0.00639;0.00788;25.1;26.6;4.21e+04;1.25e+05;2.16e+03;0.672;16.8;0.245;6.13;4.57e+04;59;5.91;0.0024;35.1;0;24;0;0;0;292;78.3;0.122;0.204;0.6;0.619;94;112;0.157;0.227;0.00894;0.0106; 51200;1069;11770;2.6;2.48;42;0.261;1.09;0.24;0.619;82.9;109;0.241;0.5;0.00369;0.00487; 52720;5687;3908;17.3;18.7;40;0.107;0.172;0.619;0.619;92.4;111;0.167;0.177;0.0101;0.0121; 51520;1352;11821;2.59;2.49;43;0.000244;0.264;0.000921;0.611;0.0416;0.307;0.865;0.124;0.00199;0.0147; 50640;1;3;2.55;2.94;49;7.38e+03;1.83e+03;878; 37%;  9%;  4%;9.89e+03;1.56e+03;9.7e+03; 50%;  7%; 49%;7.45e+03;1.82e+03;870; 37%;  9%;  4%;1.22e+03;1.91e+03;1.22e+03;  6%;  9%;  6%;96.9;3.12;0;0;0;0;0;0;0;38.8;18.3;0;42.9;0;14;0;0;0;100;0;0;0;0;0;0;0;0;0.151;2.22;0.00961;97.6;0;81.9;0;0;0;77.3;82.4;81;51.3;14.6 ;33.7 ;15.9 ;14.1 ;
2017-09-04;06:47:47.038;0.0784;0.262;0.299;0.619;227;272;0.166;0.243;0.00846;0.0101;22.2;25.2;2.69e+04;1.03e+05;2.14e+03;0.524;13.1;0.157;3.92;4.7e+04;48.3;4.51;0.00266;47.2;0;30.4;0;0;0;277;74.1;0.145;0.246;0.591;0.619;112;133;0.158;0.228;0.00898;0.0107; 55760;1220;13646;2.08;1.8;42;0.0246;2.9;0.00851;0.619;2.07;4.58;0.549;0.711;0.000978;0.00217; 52000;73;172;16;19.3;40;0.143;0.241;0.596;0.619;113;135;0.158;0.216;0.00923;0.011; 54640;1577;13971;2.05;1.78;44;0.000271;0.283;0.000958;0.609;0.0479;0.403;0.881;0.106;0.00206;0.0173; 50800;1;0;2.01;2.32;49;7.41e+03;2.07e+03;934; 37%; 10%;  4%;1.09e+04;948;1.05e+04; 55%;  4%; 53%;7.6e+03;2.06e+03;939; 38%; 10%;  4%;1.36e+03;948;1.35e+03;  6%;  4%;  6%;95.4;4.57;0;0;0;0;0;0;0;1.37;7.49;0;91.1;0;41.5;0;0;0;96.3;3.71;0;0;0;0;0;0;0;0.157;2.26;0.0106;97.6;0;80.3;0;0;0;78.4;65.6;82.4;51;13.3 ;33.3 ;14.4 ;13 ;
2017-09-04;06:47:48.056;0.104;0.38;0.273;0.619;242;292;0.172;0.321;0.00682;0.00823;22.3;25.9;3.54e+04;9.34e+04;2.14e+03;0.759;19;0.207;5.18;4.73e+04;44.1;15.5;0.00306;40.4;0;12;0;0;0;282;75.2;0.203;0.383;0.531;0.619;120;144;0.17;0.312;0.00689;0.0083; 51440;1366;13539;2.24;1.97;42;0.03;2.9;0.0103;0.619;2.47;5.25;0.529;0.78;0.000963;0.00204; 52160;78;215;15.7;19.4;41;0.181;0.329;0.55;0.619;119;142;0.159;0.275;0.00772;0.00918; 48640;1581;14459;2.23;1.95;43;0.00024;0.275;0.000871;0.613;0.0453;0.336;0.865;0.116;0.00221;0.0164; 50800;0;0;2.18;2.54;49;7.37e+03;2.26e+03;1.03e+03; 37%; 11%;  5%;1.08e+04;909;1.02e+04; 55%;  4%; 52%;7.67e+03;2.24e+03;1.02e+03; 39%; 11%;  5%;1.45e+03;912;1.48e+03;  7%;  4%;  7%;85.7;13.6;0;0.698;0;0;0;0;0;1.67;32.7;0;65.7;0;0;0;0;0;88.9;10.9;0;0.264;0;0;0;0;0;0.142;4.92;0.0122;94.9;0;48.1;0;0;0;79.8;67.7;83.6;51.2;13.8 ;33.1 ;14.9 ;13.5 ;
2017-09-04;06:47:49.072;0.181;0.978;0.185;0.619;269;345;0.218;0.47;0.00436;0.00557;21;25.3;6.19e+04;6.33e+04;2.14e+03;1.96;48.9;0.362;9.05;4.38e+04;29.9;22.2;0.00258;47.9;0;19.3;0;0;0;280;74.7;0.309;1.02;0.302;0.619;103;135;0.236;0.515;0.00389;0.0051; 51680;1363;12974;2.68;2.55;43;0.0131;2.74;0.0048;0.619;1.12;2.39;0.531;0.814;0.000999;0.00213; 51920;37;97;13;17.4;42;0.402;0.929;0.433;0.619;165;208;0.203;0.423;0.00482;0.00605; 55280;2294;18481;2.71;2.2;44;0.000234;0.276;0.000845;0.608;0.0446;0.31;0.856;0.122;0.00224;0.0155; 50560;2;1;2.67;3.16;49;5.03e+03;2.92e+03;1.07e+03; 25%; 14%;  5%;1.09e+04;697;6.54e+03; 55%;  3%; 33%;8.19e+03;2.68e+03;1.51e+03; 41%; 13%;  7%;2.15e+03;694;1.49e+03; 11%;  3%;  7%;48.8;26.9;0;24.3;0;0.181;0;0;0;0.775;32.4;0;66.8;0;0;0;0;0;69.9;25.1;0;5.02;0;0;0;0;0;0.139;4.45;0.0103;95.4;0;77;0;0;0;76;64.3;89.3;50.5;14.6 ;30.4 ;15.5 ;14.2 ;
2017-09-04;06:47:50.113;0.0993;0.265;0.375;0.619;247;256;0.034;0.056;0.0072;0.00745;41.6;58.8;3.44e+04;1.3e+05;2.13e+03;0.53;13.2;0.199;4.97;7.93e+04;60.6;3.69;0.00449;35.7;0;23.3;0;0;0;306;106;0.113;0.225;0.503;0.619;72.7;74.5;0.0242;0.0141;0.00747;0.00765; 49040;4974;15007;10.4;14.2;40;0.128;0.253;0.504;0.619;83.7;85.1;0.0164;0.0144;0.00758;0.00771; 47280;5669;17117;10.4;14;41;0.156;0.316;0.494;0.619;90.9;94.9;0.042;0.119;0.00671;0.007; 49680;5975;17692;10.4;14;41;0.000674;0.399;0.00169;0.613;0.0796;1.6;0.95;0.0486;0.00136;0.0273; 50800;0;4;10.4;16.6;48;8.4e+03;8.55e+03;3.89e+03; 42%; 43%; 19%;9.07e+03;4.35e+03;8.28e+03; 45%; 21%; 41%;9.07e+03;8.44e+03;4.46e+03; 45%; 42%; 22%;5.21e+03;5.06e+03;4.51e+03; 26%; 25%; 22%;81.3;0.369;0;18.4;0;15.8;0;0;0;81.4;5.67;0;13;0;0.31;0;0;0;79.7;5.1;0;15.2;0;0.716;0;0;0;0.276;3.62;0.0179;96.1;0;76.4;0;0;0;82.9;81.3;89.3;52.8;26.1 ;26.5 ;27 ;26.2 ;
2017-09-04;06:47:51.130;0.0977;0.242;0.403;0.619;297;302;0.018;0.0142;0.00881;0.00898;43;60.8;3.37e+04;1.39e+05;2.19e+03;0.485;12.1;0.195;4.88;8.19e+04;65.1;3.2;0.00387;31.7;0;18.3;0;0;0;316;112;0.125;0.203;0.619;0.619;95.2;96.7;0.015;0.013;0.00875;0.00889; 49440;5800;17164;10.8;14.6;40;0.138;0.257;0.535;0.619;105;107;0.0151;0.0145;0.00884;0.00898; 50640;6254;18756;10.8;14.5;40;0.126;0.278;0.455;0.619;96.6;97.9;0.0136;0.0144;0.00888;0.009; 51680;5771;17056;10.7;14.7;41;0.000561;0.416;0.00135;0.609;0.063;1.11;0.943;0.062;0.00131;0.023; 50480;0;2;10.7;17;48;9.15e+03;8.73e+03;4.33e+03; 46%; 44%; 21%;8.88e+03;4.52e+03;9.12e+03; 45%; 22%; 46%;8.97e+03;8.75e+03;4.21e+03; 45%; 44%; 21%;4.9e+03;5.28e+03;5.06e+03; 24%; 26%; 25%;99.9;0.0809;0;0;0;0;0;0;0;86.5;1.82;0;11.7;0;0;0;0;0;73.4;6.49;0;20.1;0;5.26;0;0;0;0.221;4.45;0.0156;95.3;0;68;0;0;0;87.6;83.6;88.5;56.2;27.5 ;28 ;28.6 ;27.6 ;
2017-09-04;06:47:52.132;0.336;0.776;0.433;0.619;588;640;0.0803;0.205;0.00521;0.00566;48.9;41.1;1.13e+05;1.46e+05;2.1e+03;1.55;38.8;0.671;16.8;7.9e+04;69.9;1.58;0.00616;28.5;0;20.1;0;0;0;336;103;0.428;0.72;0.594;0.619;201;216;0.0701;0.185;0.00558;0.006; 63600;4872;16665;10.5;7.49;40;0.5;0.882;0.567;0.619;214;233;0.0847;0.218;0.00508;0.00555; 49520;8464;13532;17.6;16.4;39;0.414;0.729;0.568;0.619;174;189;0.081;0.211;0.00499;0.00543; 51760;3441;13993;10.5;8.02;41;0.000658;0.549;0.0012;0.607;0.0407;1.18;0.966;0.0689;0.000735;0.0214; 50640;0;1;10.4;9.2;48;1e+04;7.03e+03;3.62e+03; 52%; 36%; 18%;9.46e+03;3.39e+03;1.03e+04; 49%; 17%; 53%;9.33e+03;7.11e+03;2.97e+03; 48%; 36%; 15%;4.77e+03;5.53e+03;5.49e+03; 24%; 28%; 28%;96;1.39;0;2.6;0;0;0;0;0;91.6;0.0897;0;8.31;0;7.18;0;0;0;91.8;0.0732;0;8.15;0;7.92;0;0;0;0.198;4.75;0.0246;95;0;65.2;0;0;0;90.9;97.1;93.8;54.5;23.1 ;32.4 ;25 ;23 ;
2017-09-04;06:47:53.150;0.368;0.793;0.465;0.619;639;698;0.0846;0.212;0.00507;0.00554;52.7;42.5;1.26e+05;1.59e+05;2.14e+03;1.59;39.6;0.737;18.4;8.44e+04;75.1;1.61;0.00472;23.3;0;15.6;0;0;0;359;108;0.448;0.723;0.619;0.619;196;213;0.0803;0.206;0.00512;0.00556; 49600;4152;14915;11.3;7.96;40;0.574;0.928;0.619;0.619;249;272;0.0858;0.218;0.00507;0.00554; 43600;9633;15774;19;17.2;38;0.45;0.727;0.619;0.619;194;211;0.0818;0.209;0.00504;0.00548; 50560;3877;15357;11.3;8.04;41;0.000842;0.583;0.00144;0.604;0.0763;1.39;0.945;0.0794;0.00106;0.0193; 50080;1;2;11.2;9.37;48;1.07e+04;7.18e+03;3.38e+03; 54%; 36%; 17%;1.05e+04;3.85e+03;1.07e+04; 53%; 19%; 54%;1.06e+04;7.14e+03;3.34e+03; 54%; 36%; 17%;5.34e+03;6.37e+03;5.37e+03; 27%; 32%; 27%;100;0.000209;0;0;0;0;0;0;0;100;0.000933;0;0;0;0;0;0;0;100;0.00134;0;0;0;0;0;0;0;0.239;6.45;0.0189;93.3;0;62.4;0;0;0;96.2;104;103;55.8;24.2 ;33.8 ;25.8 ;23.8 ;
2017-09-04;06:47:54.165;0.383;0.846;0.452;0.619;639;699;0.0851;0.218;0.00489;0.00534;52.2;42.2;1.31e+05;1.55e+05;2.14e+03;1.69;42.3;0.766;19.1;8.48e+04;73.1;2.53;0.00374;24.4;0;17.9;0;0;0;358;107;0.472;0.763;0.619;0.619;209;227;0.0792;0.205;0.00518;0.00563; 52560;4480;16017;11.2;7.78;39;0.571;1;0.57;0.619;225;247;0.0907;0.235;0.00461;0.00506; 47840;8256;14406;18.6;17.2;38;0.486;0.786;0.619;0.619;205;223;0.0808;0.213;0.00494;0.00538; 56000;4014;15888;11.2;7.88;40;0.000773;0.633;0.00122;0.608;0.053;1.01;0.948;0.0907;0.000803;0.0154; 49920;0;5;11.2;9.33;48;1.06e+04;7.5e+03;3.5e+03; 54%; 38%; 17%;1.05e+04;3.64e+03;1.1e+04; 53%; 18%; 56%;1.02e+04;7.43e+03;3.41e+03; 52%; 38%; 17%;5.54e+03;5.95e+03;5.58e+03; 28%; 30%; 28%;100;0.000241;0;0;0;0;0;0;0;92;6.41;0;1.56;0;0;0;0;0;100;0.00263;0;0;0;0;0;0;0;0.201;3.71;0.015;96.1;0;71.8;0;0;0;96.5;103;103;55.4;24 ;33.6 ;25.5 ;23.9 ;
2017-09-04;06:47:55.182;0.33;1.22;0.27;0.619;421;474;0.111;0.291;0.00374;0.00421;32.8;27.6;1.13e+05;9.22e+04;2.13e+03;2.44;61.1;0.66;16.5;5.61e+04;43.6;14.8;0.00308;41.6;0;16.7;0;0;0;293;84.6;0.527;1.2;0.439;0.619;187;209;0.103;0.277;0.00417;0.00464; 48000;3969;13607;7.39;5.04;43;0.278;1.44;0.193;0.619;49.7;60.5;0.179;0.4;0.0021;0.00255; 48800;1275;3441;10.7;11.1;42;0.515;1.15;0.448;0.619;184;204;0.0974;0.266;0.00419;0.00465; 43040;3717;13922;7.34;5.03;45;0.000229;0.276;0.00083;0.609;0.0442;0.34;0.87;0.113;0.00226;0.0174; 50160;1;2;7.31;6.37;49;5.51e+03;6.18e+03;2.67e+03; 28%; 31%; 13%;7.26e+03;1.7e+03;7.34e+03; 37%;  8%; 37%;5.45e+03;6.16e+03;2.63e+03; 27%; 31%; 13%;4.49e+03;2.11e+03;4.54e+03; 23%; 10%; 23%;70.9;13;0;16.2;0;0;0;0;0;31.2;29.4;0;39.5;0;0;0;0;0;72.3;11.9;0;15.8;0;0;0;0;0;0.136;5.03;0.0123;94.8;0;66.7;0;0;0;83.8;71.9;89.1;47.8;19.5 ;25.2 ;20.7 ;19.2 ;
2017-09-04;06:47:56.204;0.205;0.828;0.248;0.619;318;359;0.115;0.242;0.00452;0.00511;27;23.6;7.03e+04;8.49e+04;2.13e+03;1.66;41.4;0.41;10.3;4.32e+04;40;8.09;0.00334;51.9;0;16.1;0;0;0;239;73.2;0.273;0.81;0.337;0.619;97.6;112;0.125;0.261;0.00417;0.00477; 49920;1971;6809;5.7;4.47;41;0.29;0.92;0.315;0.619;126;141;0.105;0.228;0.00507;0.00566; 52000;5435;8850;9.99;9.27;40;0.257;0.761;0.338;0.619;94.4;106;0.108;0.241;0.00428;0.0048; 47040;1810;7085;5.69;4.56;42;0.000557;0.469;0.00119;0.612;0.0636;1.19;0.947;0.0559;0.00133;0.025; 50000;0;1;5.64;5.26;49;5.38e+03;3.69e+03;1.78e+03; 27%; 18%;  9%;5.47e+03;2.04e+03;5.42e+03; 27%; 10%; 27%;5.46e+03;3.71e+03;1.72e+03; 27%; 18%;  8%;2.62e+03;3.21e+03;2.73e+03; 13%; 16%; 13%;54.5;8.8;0;36.7;0;0;0;0;0;50.9;8.27;0;40.9;0;0;0;0;0;54.6;9.79;0;35.6;0;0;0;0;0;0.194;5.5;0.0133;94.3;0;64.3;0;0;0;64.5;66.9;65.6;42.2;16.8 ;22.1 ;17.9 ;16.4 ;
2017-09-04;06:47:57.223;0.335;0.72;0.465;0.619;601;667;0.0988;0.203;0.00524;0.00582;50.3;43.5;1.15e+05;1.59e+05;2.15e+03;1.44;36;0.669;16.7;8.01e+04;75.1;0.749;0.00382;24.2;0;14;0;0;0;344;107;0.402;0.65;0.619;0.619;179;197;0.0955;0.203;0.00518;0.00572; 49040;3384;12124;10.4;8.09;40;0.53;0.857;0.619;0.619;247;274;0.099;0.202;0.00544;0.00604; 51840;10534;16295;19.1;17.7;39;0.405;0.654;0.619;0.619;176;194;0.096;0.206;0.00506;0.0056; 51440;3253;13089;10.4;8.26;41;0.0007;0.554;0.00126;0.604;0.0419;1.29;0.968;0.0686;0.000699;0.0216; 50080;0;1;10.3;9.46;49;1.02e+04;6.62e+03;3.17e+03; 52%; 33%; 16%;1.03e+04;3.85e+03;1.02e+04; 52%; 19%; 52%;1.03e+04;6.59e+03;3.09e+03; 52%; 33%; 15%;4.78e+03;6.08e+03;4.87e+03; 24%; 31%; 24%;100;0;0;0;0;0;0;0;0;100;0.00137;0;0;0;0;0;0;0;100;0.00213;0;0;0;0;0;0;0;0.209;2.99;0.0153;96.8;0;56;0;0;0;89.6;102;96.8;55.2;23.7 ;33.8 ;25.4 ;23.5 ;
2017-09-04;06:47:58.243;0.337;0.724;0.465;0.619;603;670;0.0994;0.204;0.00523;0.00581;50.5;43.6;1.15e+05;1.59e+05;2.14e+03;1.45;36.2;0.673;16.8;8.04e+04;75.1;0.911;0.00365;24;0;17.8;0;0;0;344;107;0.407;0.657;0.619;0.619;179;199;0.0965;0.204;0.00515;0.0057; 48560;3498;12652;10.5;8.13;40;0.53;0.856;0.619;0.619;248;275;0.099;0.202;0.00545;0.00605; 55920;10635;16745;19.1;17.7;39;0.408;0.66;0.619;0.619;176;195;0.0969;0.206;0.00503;0.00557; 48320;3345;13534;10.5;8.3;41;0.000726;0.567;0.00128;0.601;0.0392;1.38;0.972;0.0667;0.000631;0.0222; 50080;0;1;10.4;9.51;48;1.02e+04;6.67e+03;3.19e+03; 52%; 34%; 16%;1.03e+04;3.86e+03;1.02e+04; 52%; 19%; 52%;1.03e+04;6.65e+03;3.12e+03; 52%; 33%; 15%;4.82e+03;6.09e+03;4.9e+03; 24%; 31%; 25%;100;0.00828;0;0;0;0;0;0;0;100;0.0011;0;0;0;0;0;0;0;100;0;0;0;0;0;0;0;0;0.213;3.64;0.0146;96.1;0;71.3;0;0;0;91;103;95.1;55.3;23.9 ;34.2 ;25.4 ;23.4 ;
2017-09-04;06:47:59.259;0.375;0.882;0.425;0.619;607;680;0.107;0.251;0.00474;0.00531;49.9;43.7;1.28e+05;1.45e+05;2.14e+03;1.76;44.1;0.75;18.7;8.27e+04;68.7;4.74;0.00324;26.6;0;14.7;0;0;0;348;106;0.457;0.738;0.619;0.619;205;227;0.0942;0.202;0.00525;0.0058; 49680;3905;14073;10.6;7.98;39;0.584;1.27;0.461;0.619;200;230;0.13;0.331;0.00401;0.0046; 51040;6517;12509;18.2;18;39;0.459;0.741;0.619;0.619;202;223;0.0943;0.203;0.00516;0.0057; 51120;3944;15897;10.6;8.13;41;0.000265;0.303;0.000876;0.605;0.0472;0.434;0.891;0.1;0.00208;0.0191; 50160;0;1;10.5;9.57;49;1e+04;7.41e+03;3.45e+03; 51%; 37%; 17%;1.08e+04;3.44e+03;1.07e+04; 55%; 17%; 54%;1.01e+04;7.39e+03;3.37e+03; 51%; 37%; 17%;5.3e+03;5.31e+03;5.39e+03; 27%; 27%; 27%;100;0.00143;0;0;0;0;0;0;0;74.5;14.6;0;10.8;0;0;0;0;0;100;0.00211;0;0;0;0;0;0;0;0.145;4.34;0.013;95.5;0;58.7;0;0;0;93.9;100;98.5;55.2;23.8 ;33.7 ;25.3 ;23.6 ;
2017-09-04;06:48:00.291;0.229;0.801;0.286;0.619;367;419;0.124;0.273;0.00464;0.0053;30.6;27.9;7.9e+04;9.87e+04;2.13e+03;1.6;40;0.459;11.5;5.12e+04;46.3;6.11;0.00385;47.6;0;23.4;0;0;0;287;83;0.442;0.909;0.486;0.619;167;190;0.12;0.271;0.00441;0.00501; 50560;3266;12659;5.79;4.22;42;0.0419;0.235;0.178;0.619;33;39.5;0.165;0.263;0.00915;0.0109; 48960;3569;1283;13.4;14.1;40;0.434;0.902;0.482;0.619;167;189;0.116;0.277;0.00445;0.00503; 47840;3162;14193;5.69;4.15;43;0.000305;0.32;0.000955;0.61;0.0514;0.491;0.895;0.0932;0.00195;0.0186; 50080;0;1;5.7;5.41;49;5.35e+03;5.29e+03;2.31e+03; 27%; 26%; 11%;7.69e+03;1.19e+03;7.54e+03; 39%;  6%; 38%;5.5e+03;5.29e+03;2.28e+03; 27%; 26%; 11%;3.7e+03;1.31e+03;3.77e+03; 18%;  6%; 19%;78.5;6.41;0;15.1;0;2.29;0;0;0;28.8;5.01;0;66.2;0;43.8;0;0;0;77.8;7.78;0;14.4;0;0;0;0;0;0.157;5.23;0.0153;94.6;0;47.2;0;0;0;83.7;65;89;49.8;17.8 ;28.6 ;19 ;17.6 ;
2017-09-04;06:48:01.320;0.0798;0.173;0.461;0.619;264;316;0.166;0.192;0.00956;0.0115;26.5;25.1;2.76e+04;1.6e+05;2.17e+03;0.346;8.65;0.16;3.99;3.83e+04;74.5;1.87;0.00437;23.6;0;12.7;0;0;0;297;78;0.0944;0.153;0.619;0.619;74.4;90.2;0.175;0.201;0.00911;0.011; 49520;913;9305;2.38;2.31;42;0.127;0.205;0.619;0.619;115;135;0.153;0.17;0.0104;0.0123; 51280;12656;4373;19.4;17.9;40;0.0968;0.16;0.605;0.619;74.5;89.3;0.166;0.215;0.0089;0.0107; 44800;803;9464;2.4;2.33;43;0.000569;0.476;0.0012;0.602;0.0491;1.15;0.957;0.0626;0.000997;0.0234; 50000;2;0;2.32;2.65;49;6.2e+03;1.51e+03;732; 31%;  7%;  3%;8.02e+03;1.45e+03;7.97e+03; 40%;  7%; 40%;6.28e+03;1.53e+03;733; 31%;  7%;  3%;1.01e+03;1.86e+03;1.02e+03;  5%;  9%;  5%;100;0.000635;0;0;0;0;0;0;0;100;0.00232;0;0;0;0;0;0;0;97.7;2.32;0;0;0;0;0;0;0;0.199;5.17;0.0175;94.6;0;51;0;0;0;76;88.4;80.3;51.9;14.3 ;34.2 ;15.7 ;13.8 ;
2017-09-04;06:48:02.348;0.0796;0.173;0.461;0.619;264;317;0.167;0.195;0.00959;0.0115;26.4;25.1;2.75e+04;1.59e+05;2.16e+03;0.345;8.63;0.159;3.98;3.82e+04;74.5;1.44;0.00283;24.1;0;19.1;0;0;0;296;78;0.0951;0.154;0.619;0.619;74;89.3;0.171;0.203;0.009;0.0109; 53040;929;9232;2.38;2.32;42;0.126;0.203;0.619;0.619;115;137;0.158;0.173;0.0106;0.0126; 51040;12605;4492;19.3;17.8;40;0.097;0.16;0.605;0.619;74.3;89;0.164;0.221;0.00887;0.0106; 52480;821;9454;2.38;2.31;43;0.000602;0.482;0.00125;0.606;0.0731;1.3;0.944;0.0571;0.0014;0.0251; 50080;1;4;2.3;2.64;49;6.17e+03;1.5e+03;733; 31%;  7%;  3%;8.02e+03;1.45e+03;7.96e+03; 40%;  7%; 40%;6.27e+03;1.51e+03;736; 31%;  7%;  3%;1.02e+03;1.86e+03;1e+03;  5%;  9%;  5%;100;0;0;0;0;0;0;0;0;100;0.000482;0;0;0;0;0;0;0;97.7;2.31;0;0;0;0;0;0;0;0.206;3.43;0.0113;96.4;0;76.3;0;0;0;76.1;88.3;80.3;51.7;14.3 ;34.4 ;15.6 ;13.8 ;
2017-09-04;06:48:03.377;0.0804;0.174;0.461;0.619;265;317;0.165;0.199;0.00952;0.0114;26.5;25.2;2.78e+04;1.59e+05;2.16e+03;0.349;8.72;0.161;4.02;3.83e+04;74.5;2.02;0.00412;23.5;0;11.8;0;0;0;297;78.4;0.0965;0.156;0.619;0.619;74.1;89.5;0.172;0.204;0.00888;0.0107; 50320;913;9246;2.41;2.34;42;0.124;0.2;0.619;0.619;115;135;0.149;0.173;0.0107;0.0125; 51840;12654;4472;19.3;17.9;39;0.1;0.166;0.604;0.619;76;91.1;0.166;0.232;0.00876;0.0105; 50960;775;9570;2.39;2.33;43;0.000769;0.53;0.00145;0.605;0.0762;1.69;0.955;0.0557;0.00115;0.0254; 50160;0;1;2.34;2.69;49;6.16e+03;1.54e+03;745; 31%;  7%;  3%;8e+03;1.45e+03;7.94e+03; 40%;  7%; 40%;6.28e+03;1.54e+03;750; 31%;  7%;  3%;1.04e+03;1.86e+03;1.04e+03;  5%;  9%;  5%;100;0.000694;0;0;0;0;0;0;0;100;0.00268;0;0;0;0;0;0;0;97.6;2.38;0;0;0;0;0;0;0;0.24;5.7;0.0165;94;0;47.1;0;0;0;76.3;88.4;80.4;52;14.4 ;34.6 ;15.7 ;13.9 ;
2017-09-04;06:48:04.407;0.0779;0.168;0.464;0.619;263;315;0.166;0.187;0.00976;0.0117;26.5;25.1;2.69e+04;1.61e+05;2.16e+03;0.335;8.38;0.156;3.89;3.84e+04;75;1.57;0.0057;23.4;0;10.8;0;0;0;297;78.2;0.094;0.152;0.619;0.619;73.9;88.9;0.168;0.201;0.00909;0.0109; 51040;909;9272;2.39;2.32;42;0.125;0.201;0.619;0.619;115;137;0.157;0.169;0.0107;0.0127; 55920;12612;4443;19.4;17.8;39;0.0917;0.149;0.618;0.619;73.8;88.1;0.163;0.203;0.0093;0.0111; 55600;772;9386;2.37;2.31;43;0.00114;0.616;0.00184;0.61;0.0683;1.79;0.962;0.0703;0.000696;0.0183; 50080;0;2;2.32;2.65;49;6.21e+03;1.51e+03;741; 31%;  7%;  3%;8.04e+03;1.46e+03;7.98e+03; 40%;  7%; 40%;6.27e+03;1.52e+03;729; 31%;  7%;  3%;1e+03;1.87e+03;1.03e+03;  5%;  9%;  5%;100;0.000553;0;0;0;0;0;0;0;100;0.00135;0;0;0;0;0;0;0;99.8;0.245;0;0;0;0;0;0;0;0.302;6.04;0.0228;93.6;0;43.2;0;0;0;76.1;88.5;80.3;52;14.2 ;34.5 ;15.6 ;13.8 ;
2017-09-04;06:48:05.434;0.0771;0.166;0.464;0.619;261;311;0.163;0.186;0.00978;0.0117;26.3;25;2.66e+04;1.6e+05;2.16e+03;0.332;8.31;0.154;3.85;3.82e+04;74.9;0.481;0.00409;24.6;0;21;0;0;0;296;77.9;0.0948;0.154;0.616;0.619;74.3;89.2;0.168;0.206;0.00907;0.0109; 49200;913;9251;2.37;2.29;42;0.124;0.2;0.619;0.619;114;134;0.152;0.169;0.0106;0.0125; 48080;12602;4363;19.3;17.8;39;0.0891;0.144;0.619;0.619;72.4;86.9;0.167;0.192;0.00941;0.0113; 50320;778;9259;2.34;2.28;43;0.000622;0.481;0.00129;0.603;0.0417;1.07;0.961;0.0721;0.000777;0.0199; 50080;1;0;2.29;2.62;49;6.23e+03;1.46e+03;742; 31%;  7%;  3%;7.99e+03;1.46e+03;7.98e+03; 40%;  7%; 40%;6.23e+03;1.47e+03;711; 31%;  7%;  3%;984;1.87e+03;1.02e+03;  4%;  9%;  5%;99.5;0.489;0;0;0;0;0;0;0;100;0.00168;0;0;0;0;0;0;0;100;0.000568;0;0;0;0;0;0;0;0.214;1.43;0.0164;98.3;0;84;0;0;0;76.2;88.2;79.9;51.5;14.3 ;34.3 ;15.6 ;13.7 ;
2017-09-04;06:48:06.463;0.0778;0.169;0.461;0.619;262;313;0.163;0.195;0.00975;0.0116;26.4;25.1;2.69e+04;1.59e+05;2.16e+03;0.338;8.44;0.156;3.89;3.82e+04;74.5;0.833;0.00331;24.7;0;22.7;0;0;0;296;78;0.096;0.159;0.605;0.619;74.6;89.4;0.165;0.223;0.009;0.0108; 49040;890;9313;2.36;2.29;41;0.126;0.203;0.619;0.619;115;136;0.159;0.17;0.0106;0.0125; 51760;12521;4371;19.3;17.9;39;0.0891;0.144;0.619;0.619;72.7;86.7;0.161;0.202;0.00946;0.0113; 50640;788;9344;2.37;2.32;43;0.000406;0.353;0.00115;0.609;0.0592;0.667;0.911;0.0816;0.00169;0.019; 50320;0;3;2.3;2.62;49;6.25e+03;1.49e+03;743; 31%;  7%;  3%;8.02e+03;1.45e+03;7.95e+03; 40%;  7%; 40%;6.25e+03;1.51e+03;709; 31%;  7%;  3%;977;1.86e+03;1.04e+03;  4%;  9%;  5%;97.7;2.31;0;0;0;0;0;0;0;100;0.00118;0;0;0;0;0;0;0;100;0.00152;0;0;0;0;0;0;0;0.189;1.02;0.0132;98.8;0;91;0;0;0;76.3;88.4;80;51.5;14.3 ;34.2 ;15.7 ;13.7 ;
2017-09-04;06:48:07.491;0.0766;0.166;0.461;0.619;260;310;0.16;0.19;0.00983;0.0117;26.3;25.1;2.65e+04;1.59e+05;2.16e+03;0.332;8.31;0.153;3.83;3.81e+04;74.5;0.906;0.00267;24.6;0;21.2;0;0;0;296;77.9;0.0977;0.162;0.605;0.619;74.5;89.5;0.168;0.222;0.00882;0.0106; 52480;940;9277;2.35;2.28;42;0.122;0.198;0.619;0.619;114;134;0.151;0.167;0.0107;0.0127; 54240;12617;4343;19.3;17.9;39;0.0861;0.139;0.619;0.619;72.2;86.1;0.162;0.191;0.0097;0.0116; 48320;768;9269;2.33;2.28;43;0.000311;0.313;0.000994;0.61;0.0472;0.426;0.889;0.102;0.00175;0.0158; 50080;0;1;2.3;2.63;49;6.23e+03;1.47e+03;745; 31%;  7%;  3%;7.99e+03;1.45e+03;7.95e+03; 40%;  7%; 40%;6.23e+03;1.47e+03;709; 31%;  7%;  3%;973;1.86e+03;1.04e+03;  4%;  9%;  5%;97.7;2.29;0;0;0;0;0;0;0;100;0.00206;0;0;0;0;0;0;0;100;0.00153;0;0;0;0;0;0;0;0.163;1.33;0.0107;98.5;0;84.9;0;0;0;76.1;88.3;79.9;51.4;14.2 ;34.4 ;15.6 ;13.8 ;
2017-09-04;06:48:08.519;0.0789;0.171;0.461;0.619;262;314;0.164;0.192;0.00963;0.0115;26.3;25.1;2.73e+04;1.59e+05;2.16e+03;0.343;8.56;0.158;3.95;3.82e+04;74.4;1.4;0.00231;24.1;0;18.4;0;0;0;296;78;0.0995;0.165;0.604;0.619;74.8;88.3;0.153;0.231;0.00871;0.0103; 48320;983;9260;2.38;2.31;42;0.126;0.204;0.619;0.619;115;137;0.162;0.165;0.0106;0.0126; 50000;12535;4396;19.3;17.9;39;0.0894;0.144;0.619;0.619;72.6;87.3;0.169;0.194;0.00941;0.0113; 49920;763;9325;2.34;2.3;44;0.0007;0.523;0.00134;0.605;0.0504;1.23;0.959;0.0697;0.000834;0.0204; 50080;0;3;2.29;2.62;49;6.27e+03;1.49e+03;732; 31%;  7%;  3%;8e+03;1.45e+03;7.98e+03; 40%;  7%; 40%;6.24e+03;1.49e+03;712; 31%;  7%;  3%;980;1.87e+03;1e+03;  4%;  9%;  5%;97.6;2.43;0;0;0;0;0;0;0;100;0.00156;0;0;0;0;0;0;0;100;0;0;0;0;0;0;0;0;0.221;3.17;0.00925;96.6;0;73.5;0;0;0;76.3;88.3;80;51.6;14.4 ;34.4 ;15.7 ;13.6 ;
2017-09-04;06:48:09.545;0.078;0.169;0.461;0.619;261;312;0.164;0.194;0.00971;0.0116;26.3;25.1;2.69e+04;1.59e+05;2.16e+03;0.338;8.46;0.156;3.9;3.81e+04;74.5;1.27;0.00193;24.3;0;18.5;0;0;0;296;78;0.0994;0.164;0.605;0.619;74.2;90.1;0.177;0.223;0.00865;0.0105; 51120;920;9309;2.36;2.29;42;0.124;0.201;0.619;0.619;114;135;0.153;0.171;0.0107;0.0126; 50720;12599;4291;19.2;17.8;39;0.0879;0.142;0.619;0.619;72.5;86.4;0.161;0.199;0.00957;0.0114; 51520;772;9268;2.37;2.32;43;0.000449;0.398;0.00113;0.609;0.0585;0.706;0.917;0.0825;0.00151;0.0182; 50000;2;1;2.29;2.62;49;6.22e+03;1.5e+03;736; 31%;  7%;  3%;7.98e+03;1.45e+03;7.91e+03; 40%;  7%; 40%;6.22e+03;1.52e+03;707; 31%;  7%;  3%;973;1.85e+03;1.03e+03;  4%;  9%;  5%;97.7;2.33;0;0;0;0;0;0;0;100;0.00198;0;0;0;0;0;0;0;100;0.000707;0;0;0;0;0;0;0;0.185;2.75;0.00771;97.1;0;74.1;0;0;0;76.2;88.2;79.8;51.5;14.2 ;34.5 ;15.7 ;13.6 ;
2017-09-04;06:48:10.575;0.0774;0.168;0.461;0.619;263;314;0.163;0.193;0.00981;0.0117;26.3;25.1;2.68e+04;1.59e+05;2.16e+03;0.336;8.4;0.155;3.87;3.82e+04;74.5;0.818;0.00312;24.7;0;22.9;0;0;0;297;78;0.0979;0.162;0.605;0.619;74.5;90.7;0.178;0.216;0.00882;0.0107; 48080;942;9231;2.37;2.31;42;0.126;0.204;0.619;0.619;115;135;0.152;0.173;0.0105;0.0124; 50880;12590;4373;19.3;17.9;39;0.0853;0.138;0.619;0.619;73.2;87.1;0.16;0.199;0.00992;0.0118; 52000;775;9315;2.32;2.29;44;0.000333;0.318;0.00105;0.606;0.0463;0.482;0.904;0.0961;0.00161;0.0167; 50000;1;0;2.29;2.62;49;6.26e+03;1.47e+03;736; 31%;  7%;  3%;8e+03;1.45e+03;7.97e+03; 40%;  7%; 40%;6.25e+03;1.48e+03;713; 31%;  7%;  3%;985;1.85e+03;1.02e+03;  4%;  9%;  5%;97.7;2.26;0;0;0;0;0;0;0;100;0.00199;0;0;0;0;0;0;0;100;0.00269;0;0;0;0;0;0;0;0.173;1.01;0.0125;98.8;0;91.7;0;0;0;76.4;88.6;80.1;51.6;14.3 ;34.4 ;15.6 ;13.8 ;
2017-09-04;06:48:11.602;0.0791;0.172;0.461;0.619;263;313;0.16;0.2;0.00961;0.0114;26.3;25.1;2.73e+04;1.59e+05;2.16e+03;0.343;8.58;0.158;3.96;3.82e+04;74.5;1.12;0.00222;24.4;0;18;0;0;0;296;77.7;0.0993;0.164;0.604;0.619;74.5;88.8;0.161;0.227;0.00868;0.0103; 48480;976;9102;2.36;2.29;42;0.126;0.204;0.619;0.619;114;136;0.157;0.175;0.0105;0.0124; 49440;12510;4411;19.2;17.9;40;0.0902;0.146;0.619;0.619;73.7;87.7;0.16;0.208;0.00946;0.0113; 52160;791;9345;2.38;2.32;44;0.000438;0.4;0.0011;0.609;0.0486;0.671;0.928;0.0845;0.00129;0.0178; 50080;1;1;2.31;2.65;49;6.22e+03;1.48e+03;739; 31%;  7%;  3%;8e+03;1.45e+03;7.93e+03; 40%;  7%; 40%;6.29e+03;1.48e+03;720; 31%;  7%;  3%;993;1.87e+03;1.02e+03;  5%;  9%;  5%;97.6;2.41;0;0;0;0;0;0;0;100;0.0011;0;0;0;0;0;0;0;100;0;0;0;0;0;0;0;0;0.18;2.06;0.00891;97.7;0;72.2;0;0;0;76.1;88.3;79.9;51.4;14.2 ;34.2 ;15.6 ;13.7 ;
2017-09-04;06:48:12.630;0.0766;0.166;0.461;0.619;261;311;0.159;0.194;0.00988;0.0117;26.2;25.1;2.65e+04;1.59e+05;2.16e+03;0.332;8.31;0.153;3.83;3.8e+04;74.5;1.13;0.00124;24.4;0;16.9;0;0;0;296;77.9;0.0955;0.158;0.605;0.619;74.5;89.1;0.164;0.221;0.00904;0.0108; 55360;947;9118;2.36;2.3;42;0.124;0.2;0.619;0.619;114;135;0.153;0.169;0.0107;0.0126; 49520;12559;4321;19.3;17.9;40;0.0869;0.14;0.619;0.619;72.6;85.9;0.155;0.203;0.00966;0.0114; 49360;760;9307;2.31;2.27;43;0.000471;0.417;0.00113;0.605;0.0533;0.739;0.928;0.0822;0.00131;0.0182; 50160;0;4;2.27;2.61;49;6.24e+03;1.48e+03;741; 31%;  7%;  3%;7.95e+03;1.43e+03;7.94e+03; 40%;  7%; 40%;6.2e+03;1.49e+03;702; 31%;  7%;  3%;960;1.82e+03;1.04e+03;  4%;  9%;  5%;97.7;2.31;0;0;0;0;0;0;0;100;0.00207;0;0;0;0;0;0;0;100;0.000341;0;0;0;0;0;0;0;0.187;2.19;0.00494;97.6;0;67.5;0;0;0;76.3;88.2;79.9;51.5;14.2 ;34.4 ;15.6 ;13.7 ;
2017-09-04;06:48:13.656;0.0832;0.181;0.459;0.619;266;318;0.163;0.206;0.00926;0.0111;26.4;25.2;2.87e+04;1.58e+05;2.16e+03;0.363;9.06;0.166;4.16;3.84e+04;74.2;1.77;0.00154;24.1;0;16.3;0;0;0;296;78.3;0.109;0.181;0.605;0.619;76.3;92.4;0.173;0.239;0.0081;0.0098; 53520;1025;9278;2.4;2.32;42;0.136;0.222;0.611;0.619;116;139;0.161;0.185;0.00994;0.0118; 54480;12534;4534;19.2;17.8;40;0.0874;0.141;0.619;0.619;73;86;0.151;0.204;0.00968;0.0114; 49840;761;9332;2.4;2.36;44;0.000408;0.384;0.00106;0.608;0.0447;0.595;0.925;0.0909;0.00127;0.0169; 50080;2;0;2.37;2.7;49;6.22e+03;1.5e+03;759; 31%;  7%;  3%;8.05e+03;1.48e+03;7.94e+03; 40%;  7%; 40%;6.31e+03;1.51e+03;723; 32%;  7%;  3%;992;1.92e+03;1.05e+03;  5%;  9%;  5%;97.7;2.32;0;0;0;0;0;0;0;98.7;1.26;0;0;0;0;0;0;0;100;0.00069;0;0;0;0;0;0;0;0.174;3.5;0.00617;96.3;0;65.2;0;0;0;76.4;88.5;79.6;51.6;14.3 ;34.3 ;15.8 ;13.9 ;
2017-09-04;06:48:14.684;0.0909;0.203;0.448;0.619;270;324;0.166;0.229;0.00861;0.0103;26.5;25.5;3.14e+04;1.55e+05;2.15e+03;0.406;10.1;0.182;4.54;3.88e+04;72.3;2.78;0.00188;24.9;0;23;0;0;0;297;78.7;0.0991;0.164;0.606;0.619;74.1;89.2;0.169;0.221;0.00867;0.0104; 51440;999;9078;2.47;2.44;42;0.174;0.308;0.565;0.619;123;147;0.159;0.254;0.0082;0.00975; 46480;12717;4920;19.2;17.9;39;0.0897;0.145;0.619;0.619;72.7;87.6;0.17;0.191;0.00939;0.0113; 51680;768;9341;2.43;2.41;44;0.000512;0.478;0.00107;0.607;0.0451;0.397;0.886;0.148;0.00102;0.00899; 50160;0;4;2.38;2.73;49;6.37e+03;1.49e+03;739; 32%;  7%;  3%;8.09e+03;1.54e+03;8.07e+03; 41%;  7%; 40%;6.34e+03;1.5e+03;725; 32%;  7%;  3%;996;1.97e+03;1.02e+03;  5%; 10%;  5%;97.9;2.14;0;0;0;0;0;0;0;91.3;7.97;0;0.77;0;0;0;0;0;100;0.000877;0;0;0;0;0;0;0;0.177;0.995;0.0075;98.8;0;92.1;0;0;0;76.3;89.6;80;51.5;14.5 ;34.4 ;15.9 ;13.8 ;
2017-09-04;06:48:15.704;0.129;0.309;0.416;0.619;286;352;0.188;0.333;0.00647;0.00796;26.4;26.7;4.42e+04;1.43e+05;2.16e+03;0.618;15.5;0.257;6.43;4.24e+04;67.1;6.98;0.00286;25.9;0;16;0;0;0;299;79.8;0.101;0.166;0.608;0.619;79.2;95.2;0.167;0.213;0.00912;0.011; 52240;1044;9853;2.72;2.72;42;0.319;0.736;0.434;0.619;128;163;0.212;0.44;0.00467;0.00593; 49600;10530;5858;18.4;18.2;39;0.0932;0.15;0.619;0.619;78;93.4;0.165;0.191;0.00975;0.0117; 49360;833;9961;2.72;2.73;43;0.000235;0.254;0.000925;0.61;0.0428;0.285;0.85;0.128;0.00212;0.0141; 50000;3;0;2.65;3.06;49;6.95e+03;1.59e+03;802; 35%;  8%;  4%;8.81e+03;1.75e+03;8.73e+03; 44%;  8%; 44%;6.98e+03;1.59e+03;773; 35%;  8%;  3%;1.06e+03;2.25e+03;1.11e+03;  5%; 11%;  5%;98.2;1.85;0;0;0;0;0;0;0;70.1;22.1;0;7.75;0;0;0;0;0;100;0.000399;0;0;0;0;0;0;0;0.152;3.92;0.0115;95.9;0;63.9;0;0;0;76.3;91.5;79.9;51.5;15 ;34.2 ;16.4 ;14.3 ;
2017-09-04;06:48:16.724;0.0778;0.257;0.303;0.619;226;269;0.16;0.252;0.00846;0.0101;22.2;25.2;2.67e+04;1.04e+05;2.14e+03;0.513;12.8;0.156;3.89;4.7e+04;49;6;0.00225;45;0;17.5;0;0;0;278;74.4;0.137;0.227;0.604;0.619;111;130;0.15;0.214;0.00943;0.0111; 52000;1405;13559;2.06;1.79;42;0.0362;2.9;0.0125;0.619;2.95;6.37;0.537;0.754;0.00095;0.00205; 52000;102;243;16.1;19.3;41;0.138;0.231;0.595;0.619;112;132;0.15;0.211;0.00949;0.0112; 46880;1265;13969;2.05;1.78;44;0.000232;0.258;0.000899;0.61;0.0432;0.291;0.852;0.127;0.00217;0.0146; 50160;1;3;2.01;2.32;49;7.41e+03;2.04e+03;933; 37%; 10%;  4%;1.09e+04;961;1.06e+04; 55%;  4%; 54%;7.64e+03;2.04e+03;921; 38%; 10%;  4%;1.32e+03;965;1.36e+03;  6%;  4%;  6%;97.6;2.39;0;0;0;0;0;0;0;2.02;14.4;0;83.6;0;7.8;0;0;0;96.2;3.23;0;0.598;0;0;0;0;0;0.147;4.01;0.00899;95.8;0;62.4;0;0;0;78.2;66.7;82.2;51.3;13.3 ;33.5 ;14.5 ;13.1 ;
2017-09-04;06:48:17.742;0.0971;0.348;0.279;0.619;240;288;0.169;0.311;0.00721;0.00867;22.3;25.7;3.33e+04;9.56e+04;2.14e+03;0.696;17.4;0.194;4.86;4.73e+04;45.1;15.5;0.00189;39.4;0;14.9;0;0;0;282;75.1;0.173;0.307;0.564;0.619;116;139;0.161;0.27;0.00786;0.00937; 54720;1342;13528;2.21;1.93;42;0.0195;2.77;0.00703;0.619;1.63;3.78;0.57;0.835;0.000976;0.00227; 51760;50;138;15.8;19.4;41;0.196;0.36;0.545;0.619;122;146;0.164;0.291;0.00726;0.00868; 50000;1484;14772;2.21;1.9;43;0.000245;0.268;0.000912;0.609;0.0467;0.339;0.862;0.115;0.00223;0.0162; 50080;1;0;2.16;2.5;49;7.38e+03;2.25e+03;995; 37%; 11%;  5%;1.07e+04;900;1.03e+04; 54%;  4%; 52%;7.63e+03;2.22e+03;1.03e+03; 39%; 11%;  5%;1.48e+03;901;1.44e+03;  7%;  4%;  7%;91;8.51;0;0.446;0;0;0;0;0;1.14;37.1;0;61.7;0;0;0;0;0;88;12;0;0;0;0;0;0;0;0.15;4.21;0.00757;95.6;0;59.8;0;0;0;79.1;67.6;84;51.2;13.6 ;33.3 ;14.8 ;13.4 ;
2017-09-04;06:48:18.761;0.184;0.969;0.19;0.619;251;324;0.226;0.503;0.004;0.00516;19.8;23.7;6.28e+04;6.48e+04;2.14e+03;1.94;48.4;0.367;9.19;4.11e+04;30.6;18.8;0.0031;50.6;0;23.7;0;0;0;269;72.5;0.333;0.817;0.408;0.619;123;158;0.218;0.478;0.00433;0.00553; 50800;1506;12606;2.63;2.34;43;0.0256;2.84;0.00902;0.619;2.13;4.6;0.537;0.809;0.000975;0.00211; 51920;67;195;12;15.9;43;0.376;1.1;0.341;0.619;126;162;0.223;0.504;0.00391;0.00503; 51600;1875;14350;2.66;2.34;45;0.000259;0.282;0.000917;0.599;0.0484;0.402;0.879;0.104;0.00219;0.0181; 50080;0;2;2.6;3.07;50;6.19e+03;2.73e+03;1.22e+03; 31%; 13%;  6%;7.83e+03;685;8.27e+03; 40%;  3%; 42%;6.02e+03;2.72e+03;1.26e+03; 30%; 13%;  6%;1.78e+03;684;1.74e+03;  9%;  3%;  8%;65.9;21.5;0;12.6;0;0;0;0;0;1.46;25.9;0;72.7;0;0;0;0;0;55;27;0;18;0;0.58;0;0;0;0.153;0.872;0.0124;99;0;94.4;0;0;0;78.2;61.1;81.4;48.4;14.3 ;28.6 ;15.5 ;14 ;
2017-09-04;06:48:19.802;0.0901;0.242;0.372;0.619;239;246;0.0281;0.0415;0.00766;0.00788;38.6;54.5;3.12e+04;1.29e+05;2.14e+03;0.484;12.1;0.18;4.5;7.36e+04;60.2;3.62;0.00204;36.2;0;17.8;0;0;0;297;102;0.112;0.225;0.498;0.619;68.6;71.5;0.0409;0.0821;0.00708;0.00739; 44640;4494;13219;9.68;13.5;40;0.12;0.241;0.498;0.619;81.8;83.4;0.0192;0.0274;0.00786;0.00801; 52560;5286;15926;9.74;13.1;41;0.127;0.259;0.491;0.619;88.7;90.2;0.0172;0.0198;0.00804;0.00818; 49760;5718;17162;9.65;12.7;42;0.00127;0.302;0.0042;0.616;0.0439;0.892;0.951;0.0765;0.000398;0.00809; 50080;1;0;9.57;15.2;49;7.76e+03;7.94e+03;3.43e+03; 39%; 40%; 17%;8.59e+03;4.01e+03;7.62e+03; 43%; 20%; 38%;8.54e+03;7.82e+03;4.26e+03; 43%; 39%; 21%;4.98e+03;4.66e+03;3.99e+03; 25%; 23%; 20%;80.5;2.04;0;17.5;0;0;0;0;0;80.5;2.76;0;16.8;0;6.76;0;0;0;79.3;3.21;0;17.5;0;9.81;0;0;0;0.682;6.46;0.00813;92.8;0;54.2;0;0;0;80.2;78.2;85.9;52.2;25.3 ;25.5 ;25.7 ;25.1 ;
2017-09-04;06:48:20.819;0.0974;0.225;0.432;0.619;291;297;0.0177;0.0139;0.00866;0.00882;42.9;60.5;3.36e+04;1.49e+05;2.18e+03;0.451;11.3;0.195;4.87;8.17e+04;69.8;2.85;0.00184;27.3;0;13.6;0;0;0;317;111;0.113;0.183;0.619;0.619;83.2;84.6;0.0165;0.0132;0.00845;0.00859; 53920;5175;15624;10.7;14.8;40;0.143;0.244;0.586;0.619;110;112;0.013;0.0123;0.00889;0.00901; 51200;6477;19539;10.7;14.2;40;0.132;0.253;0.521;0.619;97.9;99.3;0.0138;0.0155;0.00863;0.00875; 50800;6028;17823;10.8;14.5;41;0.000609;0.479;0.00127;0.607;0.0367;1.08;0.966;0.072;0.000701;0.0207; 49920;0;1;10.7;17.1;48;8.94e+03;8.58e+03;3.96e+03; 45%; 43%; 20%;9.27e+03;4.74e+03;8.78e+03; 46%; 24%; 44%;9.33e+03;8.48e+03;4.4e+03; 47%; 42%; 22%;5.12e+03;5.54e+03;4.61e+03; 25%; 28%; 23%;99.9;0.0691;0;0;0;0;0;0;0;94.7;2.69;0;2.59;0;0.116;0;0;0;84.1;3.28;0;12.6;0;6.16;0;0;0;0.21;5.38;0.0074;94.4;0;48.2;0;0;0;86.8;85.1;89.6;55.4;27.5 ;27.6 ;28.4 ;27.7 ;
2017-09-04;06:48:21.834;0.317;0.773;0.41;0.619;573;621;0.0762;0.2;0.0053;0.00573;48.1;41.8;1.08e+05;1.4e+05;2.14e+03;1.55;38.7;0.634;15.9;7.84e+04;66.3;2.41;0.00242;31.3;0;19.3;0;0;0;336;104;0.451;0.76;0.593;0.619;221;236;0.0649;0.177;0.00574;0.00614; 46320;5397;18564;10.5;7.48;39;0.432;0.826;0.523;0.619;189;206;0.0818;0.212;0.00512;0.00558; 50560;7846;10787;16.9;16.1;39;0.385;0.736;0.523;0.619;164;178;0.0799;0.214;0.00498;0.00541; 45360;3361;13540;10.4;8.54;41;0.000536;0.471;0.00114;0.61;0.0445;0.938;0.953;0.0742;0.000973;0.0205; 50000;1;2;10.4;9.71;48;9.8e+03;7.38e+03;4.3e+03; 50%; 37%; 22%;8.73e+03;3.07e+03;1.04e+04; 44%; 15%; 53%;8.46e+03;7.72e+03;2.79e+03; 43%; 39%; 14%;4.46e+03;4.94e+03;6.3e+03; 22%; 25%; 32%;95.7;1.73;0;2.55;0;0;0;0;0;84.5;0.178;0;15.3;0;13.2;0;0;0;84.6;0.278;0;15.2;0;13.8;0;0;0;0.187;7.47;0.0097;92.3;0;50;0;0;0;93.5;94.4;92.8;55.6;23.5 ;31.9 ;25.4 ;23.4 ;
2017-09-04;06:48:22.853;0.384;0.828;0.465;0.619;658;718;0.084;0.214;0.005;0.00546;53.5;42.1;1.31e+05;1.59e+05;2.13e+03;1.66;41.4;0.769;19.2;8.55e+04;75;0.302;0.0033;24.7;0;21.6;0;0;0;361;108;0.48;0.775;0.619;0.619;205;224;0.0818;0.21;0.00501;0.00546; 55120;4026;14146;11.6;7.93;39;0.577;0.932;0.619;0.619;249;271;0.0837;0.22;0.00504;0.0055; 44320;9646;14287;19;16.8;38;0.48;0.776;0.619;0.619;204;221;0.0808;0.212;0.00496;0.00539; 55840;4178;16153;11.5;8.01;41;0.000727;0.578;0.00126;0.601;0.0393;1.41;0.972;0.0663;0.000632;0.0226; 50240;0;1;11.4;9.39;48;1.06e+04;7.4e+03;3.51e+03; 54%; 37%; 17%;1.07e+04;3.82e+03;1.07e+04; 54%; 19%; 54%;1.05e+04;7.39e+03;3.42e+03; 53%; 37%; 17%;5.54e+03;6.34e+03;5.63e+03; 28%; 32%; 28%;100;0.00125;0;0;0;0;0;0;0;100;0.00128;0;0;0;0;0;0;0;100;0.00171;0;0;0;0;0;0;0;0.209;1.2;0.0132;98.6;0;86.2;0;0;0;97.3;104;104;55.4;24.4 ;33.7 ;25.7 ;23.9 ;
2017-09-04;06:48:23.869;0.408;0.899;0.454;0.619;669;730;0.0844;0.222;0.00479;0.00523;53.5;41.7;1.4e+05;1.55e+05;2.14e+03;1.8;44.9;0.817;20.4;8.66e+04;73.4;2.32;0.0043;24.3;0;11.3;0;0;0;363;107;0.52;0.84;0.619;0.619;222;241;0.0805;0.213;0.00498;0.00542; 48640;4243;15706;11.7;7.84;39;0.589;1.02;0.578;0.619;229;251;0.0884;0.236;0.00455;0.00499; 47600;8169;13518;18.5;16.5;38;0.523;0.845;0.619;0.619;218;237;0.0807;0.216;0.00488;0.00531; 49120;4487;17106;11.7;7.92;40;0.000506;0.448;0.00113;0.603;0.0452;0.92;0.951;0.0794;0.00105;0.0213; 50080;1;2;11.6;9.43;48;1.04e+04;7.81e+03;3.66e+03; 53%; 39%; 18%;1.07e+04;3.66e+03;1.09e+04; 54%; 18%; 55%;1.02e+04;7.78e+03;3.56e+03; 52%; 39%; 18%;5.84e+03;6.06e+03;5.93e+03; 29%; 31%; 30%;100;0.000137;0;0;0;0;0;0;0;93.3;6;0;0.682;0;0;0;0;0;100;0;0;0;0;0;0;0;0;0.187;3.29;0.0172;96.5;0;45.3;0;0;0;98.3;103;106;55.6;24.5 ;32.9 ;25.8 ;24.2 ;
2017-09-04;06:48:24.886;0.327;1.27;0.258;0.619;369;422;0.126;0.334;0.00331;0.00379;27.8;22.2;1.12e+05;8.82e+04;2.13e+03;2.53;63.3;0.653;16.3;4.6e+04;41.7;20.5;0.00446;37.8;0;11.9;0;0;0;269;78.2;0.493;1.26;0.392;0.619;153;174;0.123;0.347;0.00364;0.00415; 50880;2963;10302;6.44;4.37;43;0.317;1.29;0.245;0.619;75;86.9;0.138;0.342;0.00277;0.00321; 49200;2077;4576;8.57;7.88;42;0.497;1.26;0.395;0.619;141;161;0.119;0.314;0.00333;0.00378; 41760;2876;10331;6.41;4.45;45;0.000527;0.476;0.00111;0.608;0.0551;0.509;0.892;0.127;0.00122;0.0113; 50160;0;4;6.39;5.49;50;4.72e+03;4.91e+03;2.24e+03; 24%; 25%; 11%;5.38e+03;1.67e+03;5.79e+03; 27%;  8%; 29%;4.45e+03;5e+03;2.14e+03; 22%; 25%; 10%;3.57e+03;2.37e+03;3.77e+03; 18%; 12%; 19%;63.3;19.3;0;17.4;0;0;0;0;0;39.6;29.8;0;30.6;0;0;0;0;0;63.7;25;0;11.3;0;0;0;0;0;0.182;7.8;0.0178;92;0;47.5;0;0;0;76.2;68;80.7;44.1;18.3 ;22.3 ;19.7 ;18 ;
2017-09-04;06:48:25.908;0.287;0.763;0.376;0.619;492;549;0.104;0.218;0.005;0.00558;41.7;35.8;9.85e+04;1.29e+05;2.14e+03;1.53;38.2;0.575;14.4;6.64e+04;60.8;4.52;0.00368;34.7;0;11.4;0;0;0;300;93.6;0.358;0.714;0.501;0.619;146;164;0.105;0.229;0.00478;0.00534; 52560;3101;11818;8.71;6.73;40;0.435;0.88;0.494;0.619;200;223;0.1;0.208;0.00538;0.00598; 46400;8994;11634;15.6;14.3;39;0.357;0.699;0.51;0.619;146;162;0.102;0.221;0.00476;0.0053; 51440;3379;12540;8.69;6.8;42;0.000607;0.444;0.00137;0.612;0.0542;1.1;0.951;0.0729;0.00104;0.0211; 50240;0;2;8.65;7.91;48;8.32e+03;5.52e+03;2.65e+03; 42%; 28%; 13%;8.54e+03;3.17e+03;8.33e+03; 43%; 16%; 42%;8.51e+03;5.54e+03;2.63e+03; 43%; 28%; 13%;4.04e+03;5.02e+03;4.1e+03; 20%; 25%; 20%;80.9;3.28;0;15.8;0;0;0;0;0;79.8;4.34;0;15.9;0;0;0;0;0;82.4;4.5;0;13.1;0;0;0;0;0;0.223;5.95;0.0147;93.8;0;45.6;0;0;0;79.2;87.8;83.5;50;21.1 ;29.3 ;22.5 ;20.7 ;
2017-09-04;06:48:26.928;0.339;0.729;0.465;0.619;606;673;0.0996;0.204;0.00522;0.0058;50.7;43.6;1.16e+05;1.59e+05;2.15e+03;1.46;36.4;0.677;16.9;8.08e+04;75.1;0.414;0.00176;24.5;0;20.9;0;0;0;343;107;0.412;0.666;0.619;0.619;179;199;0.0969;0.205;0.00507;0.00562; 47600;3105;11699;10.5;8.15;40;0.536;0.865;0.619;0.619;249;277;0.0993;0.204;0.00543;0.00603; 45440;10873;14047;19.2;17.6;38;0.406;0.656;0.619;0.619;178;197;0.0964;0.205;0.00511;0.00565; 48000;3625;13562;10.5;8.26;41;0.000742;0.557;0.00133;0.603;0.0415;1.41;0.97;0.0667;0.000653;0.0221; 50240;0;3;10.5;9.56;48;1.02e+04;6.65e+03;3.19e+03; 52%; 33%; 16%;1.04e+04;3.89e+03;1.02e+04; 53%; 19%; 52%;1.04e+04;6.66e+03;3.15e+03; 53%; 33%; 16%;4.85e+03;6.15e+03;4.93e+03; 24%; 31%; 25%;100;0.000539;0;0;0;0;0;0;0;100;0.00118;0;0;0;0;0;0;0;100;0.000458;0;0;0;0;0;0;0;0.221;1.66;0.00704;98.1;0;83.7;0;0;0;89.9;103;95.2;55.2;23.7 ;34.1 ;25.4 ;23.5 ;
2017-09-04;06:48:27.947;0.342;0.737;0.464;0.619;608;676;0.1;0.205;0.00519;0.00577;50.9;43.7;1.17e+05;1.59e+05;2.14e+03;1.47;36.9;0.685;17.1;8.12e+04;75;0.436;0.0017;24.5;0;20.6;0;0;0;344;107;0.417;0.673;0.619;0.619;180;200;0.0976;0.206;0.00505;0.0056; 54480;3242;12497;10.6;8.18;40;0.539;0.872;0.618;0.619;249;277;0.0999;0.204;0.00539;0.00599; 47280;11123;14402;19.1;17.6;38;0.413;0.667;0.619;0.619;179;198;0.0974;0.207;0.00507;0.00561; 51360;3798;14206;10.6;8.29;41;0.000662;0.534;0.00124;0.597;0.042;1.22;0.966;0.0692;0.000741;0.0216; 50320;0;0;10.5;9.61;48;1.03e+04;6.71e+03;3.22e+03; 52%; 34%; 16%;1.04e+04;3.9e+03;1.03e+04; 53%; 19%; 52%;1.04e+04;6.71e+03;3.18e+03; 53%; 34%; 16%;4.91e+03;6.17e+03;4.97e+03; 25%; 31%; 25%;100;0.00102;0;0;0;0;0;0;0;99.8;0.179;0;0;0;0;0;0;0;100;0.00141;0;0;0;0;0;0;0;0.208;1.56;0.0068;98.2;0;82.4;0;0;0;90.1;103;95.7;55.2;23.9 ;34.1 ;25.3 ;23.5 ;
2017-09-04;06:48:28.962;0.374;1.01;0.37;0.619;592;662;0.105;0.243;0.00464;0.00518;47.8;42.4;1.28e+05;1.26e+05;2.14e+03;2.02;50.6;0.748;18.7;8.19e+04;59.7;4.97;0.00146;35.3;0;26.5;0;0;0;347;104;0.542;0.879;0.616;0.619;242;266;0.0933;0.204;0.00522;0.00576; 51120;4247;16267;10.3;7.44;39;0.401;1.52;0.263;0.619;114;133;0.143;0.351;0.00335;0.0039; 50400;3615;6655;17.1;18.1;40;0.554;0.926;0.598;0.619;236;262;0.0973;0.217;0.005;0.00554; 48960;4827;17608;10.2;7.54;40;0.000226;0.273;0.000826;0.604;0.0407;0.33;0.877;0.118;0.00211;0.0172; 50240;1;0;10.3;9.35;48;9.05e+03;8.21e+03;3.75e+03; 46%; 42%; 19%;1.08e+04;2.65e+03;1.1e+04; 55%; 13%; 56%;8.95e+03;8.24e+03;3.63e+03; 45%; 42%; 18%;5.87e+03;3.7e+03;6.05e+03; 30%; 18%; 31%;99.6;0.432;0;0;0;0;0;0;0;42.5;15.8;0;41.7;0;18.2;0;0;0;96.6;2.45;0;0.961;0;0;0;0;0;0.137;1.2;0.00583;98.7;0;87.7;0;0;0;97.8;87.9;106;54.8;23.3 ;33.2 ;24.7 ;23 ;
2017-09-04;06:48:29.992;0.143;0.463;0.309;0.619;232;279;0.166;0.328;0.00472;0.00566;21.2;20;4.92e+04;1.06e+05;2.13e+03;0.925;23.1;0.286;7.15;3.21e+04;49.9;6.28;0.00256;43.8;0;12;0;0;0;258;70.4;0.248;0.548;0.451;0.619;89.1;107;0.165;0.337;0.0042;0.00503; 50160;1302;7850;2.8;2.41;42;0.0752;0.212;0.354;0.619;66;77.3;0.147;0.194;0.0102;0.012; 53280;7074;2362;12.9;12.3;40;0.249;0.579;0.431;0.619;77.2;93.9;0.178;0.402;0.00359;0.00437; 51440;1339;8275;2.75;2.42;43;0.000491;0.378;0.0013;0.607;0.062;0.82;0.924;0.0797;0.00146;0.0194; 50160;0;3;2.7;2.95;48;4.45e+03;2.18e+03;1.06e+03; 22%; 11%;  5%;5.6e+03;1.01e+03;5.9e+03; 28%;  5%; 30%;4.27e+03;2.31e+03;987; 21%; 11%;  5%;1.41e+03;1.24e+03;1.63e+03;  7%;  6%;  8%;72.9;6.36;0;20.7;0;0;0;0;0;57.2;5.19;0;37.6;0;0;0;0;0;69.6;10.2;0;20.2;0;2.61;0;0;0;0.214;3.4;0.0102;96.4;0;45.4;0;0;0;70.3;67.9;73.9;46.2;14.1 ;27.1 ;15.5 ;13.6 ;
2017-09-04;06:48:31.018;0.0787;0.169;0.465;0.619;264;316;0.165;0.192;0.0097;0.0116;26.4;25;2.72e+04;1.61e+05;2.16e+03;0.339;8.47;0.157;3.94;3.82e+04;75.1;0.573;0.00351;24.3;0;19;0;0;0;295;77.9;0.0967;0.156;0.619;0.619;75;90.5;0.171;0.207;0.00897;0.0108; 47920;921;9566;2.38;2.29;41;0.123;0.198;0.619;0.619;115;136;0.155;0.17;0.0108;0.0128; 50800;12418;4074;19.3;17.8;40;0.0944;0.152;0.619;0.619;73.8;88.1;0.163;0.208;0.00906;0.0108; 53120;881;9869;2.37;2.31;43;0.000754;0.521;0.00145;0.602;0.0414;1.38;0.97;0.0674;0.000636;0.0212; 50160;1;0;2.33;2.66;49;6.14e+03;1.53e+03;760; 31%;  7%;  3%;7.99e+03;1.45e+03;7.93e+03; 40%;  7%; 40%;6.21e+03;1.53e+03;729; 31%;  7%;  3%;1.01e+03;1.86e+03;1.05e+03;  5%;  9%;  5%;100;4.68e-05;0;0;0;0;0;0;0;100;0.000181;0;0;0;0;0;0;0;100;8.88e-05;0;0;0;0;0;0;0;0.24;2.3;0.0141;97.5;0;75.9;0;0;0;75.7;88;80;51.5;14.3 ;34.2 ;15.6 ;13.8 ;
2017-09-04;06:48:32.046;0.0768;0.165;0.465;0.619;261;312;0.163;0.185;0.00984;0.0118;26.3;25;2.65e+04;1.6e+05;2.15e+03;0.331;8.27;0.154;3.84;3.8e+04;75;0.824;0.00303;24.1;0;18.4;0;0;0;296;77.7;0.0955;0.154;0.619;0.619;74.7;89.9;0.169;0.204;0.00908;0.0109; 55840;937;9504;2.37;2.28;42;0.124;0.2;0.619;0.619;114;133;0.149;0.172;0.0106;0.0125; 48160;12398;3992;19.4;17.8;40;0.0873;0.141;0.619;0.619;72.4;86.9;0.166;0.187;0.00962;0.0115; 49280;847;9849;2.32;2.27;43;0.000737;0.535;0.00138;0.599;0.041;1.34;0.969;0.0676;0.000645;0.0211; 50080;0;0;2.26;2.59;49;6.19e+03;1.49e+03;751; 31%;  7%;  3%;7.95e+03;1.42e+03;7.95e+03; 40%;  7%; 40%;6.18e+03;1.51e+03;709; 31%;  7%;  3%;976;1.81e+03;1.04e+03;  4%;  9%;  5%;100;0.000617;0;0;0;0;0;0;0;100;0.00295;0;0;0;0;0;0;0;100;0.00171;0;0;0;0;0;0;0;0.23;3.29;0.0121;96.5;0;73.5;0;0;0;75.9;88.3;79.8;51.7;14.3 ;34.3 ;15.5 ;13.6 ;
2017-09-04;06:48:33.073;0.0773;0.166;0.465;0.619;262;313;0.163;0.189;0.00982;0.0117;26.4;25;2.67e+04;1.6e+05;2.16e+03;0.333;8.32;0.155;3.87;3.82e+04;75.1;0.546;0.00266;24.4;0;17.5;0;0;0;295;77.9;0.097;0.157;0.619;0.619;74.6;89.7;0.169;0.206;0.00891;0.0107; 48480;919;9569;2.36;2.28;42;0.122;0.198;0.619;0.619;114;135;0.156;0.168;0.0108;0.0128; 48800;12298;4097;19.3;17.8;39;0.0893;0.144;0.619;0.619;73.3;86.7;0.155;0.203;0.00951;0.0113; 53200;847;9845;2.35;2.3;43;0.00072;0.521;0.00138;0.604;0.0416;1.28;0.967;0.0686;0.000669;0.0206; 50240;0;1;2.32;2.65;49;6.15e+03;1.51e+03;755; 31%;  7%;  3%;8.01e+03;1.45e+03;7.92e+03; 40%;  7%; 40%;6.24e+03;1.52e+03;722; 31%;  7%;  3%;990;1.87e+03;1.04e+03;  5%;  9%;  5%;100;0.00048;0;0;0;0;0;0;0;100;8.82e-05;0;0;0;0;0;0;0;100;0.00036;0;0;0;0;0;0;0;0.229;2.19;0.0106;97.6;0;70.2;0;0;0;75.8;88.2;79.9;51.5;14.2 ;34.4 ;15.6 ;13.7 ;
2017-09-04;06:48:34.102;0.0764;0.164;0.465;0.619;260;310;0.161;0.185;0.00984;0.0117;26.3;24.9;2.64e+04;1.61e+05;2.16e+03;0.329;8.22;0.153;3.82;3.8e+04;75.1;0.934;0.00174;24;0;17.9;0;0;0;296;77.8;0.0932;0.151;0.619;0.619;73.6;88.1;0.165;0.201;0.00915;0.011; 54720;923;9532;2.36;2.28;42;0.121;0.195;0.619;0.619;113;133;0.151;0.163;0.0108;0.0127; 49040;12369;3966;19.4;17.8;40;0.0905;0.146;0.619;0.619;73.1;87;0.16;0.201;0.00935;0.0111; 53200;870;9883;2.33;2.27;44;0.00103;0.659;0.00156;0.606;0.0422;1.49;0.972;0.0779;0.000475;0.0167; 50080;0;1;2.24;2.57;49;6.16e+03;1.5e+03;739; 31%;  7%;  3%;7.99e+03;1.42e+03;7.96e+03; 40%;  7%; 40%;6.2e+03;1.52e+03;704; 31%;  7%;  3%;968;1.8e+03;1.02e+03;  4%;  9%;  5%;100;0.00135;0;0;0;0;0;0;0;100;0.00367;0;0;0;0;0;0;0;100;0.000668;0;0;0;0;0;0;0;0.258;3.73;0.00695;96;0;71.6;0;0;0;76.1;88.3;80.2;51.7;14.3 ;34.3 ;15.6 ;13.6 ;
2017-09-04;06:48:35.130;0.0764;0.165;0.463;0.619;261;314;0.168;0.182;0.00987;0.0119;26.4;25;2.64e+04;1.6e+05;2.16e+03;0.33;8.26;0.153;3.82;3.82e+04;74.8;1.4;0.00131;23.8;0;17.3;0;0;0;296;78;0.0947;0.155;0.612;0.619;74.4;90.9;0.182;0.2;0.00908;0.0111; 50400;928;9516;2.38;2.29;42;0.122;0.197;0.619;0.619;113;135;0.159;0.161;0.0108;0.0128; 49200;12339;4047;19.3;17.8;40;0.0887;0.143;0.619;0.619;73.1;87.1;0.161;0.196;0.00953;0.0114; 50720;861;9846;2.34;2.28;43;0.000507;0.434;0.00117;0.606;0.0408;0.85;0.952;0.0767;0.000932;0.0194; 49920;0;2;2.32;2.63;49;6.2e+03;1.49e+03;756; 31%;  7%;  3%;8e+03;1.44e+03;7.93e+03; 40%;  7%; 40%;6.22e+03;1.5e+03;718; 31%;  7%;  3%;989;1.86e+03;1.05e+03;  5%;  9%;  5%;98.8;1.2;0;0;0;0;0;0;0;100;0.000652;0;0;0;0;0;0;0;100;0.00104;0;0;0;0;0;0;0;0.193;4.39;0.00525;95.4;0;69.1;0;0;0;76.2;88.3;79.9;51.8;14.2 ;34.4 ;15.5 ;13.8 ;
2017-09-04;06:48:36.160;0.08;0.174;0.461;0.619;264;315;0.161;0.199;0.00955;0.0114;26.4;25.1;2.77e+04;1.59e+05;2.16e+03;0.347;8.68;0.16;4;3.81e+04;74.5;1.48;0.00137;24.1;0;16.6;0;0;0;297;78.1;0.0984;0.163;0.605;0.619;75.3;89.7;0.16;0.223;0.00887;0.0106; 51600;899;9500;2.37;2.3;42;0.126;0.204;0.619;0.619;115;136;0.15;0.179;0.0106;0.0124; 49280;12421;4069;19.4;17.9;40;0.0948;0.153;0.619;0.619;73.3;88.9;0.175;0.203;0.00895;0.0108; 53120;877;9874;2.34;2.29;43;0.00047;0.414;0.00113;0.61;0.0525;0.752;0.93;0.0813;0.00129;0.0185; 49840;2;1;2.3;2.63;49;6.24e+03;1.5e+03;741; 31%;  7%;  3%;7.95e+03;1.44e+03;7.95e+03; 40%;  7%; 40%;6.16e+03;1.5e+03;723; 31%;  7%;  3%;1e+03;1.83e+03;1.02e+03;  5%;  9%;  5%;97.7;2.32;0;0;0;0;0;0;0;100;0.0028;0;0;0;0;0;0;0;100;0.000527;0;0;0;0;0;0;0;0.186;3.61;0.00546;96.2;0;66.5;0;0;0;76.4;88.5;80.3;51.7;14.3 ;34.4 ;15.6 ;13.8 ;
2017-09-04;06:48:37.187;0.0773;0.168;0.461;0.619;262;311;0.159;0.192;0.00979;0.0116;26.3;25;2.67e+04;1.59e+05;2.16e+03;0.335;8.38;0.155;3.87;3.81e+04;74.5;1.53;0.00119;24;0;16.3;0;0;0;296;77.9;0.1;0.166;0.605;0.619;75.3;89.8;0.162;0.227;0.00867;0.0103; 48480;913;9508;2.36;2.27;42;0.126;0.203;0.619;0.619;115;135;0.155;0.173;0.0105;0.0125; 48000;12328;4093;19.3;17.8;40;0.0824;0.133;0.619;0.619;71.6;85.1;0.158;0.184;0.0101;0.012; 52160;841;9808;2.35;2.3;43;0.000454;0.401;0.00113;0.608;0.0495;0.736;0.933;0.0809;0.00126;0.0188; 50080;0;1;2.31;2.63;49;6.22e+03;1.49e+03;755; 31%;  7%;  3%;7.97e+03;1.44e+03;7.93e+03; 40%;  7%; 40%;6.22e+03;1.51e+03;705; 31%;  7%;  3%;968;1.86e+03;1.06e+03;  4%;  9%;  5%;97.7;2.3;0;0;0;0;0;0;0;100;0;0;0;0;0;0;0;0;100;0.00151;0;0;0;0;0;0;0;0.186;3.82;0.00475;96;0;65.3;0;0;0;76.2;88.3;79.7;51.6;14.2 ;34.4 ;15.7 ;13.7 ;
2017-09-04;06:48:38.216;0.0784;0.17;0.461;0.619;262;313;0.162;0.196;0.0097;0.0116;26.3;25;2.7e+04;1.59e+05;2.16e+03;0.34;8.5;0.157;3.92;3.8e+04;74.5;1.41;0.00173;24.1;0;19.3;0;0;0;296;77.6;0.0991;0.164;0.605;0.619;75.3;90.6;0.169;0.226;0.00881;0.0106; 55840;974;9588;2.34;2.27;42;0.122;0.197;0.619;0.619;114;134;0.152;0.168;0.0108;0.0127; 49840;12299;3996;19.3;17.9;39;0.0921;0.149;0.619;0.619;73.4;88;0.165;0.206;0.00923;0.0111; 50480;870;9834;2.34;2.28;43;0.000382;0.352;0.00108;0.607;0.0583;0.607;0.904;0.0864;0.00177;0.0184; 50080;0;5;2.28;2.6;49;6.19e+03;1.49e+03;752; 31%;  7%;  3%;7.97e+03;1.42e+03;7.92e+03; 40%;  7%; 40%;6.19e+03;1.51e+03;708; 31%;  7%;  3%;976;1.81e+03;1.05e+03;  4%;  9%;  5%;97.8;2.23;0;0;0;0;0;0;0;100;0.00269;0;0;0;0;0;0;0;100;0.00149;0;0;0;0;0;0;0;0.179;3.41;0.00692;96.4;0;77.3;0;0;0;76.3;88.3;80.2;51.7;14.3 ;34.1 ;15.6 ;13.6 ;
2017-09-04;06:48:39.247;0.0773;0.168;0.461;0.619;261;310;0.158;0.194;0.00975;0.0116;26.4;25.1;2.68e+04;1.6e+05;2.16e+03;0.336;8.39;0.155;3.87;3.82e+04;74.4;2.48;0.00178;23.1;0;15.2;0;0;0;297;78;0.0994;0.164;0.605;0.619;75.3;89.8;0.161;0.228;0.00875;0.0104; 51440;1002;9615;2.35;2.27;42;0.12;0.193;0.619;0.619;112;132;0.152;0.16;0.0108;0.0128; 53040;12326;4000;19.4;17.9;39;0.0901;0.146;0.619;0.619;73.5;87.3;0.158;0.207;0.00943;0.0112; 51840;874;9906;2.34;2.27;43;0.00034;0.336;0.00101;0.608;0.0488;0.494;0.901;0.0954;0.00166;0.0168; 49920;1;2;2.31;2.62;48;6.23e+03;1.5e+03;757; 31%;  7%;  3%;7.99e+03;1.42e+03;7.95e+03; 40%;  7%; 40%;6.21e+03;1.51e+03;721; 31%;  7%;  3%;995;1.82e+03;1.06e+03;  5%;  9%;  5%;97.7;2.34;0;0;0;0;0;0;0;100;0.00203;0;0;0;0;0;0;0;100;0.00162;0;0;0;0;0;0;0;0.167;7.59;0.00712;92.2;0;60.8;0;0;0;76.5;88.4;80.1;52.1;14.3 ;34.5 ;15.5 ;13.7 ;
2017-09-04;06:48:40.273;0.0777;0.169;0.461;0.619;263;315;0.164;0.196;0.0098;0.0117;26.3;25;2.69e+04;1.59e+05;2.16e+03;0.337;8.43;0.155;3.89;3.8e+04;74.5;2.32;0.00223;23.2;0;12.8;0;0;0;296;77.6;0.0985;0.163;0.604;0.619;75.2;89.8;0.162;0.226;0.00884;0.0105; 48160;994;9545;2.36;2.28;42;0.122;0.197;0.619;0.619;114;135;0.156;0.17;0.0109;0.0129; 42960;12335;4026;19.3;17.9;39;0.09;0.145;0.619;0.619;73.6;88.4;0.167;0.203;0.00948;0.0114; 52800;886;9832;2.36;2.3;44;0.000644;0.5;0.00129;0.603;0.0571;1.13;0.95;0.0704;0.00103;0.0204; 50000;1;1;2.28;2.61;48;6.21e+03;1.51e+03;745; 31%;  7%;  3%;7.95e+03;1.42e+03;7.9e+03; 40%;  7%; 39%;6.2e+03;1.53e+03;706; 31%;  7%;  3%;976;1.82e+03;1.04e+03;  4%;  9%;  5%;97.6;2.43;0;0;0;0;0;0;0;100;0.00201;0;0;0;0;0;0;0;100;0;0;0;0;0;0;0;0;0.214;6.86;0.00892;92.9;0;51.4;0;0;0;76.2;88.2;79.9;51.9;14.2 ;34.2 ;15.5 ;13.7 ;
2017-09-04;06:48:41.302;0.077;0.167;0.461;0.619;261;309;0.157;0.192;0.00979;0.0116;26.3;25;2.66e+04;1.59e+05;2.16e+03;0.334;8.36;0.154;3.85;3.79e+04;74.5;2.78;0.00171;22.8;0;13.3;0;0;0;297;77.7;0.0995;0.165;0.605;0.619;75.5;89.8;0.16;0.227;0.00879;0.0105; 51760;1034;9379;2.36;2.27;42;0.12;0.195;0.619;0.619;112;132;0.149;0.165;0.0108;0.0127; 50080;12317;3991;19.3;17.9;39;0.0878;0.142;0.619;0.619;72.8;86.6;0.16;0.197;0.0096;0.0114; 55200;860;9829;2.29;2.24;44;0.000499;0.427;0.00117;0.609;0.0498;0.81;0.939;0.0792;0.00116;0.0188; 50160;1;0;2.28;2.6;49;6.21e+03;1.48e+03;747; 31%;  7%;  3%;7.95e+03;1.41e+03;7.93e+03; 40%;  7%; 40%;6.19e+03;1.47e+03;717; 31%;  7%;  3%;987;1.81e+03;1.03e+03;  5%;  9%;  5%;97.7;2.32;0;0;0;0;0;0;0;100;0.00188;0;0;0;0;0;0;0;100;0.00147;0;0;0;0;0;0;0;0.192;8.78;0.00684;91;0;53.2;0;0;0;76.3;88.3;79.9;52.1;14.2 ;34.4 ;15.4 ;13.7 ;
2017-09-04;06:48:42.330;0.0791;0.172;0.459;0.619;263;314;0.161;0.198;0.00963;0.0115;26.4;25.1;2.73e+04;1.59e+05;2.16e+03;0.344;8.61;0.158;3.96;3.82e+04;74.2;1.72;0.00251;24.1;0;18.9;0;0;0;296;78.4;0.1;0.166;0.605;0.619;75.5;90;0.161;0.231;0.0087;0.0104; 48000;1053;9477;2.36;2.28;42;0.129;0.21;0.612;0.619;115;137;0.158;0.181;0.0103;0.0123; 48400;12315;4103;19.3;17.9;40;0.0866;0.14;0.619;0.619;72.4;86.2;0.161;0.191;0.00967;0.0115; 52400;842;9825;2.36;2.31;44;0.000411;0.369;0.00111;0.612;0.0539;0.657;0.918;0.0848;0.00152;0.0185; 50160;0;2;2.33;2.65;49;6.24e+03;1.49e+03;762; 31%;  7%;  3%;7.99e+03;1.45e+03;7.96e+03; 40%;  7%; 40%;6.21e+03;1.51e+03;717; 31%;  7%;  3%;988;1.86e+03;1.06e+03;  5%;  9%;  5%;97.7;2.34;0;0;0;0;0;0;0;98.9;1.06;0;0;0;0;0;0;0;100;0.000714;0;0;0;0;0;0;0;0.182;3.49;0.01;96.3;0;75.6;0;0;0;76.4;88.5;79.8;51.6;14.3 ;34.5 ;15.7 ;13.8 ;
2017-09-04;06:48:43.328;0.0868;0.193;0.449;0.619;260;311;0.162;0.222;0.00893;0.0107;25.6;24.6;2.91e+04;1.51e+05;2.1e+03;0.387;9.67;0.174;4.34;3.74e+04;72.5;4.2;0.0027;23.3;0;13.1;0;0;0;289;76;0.0984;0.162;0.606;0.619;73.1;87.5;0.164;0.225;0.00885;0.0106; 51520;1022;9211;2.34;2.28;42;0.158;0.274;0.576;0.619;116;138;0.157;0.231;0.00875;0.0104; 52880;11878;4212;18.7;17.4;40;0.0906;0.148;0.613;0.619;71.1;85.2;0.165;0.204;0.00934;0.0112; 52240;836;9610;2.34;2.3;44;0.000261;0.268;0.000973;0.612;0.0422;0.333;0.873;0.116;0.00193;0.0152; 50000;1;1;2.27;2.6;49;6.12e+03;1.45e+03;724; 31%;  7%;  3%;7.78e+03;1.44e+03;7.77e+03; 40%;  7%; 40%;6.12e+03;1.47e+03;693; 31%;  7%;  3%;951;1.85e+03;1.01e+03;  4%;  9%;  5%;97.8;2.16;0;0;0;0;0;0;0;93;6.46;0;0.57;0;0;0;0;0;99;1.03;0;0;0;0;0;0;0;0.159;7.13;0.0108;92.7;0;52.6;0;0;0;74.1;86.5;77.7;50.5;14 ;33.3 ;15.3 ;13.5 ;
2017-09-04;06:48:44.353;0.0973;0.221;0.441;0.619;276;329;0.162;0.251;0.00824;0.00983;26.5;25.6;3.35e+04;1.52e+05;2.16e+03;0.442;11;0.195;4.87;3.89e+04;71.2;5.21;0.00241;23.6;0;12.4;0;0;0;298;78.3;0.103;0.169;0.606;0.619;76.3;91.7;0.168;0.232;0.00863;0.0104; 55360;1094;9505;2.5;2.44;42;0.193;0.35;0.551;0.619;127;151;0.16;0.281;0.00765;0.00911; 54560;12163;4634;19.1;17.9;39;0.0932;0.154;0.604;0.619;72.6;86;0.156;0.217;0.00905;0.0107; 51360;803;9902;2.46;2.45;43;0.000523;0.48;0.00109;0.614;0.046;0.423;0.891;0.141;0.00102;0.00941; 49920;2;0;2.43;2.78;48;6.34e+03;1.5e+03;772; 32%;  7%;  3%;8.05e+03;1.54e+03;8.01e+03; 40%;  7%; 40%;6.35e+03;1.52e+03;720; 32%;  7%;  3%;981;1.99e+03;1.08e+03;  4%; 10%;  5%;97.9;2.09;0;0;0;0;0;0;0;89.1;10.8;0;0.0807;0;0;0;0;0;97.5;2.48;0;0;0;0;0;0;0;0.177;5.43;0.00964;94.4;0;49.6;0;0;0;76.2;89.9;79.9;51.8;14.5 ;34.2 ;15.8 ;13.9 ;
2017-09-04;06:48:45.373;0.123;0.324;0.38;0.619;272;334;0.185;0.329;0.00644;0.0079;25.4;26.6;4.23e+04;1.31e+05;2.15e+03;0.648;16.2;0.247;6.16;4.44e+04;61.4;8.83;0.00274;29.7;0;11.6;0;0;0;295;78.7;0.112;0.185;0.607;0.619;89.1;106;0.161;0.213;0.00925;0.011; 52400;1119;11163;2.59;2.51;42;0.268;0.856;0.312;0.619;94.2;122;0.227;0.465;0.0041;0.00531; 52160;7012;4214;17.6;18.6;40;0.113;0.188;0.601;0.619;89.1;106;0.158;0.217;0.00919;0.0109; 52160;952;11916;2.6;2.55;44;0.000253;0.26;0.000971;0.613;0.0491;0.32;0.847;0.122;0.00227;0.0148; 50000;0;4;2.58;2.97;49;7.15e+03;1.78e+03;858; 36%;  9%;  4%;9.48e+03;1.58e+03;9.3e+03; 48%;  8%; 47%;7.27e+03;1.79e+03;844; 37%;  9%;  4%;1.17e+03;1.97e+03;1.21e+03;  5%; 10%;  6%;98;1.95;0;0;0;0;0;0;0;50.5;20.2;0;29.3;0;0;0;0;0;97;2.96;0;0;0;0;0;0;0;0.159;10.2;0.011;89.7;0;46.5;0;0;0;76.9;85.3;80.9;51.9;14.6 ;33.9 ;16 ;14.1 ;
2017-09-04;06:48:46.393;0.0821;0.283;0.29;0.619;231;275;0.159;0.263;0.00821;0.00976;22.1;25.4;2.82e+04;9.95e+04;2.14e+03;0.566;14.2;0.164;4.11;4.69e+04;46.9;8.03;0.0033;45.1;0;19.3;0;0;0;279;74.5;0.139;0.233;0.597;0.619;112;131;0.149;0.219;0.00939;0.011; 51360;1301;13843;2.11;1.83;42;0.0175;2.8;0.00624;0.619;1.48;3.22;0.539;0.78;0.00099;0.00215; 51440;56;121;15.9;19.4;40;0.172;0.308;0.557;0.619;118;140;0.157;0.263;0.00801;0.0095; 49120;1297;15046;2.09;1.8;44;0.000294;0.27;0.00109;0.61;0.0552;0.422;0.869;0.108;0.00219;0.0168; 50000;0;1;2.04;2.36;49;7.38e+03;2.12e+03;957; 37%; 10%;  4%;1.07e+04;908;1.05e+04; 54%;  4%; 53%;7.63e+03;2.11e+03;968; 38%; 10%;  4%;1.38e+03;907;1.38e+03;  7%;  4%;  7%;96.4;3.64;0;0;0;0;0;0;0;1.01;16.5;0;82.5;0;0;0;0;0;89.9;10.1;0;0;0;0;0;0;0;0.178;1.88;0.0132;97.9;0;77.4;0;0;0;78.3;66;83.3;51;13.4 ;33.4 ;14.6 ;13.1 ;
2017-09-04;06:48:47.411;0.114;0.431;0.265;0.619;252;304;0.171;0.344;0.00642;0.00775;22.5;26.3;3.92e+04;9.09e+04;2.14e+03;0.862;21.5;0.229;5.72;4.76e+04;42.9;13;0.00228;44.1;0;15.7;0;0;0;283;75.8;0.211;0.395;0.534;0.619;123;147;0.165;0.316;0.00681;0.00815; 58800;1523;13898;2.37;2.08;42;0.0301;2.91;0.0103;0.619;2.47;5.08;0.514;0.771;0.000957;0.00197; 52080;74;218;15.6;19.5;41;0.216;0.419;0.516;0.619;126;151;0.164;0.329;0.00681;0.00815; 53680;1414;15607;2.33;2.06;43;0.000316;0.285;0.00111;0.613;0.0554;0.463;0.88;0.103;0.00205;0.0171; 50080;0;2;2.29;2.68;49;7.34e+03;2.38e+03;1.08e+03; 37%; 12%;  5%;1.06e+04;892;1.02e+04; 54%;  4%; 52%;7.71e+03;2.38e+03;1.07e+03; 39%; 12%;  5%;1.51e+03;892;1.57e+03;  7%;  4%;  7%;86.2;13.6;0;0.245;0;0;0;0;0;1.67;19.5;0;78.8;0;16.1;0;0;0;83.4;15.5;0;1.07;0;0;0;0;0;0.181;3.44;0.00912;96.4;0;46.8;0;0;0;80.3;66.7;84.5;51.2;14 ;33.2 ;15.1 ;13.5 ;
2017-09-04;06:48:48.450;0.164;0.848;0.193;0.619;230;292;0.21;0.461;0.00406;0.00514;21.9;28;5.67e+04;6.69e+04;2.14e+03;1.7;42.4;0.328;8.19;4.4e+04;31.2;18.6;0.0406;50.2;0;23.3;0;0;0;259;75.2;0.274;0.747;0.367;0.619;102;129;0.211;0.445;0.00431;0.00546; 53680;2173;11360;3.96;4.48;40;0.028;0.32;0.0877;0.619;16.3;17.1;0.0434;0.127;0.00673;0.00703; 50960;976;2954;10.1;13.7;41;0.354;1.11;0.318;0.619;112;144;0.222;0.499;0.00366;0.00471; 49280;2411;11926;3.93;4.34;42;0.000497;0.401;0.00124;0.614;0.0604;1.24;0.951;0.0437;0.0014;0.0288; 50160;1;2;3.93;5.48;48;5.87e+03;3.72e+03;1.65e+03; 29%; 18%;  8%;6.99e+03;1.27e+03;7.27e+03; 35%;  6%; 36%;5.84e+03;3.64e+03;1.84e+03; 29%; 18%;  9%;2.38e+03;1.39e+03;2.16e+03; 12%;  7%; 10%;59.2;17.3;0;23.5;0;3.65;0;0;0;14.2;31;0;54.8;0;0;0;0;0;51.4;24.4;0;24.2;0;0.272;0;0;0;0.202;1.68;0.162;98;0;89.1;0;0;0;73.2;60.5;78.3;46.6;16.2 ;25.9 ;17.2 ;15.8 ;
2017-09-04;06:48:49.483;0.0973;0.21;0.464;0.619;293;298;0.0177;0.0132;0.00864;0.0088;43.6;61.5;3.39e+04;1.61e+05;2.18e+03;0.42;10.5;0.195;4.87;8.3e+04;75;0.745;0.00165;24.3;0;19.8;0;0;0;327;113;0.103;0.166;0.619;0.619;77.1;78.4;0.0171;0.0132;0.00861;0.00876; 48800;4898;14109;10.9;15.3;40;0.135;0.219;0.619;0.619;102;103;0.0134;0.0129;0.00868;0.0088; 48800;6186;18633;10.9;14.7;40;0.151;0.244;0.617;0.619;114;115;0.0127;0.013;0.00866;0.00877; 48560;6921;20790;10.9;14.3;42;0.00064;0.492;0.0013;0.604;0.0408;1.13;0.964;0.069;0.000732;0.0203; 50080;0;1;10.9;17.3;48;8.4e+03;8.97e+03;3.58e+03; 42%; 45%; 18%;1e+04;4.6e+03;8.25e+03; 50%; 23%; 41%;9.93e+03;8.67e+03;5.08e+03; 49%; 43%; 25%;5.93e+03;5.38e+03;4.15e+03; 29%; 27%; 20%;99.9;0.0647;0;0;0;0;0;0;0;99.9;0.0714;0;0;0;0;0;0;0;99.7;0.338;0;0;0;0;0;0;0;0.216;2.51;0.00662;97.3;0;79.1;0;0;0;87.5;87.3;96.2;56.4;28.1 ;28.3 ;28.7 ;28 ;
2017-09-04;06:48:50.506;0.108;0.306;0.352;0.619;332;340;0.0243;0.0473;0.00893;0.00916;40.1;54;3.71e+04;1.21e+05;2.17e+03;0.612;15.3;0.215;5.38;7.48e+04;56.8;3.06;0.00224;40.1;0;32.4;0;0;0;302;106;0.169;0.291;0.58;0.619;142;144;0.0182;0.0362;0.00972;0.0099; 48240;6610;19835;9.77;11.9;40;0.144;0.32;0.448;0.619;105;108;0.0256;0.0565;0.00852;0.00874; 57680;5385;14794;10.7;13.9;40;0.117;0.312;0.375;0.619;84.3;86.4;0.0249;0.0539;0.00834;0.00855; 50800;4187;12779;9.88;13.3;42;0.000471;0.379;0.00124;0.605;0.0484;0.754;0.936;0.0786;0.00119;0.0186; 50080;0;2;9.73;14.9;49;8.92e+03;8.02e+03;4.73e+03; 45%; 40%; 24%;7.35e+03;3.73e+03;9.12e+03; 37%; 18%; 46%;7.44e+03;8.33e+03;3.19e+03; 37%; 42%; 16%;3.81e+03;4.48e+03;5.65e+03; 19%; 22%; 28%;93.8;2.1;0;4.14;0;0;0;0;0;72.4;3.3;0;24.3;0;12.1;0;0;0;60.7;5.65;0.00166;33.7;0;29;0;0;0;0.205;1.19;0.00731;98.6;0;88.8;0;0;0;86.4;79.5;81.2;54.5;25.2 ;27.6 ;27.4 ;25.7 ;
2017-09-04;06:48:51.522;0.335;0.722;0.464;0.619;583;634;0.0808;0.209;0.00508;0.00553;46.7;37.6;1.15e+05;1.59e+05;2.15e+03;1.44;36.1;0.67;16.7;7.44e+04;75;0.818;0.00241;24.2;0;18.7;0;0;0;335;102;0.419;0.679;0.617;0.619;180;196;0.0795;0.21;0.00503;0.00546; 44320;3928;13964;9.85;6.91;40;0.499;0.806;0.619;0.619;222;241;0.0804;0.21;0.00519;0.00564; 48080;8372;12799;17.3;15.5;39;0.421;0.68;0.619;0.619;181;196;0.0769;0.208;0.00503;0.00545; 57280;3902;15373;9.83;7.02;41;0.000679;0.562;0.00121;0.603;0.0367;1.23;0.97;0.0691;0.000632;0.0212; 50320;0;1;9.74;8.18;48;9.2e+03;6.33e+03;2.98e+03; 47%; 32%; 15%;9.65e+03;3.34e+03;9.38e+03; 49%; 17%; 47%;9.35e+03;6.31e+03;2.92e+03; 47%; 32%; 14%;4.71e+03;5.46e+03;4.76e+03; 24%; 27%; 24%;99.7;0.332;0;0;0;0;0;0;0;100;0.0219;0;0;0;0;0;0;0;100;0.0327;0;0;0;0;0;0;0;0.2;2.89;0.00967;96.9;0;75;0;0;0;89.2;97.7;94.5;53.4;22.8 ;32 ;24.2 ;22.5 ;
2017-09-04;06:48:52.537;0.407;0.876;0.465;0.619;677;739;0.0836;0.219;0.00487;0.00532;53.4;40.3;1.39e+05;1.59e+05;2.13e+03;1.75;43.8;0.814;20.3;8.5e+04;75.1;0.641;0.00213;24.3;0;18.6;0;0;0;362;107;0.509;0.822;0.619;0.619;213;232;0.082;0.217;0.0049;0.00533; 56160;4535;15785;11.7;7.68;39;0.586;0.947;0.619;0.619;245;267;0.0844;0.224;0.00489;0.00534; 51440;8025;13797;18.6;15.7;38;0.532;0.859;0.619;0.619;220;239;0.0797;0.216;0.00484;0.00526; 52240;4415;16344;11.7;7.76;40;0.000662;0.575;0.00115;0.602;0.0346;1.23;0.972;0.0686;0.000612;0.0217; 50080;0;0;11.5;9.13;48;1.02e+04;7.6e+03;3.49e+03; 52%; 38%; 17%;1.07e+04;3.76e+03;1.04e+04; 54%; 19%; 53%;1.02e+04;7.47e+03;3.47e+03; 52%; 38%; 17%;5.79e+03;6.26e+03;5.7e+03; 29%; 32%; 29%;100;0.00235;0;0;0;0;0;0;0;100;0.000983;0;0;0;0;0;0;0;100;0.00149;0;0;0;0;0;0;0;0.191;2.56;0.00854;97.2;0;74.4;0;0;0;97.6;104;106;55.4;24.3 ;32.8 ;25.7 ;23.9 ;
2017-09-04;06:48:53.553;0.418;0.902;0.463;0.619;680;741;0.0823;0.223;0.00477;0.0052;53.2;39.7;1.43e+05;1.58e+05;2.13e+03;1.8;45.1;0.835;20.9;8.44e+04;74.8;1.11;0.00504;24.1;0;18;0;0;0;363;106;0.538;0.869;0.619;0.619;220;239;0.0818;0.224;0.00479;0.00521; 52800;4436;15472;11.7;7.64;39;0.594;0.97;0.612;0.619;243;265;0.0833;0.227;0.00479;0.00523; 55920;7649;13492;18.2;15.2;39;0.537;0.868;0.619;0.619;217;235;0.0776;0.219;0.00473;0.00513; 53520;4436;16249;11.7;7.72;40;0.000797;0.592;0.00135;0.604;0.0793;1.19;0.933;0.117;0.00117;0.0174; 50160;0;6;11.6;9.13;48;9.94e+03;7.57e+03;3.51e+03; 50%; 38%; 17%;1.04e+04;3.75e+03;1.03e+04; 53%; 19%; 52%;1e+04;7.57e+03;3.49e+03; 51%; 38%; 17%;5.77e+03;6.23e+03;5.8e+03; 29%; 31%; 29%;100;0.00683;0;0;0;0;0;0;0;98.9;0.95;0;0.117;0;0;0;0;0;100;0.000517;0;0;0;0;0;0;0;0.223;3.47;0.0202;96.3;0;72.1;0;0;0;98.3;103;106;55.4;24 ;32.4 ;25.6 ;23.9 ;
2017-09-04;06:48:54.575;0.276;1.07;0.258;0.619;366;412;0.111;0.296;0.00387;0.00435;28.3;22.5;9.47e+04;8.85e+04;2.13e+03;2.14;53.5;0.553;13.8;4.67e+04;41.7;10.1;0.00275;48.2;0;30.1;0;0;0;265;77.3;0.449;1.04;0.432;0.619;155;174;0.111;0.298;0.00403;0.00453; 49280;3082;10594;6.38;4.23;41;0.228;1.16;0.197;0.619;66.7;76.1;0.123;0.307;0.00342;0.0039; 49760;1694;3503;9.27;8.58;41;0.428;1.06;0.404;0.619;145;161;0.102;0.289;0.00395;0.0044; 55200;3014;10622;6.36;4.33;42;0.000503;0.471;0.00107;0.605;0.0502;0.406;0.876;0.146;0.00117;0.00942; 49920;2;2;6.33;5.33;49;4.76e+03;4.94e+03;2.23e+03; 24%; 25%; 11%;5.77e+03;1.62e+03;6e+03; 29%;  8%; 30%;4.59e+03;5.01e+03;2.13e+03; 23%; 25%; 10%;3.61e+03;2.27e+03;3.79e+03; 18%; 11%; 19%;69.7;10.9;0;19.3;0;0;0;0;0;31.8;15.7;0;52.5;0;27.2;0;0;0;65.2;12.9;0;21.9;0;0;0;0;0;0.177;0.925;0.011;98.9;0;93.1;0;0;0;76.6;64.7;78.6;44.7;17.9 ;22.5 ;19.2 ;17.8 ;
2017-09-04;06:48:55.591;0.362;0.779;0.465;0.619;610;676;0.0985;0.215;0.00492;0.00546;49.1;40.7;1.24e+05;1.59e+05;2.15e+03;1.56;39;0.724;18.1;7.87e+04;75;0.792;0.00362;24.2;0;17.3;0;0;0;346;104;0.444;0.717;0.619;0.619;187;207;0.0957;0.212;0.00491;0.00543; 50560;3836;14403;10.3;7.62;39;0.542;0.875;0.619;0.619;232;258;0.0992;0.216;0.00501;0.00556; 49200;7442;11840;18.2;16.4;39;0.461;0.746;0.618;0.619;191;211;0.0955;0.215;0.00484;0.00535; 53600;3903;14558;10.3;7.71;41;0.000645;0.537;0.0012;0.603;0.0431;1.17;0.963;0.0699;0.000783;0.0212; 49840;1;0;10.2;8.97;48;9.72e+03;6.76e+03;3.17e+03; 49%; 34%; 16%;1.02e+04;3.58e+03;9.94e+03; 52%; 18%; 50%;9.83e+03;6.71e+03;3.14e+03; 50%; 34%; 16%;4.97e+03;5.73e+03;4.95e+03; 25%; 29%; 25%;100;0.0262;0;0;0;0;0;0;0;100;0.0123;0;0;0;0;0;0;0;99.9;0.127;0;0;0;0;0;0;0;0.199;3.01;0.0145;96.8;0;69.1;0;0;0;91.2;101;99.9;54.4;23.3 ;32.8 ;25 ;23 ;
2017-09-04;06:48:56.606;0.437;0.942;0.465;0.619;688;767;0.103;0.228;0.00461;0.00514;54.5;42.4;1.49e+05;1.58e+05;2.13e+03;1.88;47.1;0.875;21.9;8.68e+04;75;1.28;0.00424;23.7;0;17.1;0;0;0;367;108;0.563;0.909;0.619;0.619;217;242;0.102;0.23;0.00453;0.00505; 48400;4208;14849;11.9;8.28;39;0.631;1.02;0.619;0.619;252;281;0.103;0.23;0.00469;0.00523; 54800;8531;15472;18.9;15.9;38;0.556;0.897;0.619;0.619;218;242;0.0987;0.226;0.0046;0.00511; 53520;4338;15627;11.9;8.36;40;0.000685;0.581;0.00118;0.601;0.0385;1.28;0.97;0.068;0.00066;0.0219; 49920;0;1;11.8;9.82;48;1.02e+04;7.76e+03;3.61e+03; 52%; 39%; 18%;1.08e+04;3.94e+03;1.05e+04; 55%; 20%; 53%;1.05e+04;7.78e+03;3.63e+03; 53%; 39%; 18%;5.85e+03;6.42e+03;5.84e+03; 29%; 32%; 29%;100;0.00171;0;0;0;0;0;0;0;100;0.00097;0;0;0;0;0;0;0;100;0.000569;0;0;0;0;0;0;0;0.196;5.12;0.017;94.7;0;68.4;0;0;0;99.6;105;107;55.8;24.7 ;33 ;26.1 ;24.2 ;
2017-09-04;06:48:57.619;0.469;1.03;0.457;0.619;703;786;0.106;0.24;0.0044;0.00492;54.6;41.8;1.6e+05;1.56e+05;2.13e+03;2.05;51.3;0.937;23.4;8.76e+04;73.8;2.32;0.00394;23.9;0;17;0;0;0;371;108;0.635;1.02;0.619;0.619;233;261;0.105;0.242;0.00431;0.00482; 51360;4989;17049;12.2;8.29;39;0.638;1.09;0.587;0.619;234;263;0.109;0.25;0.0043;0.00483; 46000;6368;11889;18.3;15.2;38;0.601;0.971;0.619;0.619;235;261;0.099;0.229;0.0046;0.0051; 55360;4631;16519;12.1;8.32;40;0.000556;0.516;0.00108;0.604;0.0396;1.02;0.961;0.0729;0.000837;0.0216; 50080;0;2;12.1;9.91;49;9.56e+03;8.1e+03;3.7e+03; 49%; 41%; 19%;1.12e+04;3.87e+03;1.03e+04; 57%; 19%; 52%;1.04e+04;8.22e+03;3.79e+03; 53%; 42%; 19%;6.15e+03;6.19e+03;6.17e+03; 31%; 31%; 31%;100;0.000153;0;0;0;0;0;0;0;94.9;3.94;0;1.19;0;0;0;0;0;100;0.0397;0;0;0;0;0;0;0;0.178;5.32;0.0158;94.5;0;67.9;0;0;0;102;104;109;56.4;24.9 ;32.1 ;26.2 ;24.6 ;
2017-09-04;06:48:58.651;0.166;0.625;0.266;0.619;236;276;0.146;0.284;0.00412;0.00482;20;18.1;5.72e+04;9.14e+04;2.13e+03;1.25;31.3;0.332;8.31;3.15e+04;42.9;5.97;0.00491;51.1;0;31;0;0;0;245;66.7;0.271;0.681;0.398;0.619;91;106;0.143;0.283;0.00392;0.00458; 51680;1638;7526;3.24;2.58;42;0.0993;0.388;0.256;0.619;48;57.3;0.162;0.233;0.00562;0.00671; 52560;4657;1854;10.4;9.92;40;0.295;0.721;0.409;0.619;96.4;111;0.133;0.309;0.00379;0.00438; 50640;1855;8687;3.16;2.48;43;0.000447;0.41;0.00109;0.61;0.0646;0.956;0.932;0.0611;0.00167;0.0248; 50080;2;0;3.16;3.16;49;3.62e+03;2.69e+03;1.15e+03; 18%; 13%;  5%;5.3e+03;971;4.99e+03; 26%;  4%; 25%;3.91e+03;2.65e+03;1.24e+03; 19%; 13%;  6%;1.93e+03;1.15e+03;1.84e+03;  9%;  5%;  9%;64.2;7.02;0.000328;28.7;0;13.4;0;0;0;41.4;4.29;0;54.3;0;26;0;0;0;66.1;11.2;0;22.7;0;0;0;0;0;0.179;1.39;0.0192;98.4;0;84.4;0;0;0;67.7;61.2;72.5;43.9;14.3 ;23.5 ;15.2 ;13.7 ;
2017-09-04;06:48:59.683;0.0759;0.163;0.465;0.619;261;312;0.162;0.186;0.00993;0.0119;26.4;25.1;2.63e+04;1.61e+05;2.17e+03;0.327;8.17;0.152;3.8;3.81e+04;75.1;0.979;0.00622;24;0;15.3;0;0;0;297;78;0.0946;0.153;0.619;0.619;74.9;89.3;0.161;0.208;0.00914;0.0109; 53760;991;9731;2.36;2.27;41;0.119;0.193;0.619;0.619;113;133;0.152;0.161;0.0109;0.0129; 52080;12441;3666;19.4;17.9;40;0.0891;0.144;0.619;0.619;73.6;88.2;0.165;0.199;0.00953;0.0114; 51440;906;9717;2.34;2.28;43;0.00073;0.547;0.00133;0.606;0.0396;1.33;0.97;0.067;0.000626;0.021; 50080;0;1;2.27;2.6;49;6.22e+03;1.51e+03;738; 31%;  7%;  3%;7.99e+03;1.43e+03;7.97e+03; 40%;  7%; 40%;6.19e+03;1.52e+03;717; 31%;  7%;  3%;996;1.83e+03;1.01e+03;  5%;  9%;  5%;100;0.000295;0;0;0;0;0;0;0;100;0.00308;0;0;0;0;0;0;0;100;0.00118;0;0;0;0;0;0;0;0.22;3.91;0.0249;95.8;0;61.3;0;0;0;76.1;88.4;80.3;51.9;14.2 ;34.3 ;15.6 ;13.8 ;
2017-09-04;06:49:00.711;0.0766;0.165;0.465;0.619;262;314;0.165;0.187;0.00988;0.0118;26.3;25;2.65e+04;1.61e+05;2.17e+03;0.33;8.24;0.153;3.83;3.81e+04;75.1;1.05;0.00623;23.9;0;14.8;0;0;0;296;77.8;0.0933;0.151;0.619;0.619;75.3;90.2;0.166;0.21;0.00932;0.0112; 52000;982;9764;2.38;2.29;41;0.122;0.197;0.619;0.619;112;134;0.158;0.161;0.0107;0.0127; 49840;12354;3659;19.3;17.9;39;0.0906;0.146;0.619;0.619;74.3;88.7;0.162;0.203;0.00949;0.0113; 50880;919;9776;2.34;2.27;43;0.000742;0.545;0.00136;0.609;0.0368;1.34;0.973;0.0672;0.000574;0.021; 50080;0;2;2.29;2.62;49;6.23e+03;1.51e+03;751; 31%;  7%;  3%;7.96e+03;1.42e+03;7.96e+03; 40%;  7%; 40%;6.19e+03;1.53e+03;723; 31%;  7%;  3%;995;1.82e+03;1.04e+03;  5%;  9%;  5%;100;0.000205;0;0;0;0;0;0;0;100;0.00135;0;0;0;0;0;0;0;100;0;0;0;0;0;0;0;0;0.223;4.19;0.0249;95.6;0;59.3;0;0;0;75.8;88.2;80.1;51.7;14.2 ;34.2 ;15.6 ;13.8 ;
2017-09-04;06:49:01.736;0.0758;0.163;0.465;0.619;261;312;0.162;0.186;0.00999;0.0119;26.2;24.9;2.61e+04;1.6e+05;2.16e+03;0.326;8.16;0.152;3.79;3.8e+04;75.1;1.48;0.00575;23.4;0;14.3;0;0;0;295;77.7;0.0932;0.151;0.619;0.619;74.9;88.8;0.156;0.211;0.00932;0.011; 53840;988;9624;2.34;2.26;41;0.122;0.198;0.619;0.619;113;135;0.161;0.165;0.0107;0.0128; 48960;12337;3719;19.3;17.8;39;0.0869;0.14;0.619;0.619;73;86.6;0.157;0.195;0.00975;0.0116; 50240;875;9625;2.34;2.29;43;0.000742;0.55;0.00135;0.606;0.0351;1.35;0.974;0.0671;0.000549;0.0211; 50080;0;1;2.28;2.61;49;6.17e+03;1.5e+03;735; 31%;  7%;  3%;7.97e+03;1.42e+03;7.93e+03; 40%;  7%; 40%;6.21e+03;1.5e+03;714; 31%;  7%;  3%;984;1.84e+03;1.01e+03;  4%;  9%;  5%;100;0.000234;0;0;0;0;0;0;0;100;0.000782;0;0;0;0;0;0;0;100;0.00106;0;0;0;0;0;0;0;0.223;5.93;0.023;93.8;0;57.1;0;0;0;75.5;88.1;79.8;51.8;14.3 ;34.1 ;15.6 ;13.7 ;
2017-09-04;06:49:02.764;0.0757;0.163;0.465;0.619;260;310;0.161;0.183;0.00995;0.0119;26.3;24.9;2.61e+04;1.6e+05;2.15e+03;0.326;8.15;0.151;3.79;3.8e+04;75;0.317;0.00307;24.6;0;21.4;0;0;0;295;77.6;0.0951;0.154;0.619;0.619;74.2;88.8;0.164;0.205;0.00905;0.0108; 54240;998;9681;2.36;2.27;42;0.12;0.195;0.619;0.619;113;133;0.153;0.162;0.0108;0.0128; 51520;12379;3661;19.4;17.8;40;0.0865;0.14;0.619;0.619;73;86.7;0.158;0.193;0.00977;0.0116; 52000;899;9700;2.31;2.25;44;0.000766;0.544;0.00141;0.601;0.0378;1.4;0.973;0.0666;0.000572;0.0212; 50080;0;1;2.29;2.62;49;6.16e+03;1.49e+03;753; 31%;  7%;  3%;7.97e+03;1.44e+03;7.95e+03; 40%;  7%; 40%;6.18e+03;1.5e+03;723; 31%;  7%;  3%;991;1.84e+03;1.04e+03;  5%;  9%;  5%;100;8.09e-05;0;0;0;0;0;0;0;100;0.00242;0;0;0;0;0;0;0;100;0.00044;0;0;0;0;0;0;0;0.234;1.26;0.0123;98.5;0;85.6;0;0;0;75.8;88.2;79.9;51.4;14.2 ;34.3 ;15.4 ;13.7 ;
2017-09-04;06:49:03.793;0.0773;0.167;0.463;0.619;260;312;0.167;0.183;0.00973;0.0117;26.3;25;2.67e+04;1.6e+05;2.16e+03;0.334;8.34;0.155;3.87;3.8e+04;74.9;1.64;0.00191;23.5;0;12.9;0;0;0;296;77.8;0.0992;0.161;0.614;0.619;74.4;90.4;0.177;0.206;0.00869;0.0106; 51360;1001;9688;2.37;2.29;42;0.119;0.192;0.619;0.619;112;133;0.156;0.157;0.0109;0.0129; 50320;12374;3602;19.4;17.8;39;0.0904;0.146;0.619;0.619;73.6;88.1;0.165;0.199;0.00942;0.0113; 51840;891;9746;2.33;2.27;43;0.000622;0.49;0.00127;0.604;0.0392;1.07;0.963;0.0733;0.000729;0.0199; 50000;0;1;2.26;2.59;48;6.17e+03;1.51e+03;744; 31%;  7%;  3%;7.99e+03;1.42e+03;7.95e+03; 40%;  7%; 40%;6.2e+03;1.53e+03;718; 31%;  7%;  3%;986;1.81e+03;1.03e+03;  4%;  9%;  5%;99.2;0.758;0;0;0;0;0;0;0;100;0.00211;0;0;0;0;0;0;0;100;0.000898;0;0;0;0;0;0;0;0.21;5.81;0.00765;94;0;51.7;0;0;0;76.2;88.2;80;51.9;14.3 ;34.3 ;15.5 ;13.7 ;
2017-09-04;06:49:04.819;0.0797;0.173;0.461;0.619;263;316;0.169;0.193;0.00954;0.0115;26.4;25.1;2.75e+04;1.59e+05;2.16e+03;0.346;8.64;0.159;3.99;3.82e+04;74.5;1.86;0.00168;23.7;0;12.5;0;0;0;296;78.1;0.101;0.168;0.605;0.619;75.3;90.4;0.168;0.227;0.00861;0.0103; 52160;953;9776;2.36;2.28;42;0.126;0.203;0.619;0.619;114;136;0.161;0.17;0.0105;0.0125; 50320;12359;3759;19.3;17.8;39;0.091;0.147;0.619;0.619;73;88.5;0.176;0.189;0.0093;0.0113; 50160;904;9703;2.38;2.32;44;0.000724;0.556;0.0013;0.605;0.0588;0.841;0.93;0.099;0.000941;0.0135; 50160;0;1;2.33;2.65;49;6.22e+03;1.53e+03;750; 31%;  7%;  3%;7.97e+03;1.44e+03;7.93e+03; 40%;  7%; 40%;6.19e+03;1.54e+03;721; 31%;  7%;  3%;993;1.86e+03;1.05e+03;  5%;  9%;  5%;97.7;2.33;0;0;0;0;0;0;0;100;0.000515;0;0;0;0;0;0;0;100;0.000236;0;0;0;0;0;0;0;0.215;5.11;0.00672;94.7;0;50.2;0;0;0;75.9;88.2;79.9;51.7;14.3 ;34.4 ;15.7 ;13.8 ;
2017-09-04;06:49:05.849;0.0776;0.168;0.461;0.619;260;312;0.166;0.187;0.00972;0.0116;26.3;25;2.68e+04;1.59e+05;2.15e+03;0.337;8.42;0.155;3.88;3.81e+04;74.4;2.42;0.0012;23.1;0;12.8;0;0;0;297;78;0.101;0.166;0.605;0.619;75.6;91.2;0.171;0.222;0.0087;0.0105; 53680;958;9899;2.36;2.27;42;0.118;0.19;0.619;0.619;112;132;0.153;0.156;0.011;0.013; 49680;12371;3609;19.4;17.9;40;0.0916;0.148;0.619;0.619;73.3;88.6;0.173;0.194;0.00926;0.0112; 51280;882;9727;2.31;2.25;44;0.000442;0.388;0.00114;0.607;0.0488;0.697;0.93;0.0868;0.00128;0.0182; 50000;0;4;2.28;2.6;49;6.2e+03;1.51e+03;746; 31%;  7%;  3%;7.97e+03;1.41e+03;7.95e+03; 40%;  7%; 40%;6.18e+03;1.51e+03;726; 31%;  7%;  3%;1e+03;1.8e+03;1.04e+03;  5%;  9%;  5%;97.7;2.32;0;0;0;0;0;0;0;100;0.00336;0;0;0;0;0;0;0;100;0.00325;0;0;0;0;0;0;0;0.188;7.36;0.00481;92.5;0;51;0;0;0;76.3;88.4;80.2;52.2;14.2 ;34.5 ;15.5 ;13.7 ;
2017-09-04;06:49:06.879;0.0765;0.166;0.461;0.619;260;310;0.162;0.187;0.00981;0.0117;26.4;25;2.65e+04;1.6e+05;2.16e+03;0.332;8.29;0.153;3.82;3.81e+04;74.5;0.89;0.0016;24.6;0;22;0;0;0;296;77.9;0.0991;0.164;0.604;0.619;74.6;88.7;0.159;0.227;0.0087;0.0103; 53600;983;9895;2.35;2.26;42;0.117;0.189;0.619;0.619;111;132;0.156;0.152;0.011;0.013; 52480;12431;3641;19.4;17.9;40;0.0893;0.144;0.619;0.619;73.8;88.2;0.164;0.198;0.00955;0.0114; 51520;911;9794;2.34;2.26;44;0.000612;0.461;0.00133;0.604;0.0594;1.1;0.946;0.0726;0.00112;0.0207; 50080;1;2;2.29;2.6;49;6.22e+03;1.5e+03;742; 31%;  7%;  3%;7.98e+03;1.43e+03;7.97e+03; 40%;  7%; 40%;6.2e+03;1.51e+03;720; 31%;  7%;  3%;997;1.84e+03;1.03e+03;  5%;  9%;  5%;97.6;2.38;0;0;0;0;0;0;0;100;0.00149;0;0;0;0;0;0;0;100;0;0;0;0;0;0;0;0;0.22;1.17;0.00641;98.6;0;88;0;0;0;76.4;88.3;80.1;51.5;14.2 ;34.4 ;15.6 ;13.7 ;
2017-09-04;06:49:07.907;0.0791;0.172;0.461;0.619;263;316;0.168;0.192;0.00962;0.0116;26.4;25.1;2.73e+04;1.59e+05;2.16e+03;0.343;8.58;0.158;3.96;3.82e+04;74.5;2.62;0.00371;22.9;0;11;0;0;0;297;78;0.0983;0.163;0.604;0.619;75.2;90.1;0.165;0.224;0.00885;0.0106; 51360;936;9796;2.38;2.29;42;0.124;0.2;0.619;0.619;114;136;0.161;0.168;0.0106;0.0127; 53280;12385;3719;19.3;17.8;40;0.0936;0.151;0.619;0.619;74.1;89.7;0.174;0.197;0.00916;0.0111; 57680;908;9705;2.36;2.29;44;0.000597;0.416;0.00143;0.61;0.0656;1.07;0.939;0.0727;0.00127;0.0208; 49840;0;4;2.33;2.64;49;6.25e+03;1.52e+03;753; 31%;  7%;  3%;7.97e+03;1.43e+03;7.96e+03; 40%;  7%; 40%;6.18e+03;1.52e+03;736; 31%;  7%;  3%;1.02e+03;1.84e+03;1.05e+03;  5%;  9%;  5%;97.6;2.36;0;0;0;0;0;0;0;100;0.000477;0;0;0;0;0;0;0;100;0.00029;0;0;0;0;0;0;0;0.235;8.1;0.0149;91.7;0;43.8;0;0;0;76.3;88.3;80;52.1;14.4 ;34.2 ;15.6 ;13.8 ;
2017-09-04;06:49:08.935;0.0764;0.166;0.461;0.619;260;310;0.159;0.19;0.00986;0.0117;26.2;25;2.64e+04;1.59e+05;2.16e+03;0.332;8.29;0.153;3.82;3.78e+04;74.5;1.44;0.00382;24.1;0;11.7;0;0;0;296;77.7;0.097;0.161;0.605;0.619;74.8;88.8;0.157;0.227;0.00893;0.0106; 53680;858;9623;2.33;2.25;42;0.121;0.195;0.619;0.619;113;133;0.152;0.164;0.0108;0.0127; 51680;12368;3631;19.3;17.9;40;0.0872;0.141;0.619;0.619;72.7;87;0.164;0.191;0.00966;0.0116; 53200;891;9674;2.29;2.24;44;0.000535;0.4;0.00134;0.611;0.0624;0.913;0.932;0.076;0.00135;0.0198; 50000;1;1;2.27;2.59;49;6.21e+03;1.47e+03;740; 31%;  7%;  3%;7.93e+03;1.41e+03;7.93e+03; 40%;  7%; 40%;6.15e+03;1.47e+03;704; 31%;  7%;  3%;979;1.81e+03;1.02e+03;  4%;  9%;  5%;97.7;2.34;0;0;0;0;0;0;0;100;0.00292;0;0;0;0;0;0;0;100;0.000158;0;0;0;0;0;0;0;0.219;3.42;0.0153;96.3;0;46.7;0;0;0;76.1;88.2;79.8;51.5;14.2 ;34.3 ;15.5 ;13.7 ;
2017-09-04;06:49:09.963;0.0763;0.166;0.461;0.619;260;310;0.161;0.188;0.00986;0.0118;26.3;25;2.64e+04;1.59e+05;2.16e+03;0.331;8.28;0.153;3.82;3.8e+04;74.5;0.977;0.00168;24.6;0;21.2;0;0;0;296;77.8;0.0975;0.161;0.605;0.619;74.9;89.6;0.164;0.226;0.00889;0.0106; 48560;864;9612;2.34;2.26;42;0.119;0.192;0.619;0.619;111;132;0.158;0.156;0.0109;0.0129; 50480;12328;3627;19.3;17.9;40;0.0885;0.143;0.619;0.619;73.4;87.2;0.158;0.196;0.00961;0.0114; 53200;902;9638;2.33;2.26;44;0.000384;0.352;0.00109;0.605;0.0551;0.58;0.905;0.0906;0.00166;0.0175; 49920;1;1;2.28;2.6;49;6.22e+03;1.51e+03;738; 31%;  7%;  3%;7.95e+03;1.42e+03;7.94e+03; 40%;  7%; 40%;6.17e+03;1.52e+03;716; 31%;  7%;  3%;985;1.83e+03;1.03e+03;  4%;  9%;  5%;97.7;2.28;0;0;0;0;0;0;0;100;0.00159;0;0;0;0;0;0;0;100;0.00119;0;0;0;0;0;0;0;0.18;1.62;0.0067;98.2;0;84.9;0;0;0;76.4;88.2;79.9;51.4;14.2 ;34.3 ;15.6 ;13.7 ;
2017-09-04;06:49:10.989;0.0781;0.169;0.461;0.619;262;314;0.167;0.19;0.00971;0.0117;26.3;25;2.69e+04;1.59e+05;2.16e+03;0.339;8.47;0.156;3.9;3.81e+04;74.5;1.12;0.00168;24.4;0;20.8;0;0;0;295;77.8;0.0995;0.165;0.605;0.619;75.2;90.9;0.172;0.222;0.00877;0.0106; 51200;872;9555;2.36;2.28;42;0.123;0.199;0.619;0.619;113;135;0.164;0.165;0.0106;0.0127; 52640;12345;3686;19.3;17.8;39;0.089;0.144;0.619;0.619;73;87.2;0.163;0.196;0.00951;0.0114; 53440;877;9731;2.32;2.27;44;0.000404;0.361;0.00112;0.606;0.0502;0.629;0.92;0.0861;0.00144;0.018; 50160;1;1;2.3;2.62;49;6.2e+03;1.5e+03;751; 31%;  7%;  3%;7.97e+03;1.42e+03;7.93e+03; 40%;  7%; 40%;6.19e+03;1.5e+03;722; 31%;  7%;  3%;992;1.83e+03;1.05e+03;  5%;  9%;  5%;97.7;2.34;0;0;0;0;0;0;0;100;0.000136;0;0;0;0;0;0;0;100;0.000904;0;0;0;0;0;0;0;0.185;2.13;0.00671;97.7;0;83.2;0;0;0;76;88.1;79.7;51.4;14.2 ;34.3 ;15.5 ;13.7 ;
2017-09-04;06:49:12.018;0.0801;0.174;0.461;0.619;262;313;0.162;0.197;0.00949;0.0113;26.4;25;2.77e+04;1.59e+05;2.15e+03;0.348;8.69;0.16;4.01;3.81e+04;74.4;1.15;0.00206;24.4;0;19.9;0;0;0;296;78.1;0.101;0.167;0.604;0.619;74.3;89.3;0.168;0.226;0.00856;0.0103; 50400;928;9519;2.38;2.31;42;0.129;0.208;0.619;0.619;115;136;0.153;0.177;0.0103;0.0122; 52720;12421;3744;19.4;17.8;39;0.0903;0.146;0.619;0.619;73.1;87.4;0.164;0.198;0.00937;0.0112; 51120;910;9665;2.33;2.27;44;0.000481;0.411;0.00117;0.608;0.0611;0.788;0.922;0.0807;0.00147;0.019; 50080;0;1;2.3;2.62;49;6.23e+03;1.49e+03;740; 31%;  7%;  3%;7.97e+03;1.45e+03;7.97e+03; 40%;  7%; 40%;6.17e+03;1.49e+03;714; 31%;  7%;  3%;987;1.86e+03;1.03e+03;  5%;  9%;  5%;97.6;2.37;0;0;0;0;0;0;0;99.9;0.0695;0;0;0;0;0;0;0;100;0.00144;0;0;0;0;0;0;0;0.193;2.16;0.00825;97.6;0;79.6;0;0;0;76.4;88.5;80;51.5;14.3 ;34.4 ;15.7 ;13.7 ;
2017-09-04;06:49:13.045;0.0889;0.198;0.449;0.619;270;323;0.164;0.226;0.00878;0.0105;26.5;25.5;3.07e+04;1.55e+05;2.16e+03;0.396;9.91;0.178;4.44;3.88e+04;72.5;3.02;0.00163;24.5;0;20.3;0;0;0;297;78.4;0.0976;0.161;0.605;0.619;75.8;90.2;0.159;0.229;0.00899;0.0107; 49840;963;9607;2.44;2.38;42;0.166;0.291;0.569;0.619;121;144;0.161;0.246;0.00842;0.01; 48000;12170;4144;19.2;17.9;39;0.0917;0.148;0.618;0.619;73.2;88.4;0.172;0.19;0.00924;0.0112; 53120;898;9667;2.45;2.41;44;0.000245;0.267;0.000918;0.611;0.0483;0.308;0.843;0.122;0.00228;0.0146; 50000;0;5;2.4;2.73;49;6.37e+03;1.53e+03;759; 32%;  7%;  3%;8.04e+03;1.52e+03;8.05e+03; 40%;  7%; 40%;6.28e+03;1.55e+03;732; 31%;  7%;  3%;1e+03;1.96e+03;1.06e+03;  5%;  9%;  5%;97.8;2.2;0;0;0;0;0;0;0;92;7.52;0;0.486;0;0;0;0;0;99.8;0.159;0;0;0;0;0;0;0;0.15;2.21;0.00653;97.6;0;81.2;0;0;0;76.3;89.2;79.9;51.5;14.4 ;34.3 ;15.8 ;13.9 ;
2017-09-04;06:49:14.067;0.122;0.288;0.422;0.619;291;351;0.172;0.306;0.00694;0.00838;26.8;26.5;4.19e+04;1.45e+05;2.16e+03;0.576;14.4;0.243;6.08;4.06e+04;68.2;7.15;0.0022;24.6;0;19.4;0;0;0;300;79.6;0.105;0.176;0.598;0.619;77;91.3;0.156;0.243;0.00848;0.01; 52960;1043;9582;2.71;2.71;42;0.279;0.563;0.496;0.619;138;169;0.182;0.369;0.00575;0.00703; 52720;11631;5473;18.8;18.1;39;0.101;0.17;0.593;0.619;75.2;89.9;0.164;0.23;0.00868;0.0104; 52320;947;9993;2.68;2.69;44;0.000523;0.477;0.0011;0.612;0.0561;0.438;0.872;0.139;0.00125;0.00975; 50000;0;1;2.66;3.07;49;6.64e+03;1.55e+03;788; 33%;  7%;  4%;8.24e+03;1.73e+03;8.25e+03; 41%;  8%; 41%;6.64e+03;1.55e+03;772; 33%;  7%;  3%;1.05e+03;2.25e+03;1.09e+03;  5%; 11%;  5%;96.6;3.38;0;0;0;0;0;0;0;80.2;18.6;0;1.21;0;0;0;0;0;95.8;4.17;0;0;0;0;0;0;0;0.179;2.4;0.00882;97.4;0;77.8;0;0;0;76.3;91.9;80;51.4;14.9 ;34.2 ;16.4 ;14.3 ;
2017-09-04;06:49:15.085;0.108;0.366;0.294;0.619;244;296;0.175;0.33;0.00663;0.00804;22.7;26;3.68e+04;1.01e+05;2.15e+03;0.731;18.3;0.215;5.38;4.76e+04;47.5;8.76;0.00228;43.7;0;27.8;0;0;0;283;75.7;0.154;0.268;0.575;0.619;112;132;0.153;0.251;0.00847;0.01; 48160;1461;13517;2.29;2.08;42;0.103;2.21;0.0468;0.619;15.2;24.8;0.386;0.672;0.00172;0.00281; 51200;632;981;15.9;19.3;41;0.172;0.311;0.553;0.619;117;139;0.157;0.267;0.00794;0.00941; 57680;1434;15229;2.26;2.04;44;0.000232;0.261;0.000888;0.61;0.0433;0.297;0.854;0.125;0.00218;0.015; 49840;2;2;2.23;2.62;49;7.49e+03;2.15e+03;982; 38%; 10%;  5%;1.07e+04;1.06e+03;1.04e+04; 54%;  5%; 53%;7.74e+03;2.14e+03;989; 39%; 10%;  5%;1.4e+03;1.12e+03;1.41e+03;  7%;  5%;  7%;92.9;7.11;0;0;0;0;0;0;0;7.57;13;0;79.4;0;35;0;0;0;89.4;10.6;0;0;0;0;0;0;0;0.146;4.3;0.00912;95.5;0;76.2;0;0;0;78.5;70;83.2;51.2;13.9 ;33.3 ;14.9 ;13.6 ;
2017-09-04;06:49:16.101;0.116;0.447;0.26;0.619;251;304;0.174;0.346;0.00632;0.00765;22.5;26.2;3.98e+04;8.89e+04;2.14e+03;0.895;22.4;0.233;5.82;4.75e+04;42;18.2;0.00302;39.8;0;19;0;0;0;284;75.9;0.21;0.395;0.531;0.619;122;146;0.167;0.319;0.00679;0.00815; 47440;1504;13523;2.36;2.08;42;0.0204;2.84;0.00718;0.619;1.68;3.55;0.527;0.787;0.000963;0.00204; 52320;54;148;15.5;19.5;40;0.235;0.469;0.501;0.619;128;154;0.17;0.34;0.00637;0.00768; 54480;1635;15884;2.32;2.03;44;0.000232;0.272;0.000853;0.614;0.0433;0.318;0.864;0.12;0.00219;0.0161; 49840;0;3;2.26;2.65;49;7.35e+03;2.41e+03;1.06e+03; 37%; 12%;  5%;1.06e+04;870;1.02e+04; 54%;  4%; 52%;7.65e+03;2.39e+03;1.1e+03; 39%; 12%;  5%;1.55e+03;870;1.52e+03;  7%;  4%;  7%;85.9;13.8;0;0.326;0;0;0;0;0;1.16;36.3;0;62.6;0;0;0;0;0;80.9;18;0;1.04;0;0;0;0;0;0.139;4.63;0.0121;95.2;0;76;0;0;0;80.2;67.7;84.9;51.2;14 ;33.2 ;15.2 ;13.5 ;
2017-09-04;06:49:17.138;0.16;1.14;0.14;0.619;200;265;0.243;0.535;0.00363;0.0048;16.3;20;5.52e+04;4.85e+04;2.13e+03;2.28;56.9;0.319;7.98;3.34e+04;22.6;20.8;0.0374;56.5;0;22.7;0;0;0;234;65.3;0.273;1.05;0.259;0.619;85.1;114;0.252;0.539;0.00362;0.00484; 42320;1281;7933;2.4;2.43;43;0.0318;1.03;0.0309;0.619;3.6;6.14;0.413;0.754;0.00132;0.00224; 73520;162;448;9.05;12.2;43;0.334;1.24;0.27;0.619;111;144;0.228;0.515;0.00386;0.00499; 27760;1753;15220;2.45;2.31;45;0.000252;0.264;0.000955;0.612;0.046;0.373;0.877;0.107;0.0021;0.017; 50000;2;3;2.39;2.98;50;4.16e+03;2.42e+03;944; 21%; 12%;  4%;7.04e+03;678;5.33e+03; 35%;  3%; 26%;5.53e+03;2.34e+03;1.25e+03; 27%; 11%;  6%;1.71e+03;708;1.34e+03;  8%;  3%;  6%;41.9;18.2;0;39.9;0;17.2;0;0;0;4.99;34.4;0;60.7;0;0;0;0;0;43.7;26.5;0;29.8;0;0;0;0;0;0.156;4.06;0.149;95.6;0;73.2;0;0;0;64.6;54.8;71.1;43.4;13.5 ;24.1 ;14.5 ;13.1 ;
2017-09-04;06:49:18.169;0.113;0.304;0.374;0.619;364;380;0.0407;0.0338;0.00926;0.00965;50.6;73.7;3.93e+04;1.3e+05;2.18e+03;0.607;15.2;0.227;5.67;9.68e+04;60.3;7.83;0.00653;31.8;0;18.9;0;0;0;339;123;0.111;0.408;0.271;0.619;111;114;0.0291;0.0755;0.0116;0.0119; 49120;5038;14939;12.6;18.6;40;0.168;0.271;0.618;0.619;122;124;0.0124;0.0132;0.00841;0.00851; 48720;7681;23125;12.7;17.4;40;0.172;0.287;0.601;0.619;131;132;0.0119;0.0158;0.00875;0.00885; 50480;7912;23572;12.7;17.6;41;0.00283;0.97;0.00292;0.612;0.0896;9.12;0.99;0.0168;0.000366;0.0373; 49840;0;1;12.6;20.1;48;1.01e+04;1.02e+04;3.99e+03; 50%; 51%; 20%;1.18e+04;5.66e+03;9.74e+03; 59%; 28%; 49%;1.18e+04;9.83e+03;5.75e+03; 59%; 49%; 29%;6.7e+03;6.6e+03;4.64e+03; 33%; 33%; 23%;43.8;26.3;0;29.9;0;0.198;0;0;0;99.8;0.058;0;0.103;0;0;0;0;0;97.1;2.93;0;0.000191;0;0;0;0;0;0.477;1.99;0.0262;97.5;0;75.6;0;0;0;85.1;92.9;103;58.6;30.8 ;30.8 ;31.4 ;30.5 ;
2017-09-04;06:49:19.187;0.143;0.412;0.348;0.619;386;401;0.0363;0.0944;0.00782;0.00812;44.8;59;4.94e+04;1.2e+05;2.17e+03;0.823;20.6;0.287;7.17;8.24e+04;56.3;7.38;0.00654;36.3;0;24;0;0;0;316;110;0.181;0.421;0.43;0.619;131;136;0.0359;0.0904;0.0084;0.00871; 45600;5520;17194;10.8;13.9;41;0.229;0.425;0.539;0.619;156;161;0.0331;0.0902;0.0079;0.00817; 49920;7970;20828;12.5;15.2;40;0.163;0.386;0.422;0.619;99.2;103;0.0389;0.106;0.00708;0.00737; 58800;4459;14563;10.7;14.2;43;0.000269;0.264;0.00102;0.611;0.0489;0.343;0.857;0.114;0.00212;0.0148; 49680;1;1;10.7;15.6;49;1.01e+04;7.76e+03;4.11e+03; 51%; 39%; 20%;9.26e+03;4.97e+03;9.94e+03; 47%; 25%; 50%;9.46e+03;7.86e+03;3.47e+03; 48%; 39%; 17%;4.28e+03;6.14e+03;5.05e+03; 21%; 31%; 25%;69.5;15.5;0;14.9;0;6.94;0;0;0;87;4.79;0;8.2;0;0;0;0;0;68.2;4.29;0;27.5;0;21.6;0;0;0;0.167;4.88;0.0262;94.9;0;67.7;0;0;0;85.4;88.9;86.9;54.9;26.8 ;29 ;28.2 ;26.5 ;
2017-09-04;06:49:20.205;0.339;0.729;0.464;0.619;590;641;0.0799;0.21;0.0051;0.00554;47.3;37.8;1.16e+05;1.59e+05;2.14e+03;1.46;36.4;0.677;16.9;7.53e+04;75;1.08;0.00566;23.9;0;14.7;0;0;0;339;102;0.417;0.673;0.619;0.619;181;196;0.0773;0.208;0.00508;0.00551; 56640;3455;14179;9.98;6.95;40;0.514;0.831;0.619;0.619;224;244;0.0793;0.215;0.0051;0.00554; 45600;8066;12352;17.4;15.6;39;0.423;0.683;0.619;0.619;184;200;0.0779;0.207;0.0051;0.00553; 60400;3643;15907;9.95;6.95;41;0.000664;0.574;0.00116;0.606;0.0342;1.21;0.972;0.0692;0.000603;0.0213; 49680;0;1;9.93;8.29;48;9.36e+03;6.44e+03;2.99e+03; 47%; 32%; 15%;9.58e+03;3.36e+03;9.52e+03; 49%; 17%; 48%;9.4e+03;6.36e+03;3.04e+03; 48%; 32%; 15%;4.87e+03;5.57e+03;4.76e+03; 24%; 28%; 24%;100;0.0278;0;0;0;0;0;0;0;100;0.0173;0;0;0;0;0;0;0;100;0.0286;0;0;0;0;0;0;0;0.191;4.23;0.0226;95.6;0;58.8;0;0;0;90.7;99;95.3;54.1;22.9 ;32 ;24.3 ;22.4 ;
2017-09-04;06:49:21.220;0.4;0.862;0.465;0.619;675;737;0.0837;0.218;0.00494;0.00539;53.4;40.4;1.37e+05;1.59e+05;2.14e+03;1.72;43.1;0.801;20;8.43e+04;75.1;1.43;0.00179;23.5;0;14.7;0;0;0;361;107;0.514;0.83;0.619;0.619;212;231;0.0821;0.218;0.00484;0.00528; 47760;4005;15784;11.6;7.66;39;0.585;0.944;0.619;0.619;250;273;0.0834;0.221;0.00502;0.00547; 46240;8617;14039;18.8;15.8;38;0.503;0.812;0.619;0.619;212;231;0.0807;0.213;0.00495;0.00538; 50400;4154;16791;11.5;7.67;41;0.000683;0.584;0.00117;0.606;0.0406;1.29;0.968;0.0675;0.000697;0.0221; 49680;0;2;11.5;9.18;48;1e+04;7.42e+03;3.44e+03; 51%; 38%; 17%;1.05e+04;3.78e+03;1.03e+04; 53%; 19%; 52%;1.02e+04;7.42e+03;3.49e+03; 52%; 38%; 17%;5.7e+03;6.31e+03;5.66e+03; 29%; 32%; 29%;100;0.00606;0;0;0;0;0;0;0;100;0.000573;0;0;0;0;0;0;0;100;0.00685;0;0;0;0;0;0;0;0.193;5.71;0.00715;94.1;0;58.7;0;0;0;97.4;103;104;55.6;24.2 ;32.9 ;25.7 ;23.8 ;
2017-09-04;06:49:22.233;0.422;0.917;0.46;0.619;685;748;0.0834;0.225;0.00476;0.0052;53.2;39.4;1.44e+05;1.57e+05;2.13e+03;1.83;45.9;0.844;21.1;8.43e+04;74.3;1.5;0.00323;24.2;0;18.6;0;0;0;363;106;0.548;0.886;0.619;0.619;222;242;0.08;0.223;0.00476;0.00517; 54960;4139;16353;11.7;7.57;40;0.589;0.979;0.602;0.619;239;261;0.0858;0.231;0.00476;0.00521; 42640;7611;13331;18.3;15.1;38;0.551;0.889;0.619;0.619;224;244;0.0803;0.223;0.00478;0.0052; 61520;4339;17641;11.7;7.59;40;0.000589;0.53;0.00111;0.605;0.0409;1.09;0.963;0.0708;0.000815;0.0217; 49760;0;0;11.6;9.1;49;9.87e+03;7.64e+03;3.51e+03; 50%; 39%; 18%;1.04e+04;3.71e+03;1.04e+04; 53%; 19%; 53%;9.87e+03;7.61e+03;3.53e+03; 50%; 39%; 18%;5.87e+03;6.15e+03;5.83e+03; 30%; 31%; 29%;100;0.00335;0;0;0;0;0;0;0;97.2;2.65;0;0.162;0;0;0;0;0;100;0.00308;0;0;0;0;0;0;0;0.184;3.33;0.0129;96.5;0;74.4;0;0;0;98.5;103;106;55.3;24.1 ;32.2 ;25.5 ;23.8 ;
2017-09-04;06:49:23.251;0.271;1.06;0.255;0.619;374;419;0.108;0.277;0.00404;0.00453;29.1;23.3;9.25e+04;8.71e+04;2.13e+03;2.12;53.1;0.542;13.5;4.83e+04;41.2;9.78;0.00552;49;0;16.7;0;0;0;263;78.3;0.445;1.03;0.432;0.619;158;177;0.104;0.264;0.00418;0.00466; 55120;2835;10486;6.5;4.32;40;0.201;1.2;0.168;0.619;60.5;70;0.136;0.329;0.00353;0.00408; 52560;1420;2545;9.67;9.16;40;0.438;1.04;0.42;0.619;155;172;0.0987;0.267;0.00415;0.0046; 53760;2681;10616;6.48;4.35;42;0.000226;0.257;0.000879;0.608;0.0445;0.278;0.84;0.133;0.00231;0.0144; 49680;0;4;6.46;5.45;49;4.82e+03;5.14e+03;2.26e+03; 24%; 26%; 11%;6.14e+03;1.61e+03;6.21e+03; 31%;  8%; 31%;4.79e+03;5.18e+03;2.25e+03; 24%; 26%; 11%;3.79e+03;2.2e+03;3.87e+03; 19%; 11%; 19%;69.8;9.18;0;21;0;0;0;0;0;27.1;15.3;0;57.6;0;0;0;0;0;67.9;8.85;0;23.2;0;5.08;0;0;0;0.144;5.76;0.0221;94.1;0;61.6;0;0;0;76.3;62.3;79.3;44.8;18 ;23.2 ;19.2 ;17.9 ;
2017-09-04;06:49:24.267;0.348;0.751;0.464;0.619;596;660;0.0966;0.213;0.00501;0.00555;47.9;40.1;1.19e+05;1.58e+05;2.14e+03;1.5;37.6;0.697;17.4;7.72e+04;74.9;1.32;0.00602;23.7;0;13.6;0;0;0;343;103;0.432;0.701;0.616;0.619;183;202;0.094;0.212;0.00496;0.00548; 49200;3666;14460;10.1;7.49;40;0.523;0.844;0.619;0.619;223;247;0.0959;0.217;0.005;0.00554; 50000;8222;12528;17.7;16.2;39;0.438;0.708;0.619;0.619;190;209;0.0926;0.208;0.00509;0.00561; 51760;3442;15638;10.1;7.5;41;0.00106;0.764;0.00138;0.608;0.0485;1.72;0.972;0.0695;0.000538;0.0191; 49680;0;3;10.1;8.93;48;9.43e+03;6.62e+03;3.08e+03; 48%; 33%; 15%;1.01e+04;3.5e+03;9.68e+03; 51%; 17%; 49%;9.73e+03;6.57e+03;3.16e+03; 49%; 33%; 16%;4.94e+03;5.59e+03;4.82e+03; 25%; 28%; 24%;99.5;0.471;0;0;0;0;0;0;0;100;0.02;0;0;0;0;0;0;0;100;0.0314;0;0;0;0;0;0;0;0.227;4.75;0.0241;95;0;54.5;0;0;0;91.2;99.3;98.3;54.1;23.2 ;32.4 ;24.6 ;22.9 ;
2017-09-04;06:49:25.281;0.408;0.879;0.465;0.619;668;740;0.0981;0.221;0.00479;0.00532;53;41.9;1.39e+05;1.59e+05;2.13e+03;1.76;43.9;0.817;20.4;8.44e+04;75.1;1.65;0.00565;23.3;0;13.3;0;0;0;362;107;0.518;0.837;0.619;0.619;209;231;0.0964;0.223;0.00472;0.00522; 50880;3809;15068;11.4;8.02;39;0.602;0.972;0.619;0.619;249;276;0.0973;0.222;0.00485;0.00537; 46720;9300;14856;18.9;16.2;38;0.512;0.827;0.619;0.619;210;232;0.0959;0.219;0.00481;0.00532; 52720;3719;15795;11.4;8.08;40;0.000691;0.579;0.00119;0.606;0.0421;1.3;0.968;0.0674;0.000714;0.0221; 49920;0;1;11.4;9.62;48;1.01e+04;7.35e+03;3.45e+03; 51%; 37%; 17%;1.06e+04;3.91e+03;1.05e+04; 54%; 20%; 53%;1.03e+04;7.36e+03;3.47e+03; 52%; 37%; 17%;5.55e+03;6.31e+03;5.54e+03; 28%; 32%; 28%;100;0.00671;0;0;0;0;0;0;0;100;0.00125;0;0;0;0;0;0;0;100;0;0;0;0;0;0;0;0;0.197;6.6;0.0226;93.2;0;53.2;0;0;0;97.8;104;105;55.6;24.1 ;33.1 ;25.7 ;23.9 ;
2017-09-04;06:49:26.295;0.439;0.953;0.46;0.619;683;761;0.102;0.232;0.00457;0.00509;53.4;40.9;1.49e+05;1.57e+05;2.13e+03;1.91;47.7;0.877;21.9;8.53e+04;74.3;1.51;0.00585;24.2;0;18.7;0;0;0;366;107;0.572;0.923;0.619;0.619;224;249;0.101;0.231;0.00461;0.00512; 53920;4341;16386;11.7;7.99;39;0.616;1.02;0.601;0.619;233;260;0.102;0.24;0.00445;0.00496; 47760;7356;12312;18.4;15.4;38;0.566;0.915;0.619;0.619;226;250;0.099;0.227;0.00468;0.00519; 50640;4257;17543;11.7;7.99;41;0.000613;0.545;0.00112;0.607;0.038;1.15;0.967;0.0707;0.000728;0.0221; 49600;0;2;11.6;9.58;48;9.82e+03;7.79e+03;3.58e+03; 50%; 40%; 18%;1.07e+04;3.76e+03;1.05e+04; 54%; 19%; 53%;9.99e+03;7.78e+03;3.64e+03; 51%; 39%; 18%;5.91e+03;6.07e+03;5.85e+03; 30%; 31%; 30%;100;0.000297;0;0;0;0;0;0;0;97;2.71;0;0.258;0;0;0;0;0;100;0.00185;0;0;0;0;0;0;0;0.185;3.34;0.0234;96.5;0;74.6;0;0;0;99.5;104;107;55.3;24.5 ;32.3 ;25.9 ;24.2 ;
2017-09-04;06:49:27.326;0.206;0.69;0.299;0.619;307;353;0.131;0.274;0.00432;0.00497;25.1;21.8;7.1e+04;1.03e+05;2.13e+03;1.38;34.5;0.413;10.3;4.02e+04;48.3;8.01;0.005;43.7;0;15.3;0;0;0;267;75.1;0.346;0.736;0.47;0.619;125;143;0.129;0.285;0.00421;0.00483; 54640;2353;10492;4.5;3.33;41;0.109;0.456;0.24;0.619;47.1;55.9;0.157;0.259;0.00501;0.00595; 45280;4224;1564;11.8;11.2;40;0.371;0.763;0.486;0.619;135;154;0.122;0.269;0.00422;0.00481; 49440;2396;11345;4.42;3.18;44;0.000233;0.256;0.000911;0.609;0.0494;0.337;0.853;0.113;0.00246;0.0168; 49680;1;0;4.39;4.09;50;4.33e+03;3.83e+03;1.59e+03; 22%; 19%;  8%;6.43e+03;1.19e+03;6.1e+03; 32%;  6%; 30%;4.54e+03;3.72e+03;1.71e+03; 23%; 18%;  8%;2.83e+03;1.37e+03;2.62e+03; 14%;  6%; 13%;75.9;5.72;0;18.4;0;5.77;0;0;0;38.7;13.1;0;48.2;0;0;0;0;0;78.5;8.41;0;13.1;0;0;0;0;0;0.149;4.83;0.0199;95;0;55.2;0;0;0;74.9;65;80.3;46.5;16.3 ;25.8 ;17.3 ;15.7 ;
2017-09-04;06:49:28.355;0.0766;0.165;0.465;0.619;262;312;0.163;0.187;0.00987;0.0118;26.3;25;2.65e+04;1.61e+05;2.16e+03;0.33;8.25;0.153;3.83;3.81e+04;75.1;2.44;0.00439;22.5;0;11.8;0;0;0;296;78;0.0892;0.144;0.619;0.619;72.9;86.7;0.159;0.201;0.00946;0.0112; 51920;816;9755;2.34;2.3;42;0.125;0.203;0.619;0.619;114;136;0.158;0.171;0.0105;0.0125; 46560;12506;3510;19.3;17.9;40;0.0912;0.147;0.619;0.619;74.3;88.7;0.162;0.199;0.00943;0.0113; 51200;942;10013;2.34;2.27;44;0.000735;0.528;0.00139;0.609;0.0459;1.33;0.966;0.0664;0.000723;0.021; 50000;0;1;2.27;2.61;49;6.19e+03;1.51e+03;706; 31%;  7%;  3%;8e+03;1.43e+03;7.94e+03; 40%;  7%; 40%;6.23e+03;1.5e+03;738; 31%;  7%;  3%;1.02e+03;1.84e+03;967;  5%;  9%;  4%;100;0.000393;0;0;0;0;0;0;0;100;0.00119;0;0;0;0;0;0;0;100;0.0221;0;0;0;0;0;0;0;0.229;9.76;0.0176;90;0;47.2;0;0;0;75.5;88.3;80.2;52.1;14.3 ;34.4 ;15.7 ;13.7 ;
2017-09-04;06:49:29.381;0.0767;0.165;0.465;0.619;260;312;0.166;0.185;0.00983;0.0118;26.4;25;2.65e+04;1.6e+05;2.16e+03;0.33;8.25;0.153;3.83;3.81e+04;75.1;2.03;0.00421;22.9;0;11.2;0;0;0;296;77.9;0.0899;0.145;0.619;0.619;72.6;87.2;0.167;0.197;0.00936;0.0112; 52480;802;9762;2.36;2.3;42;0.121;0.195;0.619;0.619;112;133;0.153;0.163;0.0108;0.0127; 49440;12550;3428;19.3;17.8;40;0.095;0.153;0.619;0.619;75.3;90.9;0.172;0.207;0.00918;0.0111; 52800;985;9995;2.37;2.27;44;0.000733;0.539;0.00136;0.609;0.0374;1.31;0.971;0.0688;0.000592;0.0207; 49920;0;1;2.3;2.64;49;6.16e+03;1.53e+03;718; 31%;  7%;  3%;7.97e+03;1.44e+03;7.92e+03; 40%;  7%; 40%;6.21e+03;1.51e+03;750; 31%;  7%;  3%;1.04e+03;1.85e+03;986;  5%;  9%;  4%;100;0;0;0;0;0;0;0;0;100;0.00268;0;0;0;0;0;0;0;100;0;0;0;0;0;0;0;0;0.223;8.14;0.0168;91.6;0;44.7;0;0;0;75.7;88.1;80.1;52;14.3 ;34.4 ;15.6 ;13.7 ;
2017-09-04;06:49:30.408;0.077;0.166;0.465;0.619;261;312;0.164;0.189;0.00983;0.0118;26.3;25;2.66e+04;1.6e+05;2.16e+03;0.331;8.29;0.154;3.85;3.81e+04;75.1;1.1;0.00586;23.8;0;17.8;0;0;0;296;77.6;0.0866;0.14;0.619;0.619;72.8;86;0.154;0.2;0.00975;0.0115; 53680;809;9758;2.38;2.32;42;0.122;0.197;0.619;0.619;113;134;0.156;0.17;0.0108;0.0128; 50240;12472;3460;19.3;17.8;40;0.0985;0.159;0.619;0.619;74.8;90.4;0.173;0.206;0.00881;0.0107; 48720;968;10066;2.34;2.26;44;0.000807;0.514;0.00157;0.607;0.0498;1.46;0.966;0.0687;0.000716;0.021; 49920;0;0;2.29;2.62;49;6.22e+03;1.53e+03;717; 31%;  7%;  3%;7.97e+03;1.43e+03;7.96e+03; 40%;  7%; 40%;6.19e+03;1.49e+03;756; 31%;  7%;  3%;1.05e+03;1.84e+03;983;  5%;  9%;  4%;100;0.00104;0;0;0;0;0;0;0;100;3.22e-05;0;0;0;0;0;0;0;100;0.000913;0;0;0;0;0;0;0;0.259;4.39;0.0235;95.3;0;71.2;0;0;0;75.7;88.1;80.1;51.7;14.3 ;34.3 ;15.5 ;13.6 ;
2017-09-04;06:49:31.438;0.0781;0.168;0.465;0.619;262;313;0.163;0.19;0.0097;0.0116;26.4;25.1;2.7e+04;1.61e+05;2.15e+03;0.336;8.4;0.156;3.9;3.82e+04;75;2.06;0.00542;22.9;0;0.345;0;0;0;297;78.2;0.0853;0.138;0.619;0.619;72.6;85.3;0.149;0.202;0.00986;0.0116; 53280;792;9753;2.34;2.3;42;0.128;0.206;0.619;0.619;114;135;0.157;0.171;0.0104;0.0123; 49200;12535;3516;19.4;17.8;39;0.0985;0.159;0.619;0.619;75;90.7;0.173;0.206;0.0088;0.0106; 54000;986;10034;2.37;2.28;44;0.000827;0.512;0.00161;0.617;0.0474;1.5;0.968;0.067;0.000663;0.021; 50080;0;0;2.3;2.64;49;6.22e+03;1.52e+03;702; 31%;  7%;  3%;8e+03;1.45e+03;7.99e+03; 40%;  7%; 40%;6.19e+03;1.5e+03;752; 31%;  7%;  3%;1.04e+03;1.86e+03;961;  5%;  9%;  4%;100;0.00136;0;0;0;0;0;0;0;100;0.00255;0;0;0;0;0;0;0;100;0.00112;0;0;0;0;0;0;0;0.262;8.25;0.0217;91.5;0;1.38;0;0;0;75.9;88.5;80.4;52.1;14.2 ;34.6 ;15.7 ;13.7 ;
2017-09-04;06:49:32.464;0.0785;0.169;0.463;0.619;261;313;0.167;0.19;0.00963;0.0116;26.3;25;2.71e+04;1.6e+05;2.16e+03;0.339;8.47;0.157;3.92;3.81e+04;74.8;0.581;0.00546;24.6;0;20.6;0;0;0;296;77.8;0.0903;0.146;0.619;0.619;72.9;87.6;0.167;0.2;0.00934;0.0112; 55840;821;9775;2.37;2.32;42;0.124;0.2;0.619;0.619;114;135;0.155;0.17;0.0106;0.0126; 50640;12507;3465;19.3;17.8;40;0.0988;0.161;0.614;0.619;74.4;90.3;0.176;0.209;0.00872;0.0106; 52640;911;10001;2.36;2.28;44;0.000608;0.483;0.00126;0.605;0.0412;1.05;0.961;0.0711;0.000785;0.02; 49920;0;4;2.28;2.61;49;6.18e+03;1.53e+03;718; 31%;  7%;  3%;7.98e+03;1.44e+03;7.94e+03; 40%;  7%; 40%;6.22e+03;1.51e+03;745; 31%;  7%;  3%;1.03e+03;1.84e+03;988;  5%;  9%;  5%;100;0;0;0;0;0;0;0;0;100;0.00143;0;0;0;0;0;0;0;99.1;0.894;0;0;0;0;0;0;0;0.208;1.43;0.0219;98.3;0;82.3;0;0;0;75.9;88.3;80.1;51.3;14.3 ;34.3 ;15.6 ;13.6 ;
2017-09-04;06:49:33.491;0.0778;0.169;0.461;0.619;262;313;0.164;0.193;0.00975;0.0117;26.3;25;2.68e+04;1.59e+05;2.16e+03;0.338;8.44;0.156;3.89;3.8e+04;74.4;1.13;0.0074;24.4;0;20.7;0;0;0;296;77.7;0.0867;0.14;0.619;0.619;72.1;86;0.162;0.194;0.00963;0.0115; 54400;786;9740;2.34;2.29;42;0.125;0.201;0.619;0.619;114;135;0.156;0.17;0.0106;0.0126; 46720;12469;3494;19.3;17.8;40;0.0993;0.164;0.604;0.619;75.3;90.8;0.172;0.224;0.00878;0.0106; 51120;846;9957;2.34;2.26;44;0.000507;0.429;0.00118;0.608;0.0495;0.851;0.942;0.076;0.00113;0.0195; 49680;2;0;2.29;2.62;49;6.18e+03;1.51e+03;700; 31%;  7%;  3%;7.95e+03;1.45e+03;7.93e+03; 40%;  7%; 40%;6.2e+03;1.49e+03;743; 31%;  7%;  3%;1.04e+03;1.85e+03;965;  5%;  9%;  4%;100;0.00112;0;0;0;0;0;0;0;100;0.00245;0;0;0;0;0;0;0;97.6;2.4;0;0;0;0;0;0;0;0.194;2.1;0.0296;97.7;0;82.7;0;0;0;75.7;88.2;80.2;51.4;14.3 ;34.3 ;15.5 ;13.6 ;
2017-09-04;06:49:34.492;0.0792;0.172;0.461;0.619;254;305;0.167;0.192;0.00956;0.0115;25.7;24.3;2.66e+04;1.55e+05;2.1e+03;0.344;8.59;0.158;3.96;3.71e+04;74.5;0.889;0.0058;24.6;0;21.9;0;0;0;288;75.8;0.0931;0.15;0.619;0.619;71.6;86.5;0.173;0.201;0.00916;0.0111; 52320;815;9543;2.32;2.25;42;0.121;0.196;0.619;0.619;110;130;0.158;0.161;0.0107;0.0128; 48240;12197;3342;18.9;17.4;40;0.102;0.168;0.604;0.619;73.1;87.6;0.166;0.226;0.00856;0.0103; 50080;805;9773;2.27;2.19;44;0.000805;0.584;0.00138;0.604;0.0558;0.965;0.942;0.0928;0.000825;0.0143; 49680;0;2;2.22;2.54;49;6e+03;1.49e+03;704; 31%;  7%;  3%;7.78e+03;1.39e+03;7.74e+03; 40%;  7%; 40%;6.04e+03;1.46e+03;732; 31%;  7%;  3%;1.01e+03;1.78e+03;963;  5%;  9%;  5%;100;0.00115;0;0;0;0;0;0;0;100;0.00132;0;0;0;0;0;0;0;97.6;2.36;0;0;0;0;0;0;0;0.228;1.19;0.0232;98.6;0;87.6;0;0;0;74.1;85.9;78.1;50.1;13.9 ;33.5 ;15.2 ;13.2 ;
2017-09-04;06:49:35.524;0.0773;0.168;0.461;0.619;260;311;0.163;0.187;0.00972;0.0116;26.4;25.1;2.68e+04;1.6e+05;2.16e+03;0.336;8.39;0.155;3.87;3.82e+04;74.4;1.07;0.00562;24.5;0;20.2;0;0;0;297;78.1;0.0858;0.139;0.619;0.619;72.6;86;0.157;0.193;0.00977;0.0116; 51520;789;9729;2.34;2.29;42;0.123;0.198;0.619;0.619;113;134;0.157;0.164;0.0106;0.0126; 50560;12535;3508;19.4;17.9;40;0.1;0.166;0.605;0.619;74.8;90.3;0.172;0.214;0.0086;0.0104; 53360;881;9958;2.35;2.27;44;0.000503;0.437;0.00115;0.602;0.0591;0.872;0.932;0.075;0.00136;0.02; 49840;1;1;2.3;2.63;49;6.21e+03;1.51e+03;707; 31%;  7%;  3%;8.02e+03;1.45e+03;7.97e+03; 40%;  7%; 40%;6.24e+03;1.5e+03;750; 31%;  7%;  3%;1.04e+03;1.87e+03;973;  5%;  9%;  4%;100;0.000707;0;0;0;0;0;0;0;100;0.00256;0;0;0;0;0;0;0;97.7;2.35;0;0;0;0;0;0;0;0.191;1.94;0.0224;97.8;0;80.8;0;0;0;76.1;88.6;80.4;51.6;14.3 ;34.6 ;15.6 ;13.7 ;
2017-09-04;06:49:36.553;0.0777;0.169;0.461;0.619;262;314;0.164;0.193;0.00975;0.0117;26.3;25.1;2.69e+04;1.6e+05;2.17e+03;0.337;8.43;0.155;3.88;3.81e+04;74.5;1.02;0.00397;24.5;0;19.7;0;0;0;296;78;0.0875;0.141;0.619;0.619;73.2;86.4;0.153;0.204;0.00965;0.0114; 48720;805;9781;2.35;2.3;42;0.124;0.2;0.619;0.619;113;135;0.162;0.165;0.0106;0.0126; 43680;12493;3452;19.3;17.9;40;0.0989;0.164;0.604;0.619;75.5;91.4;0.174;0.22;0.00882;0.0107; 51440;874;10124;2.37;2.28;44;0.000374;0.354;0.00106;0.606;0.0546;0.57;0.904;0.089;0.00169;0.0176; 49840;0;2;2.28;2.61;49;6.2e+03;1.52e+03;712; 31%;  7%;  3%;7.97e+03;1.43e+03;7.96e+03; 40%;  7%; 40%;6.25e+03;1.5e+03;750; 31%;  7%;  3%;1.05e+03;1.83e+03;977;  5%;  9%;  4%;100;0.00165;0;0;0;0;0;0;0;100;0.00152;0;0;0;0;0;0;0;97.6;2.38;0;0;0;0;0;0;0;0.174;1.69;0.0159;98.1;0;78.8;0;0;0;76;88.4;80.2;51.5;14.3 ;34.4 ;15.6 ;13.7 ;
2017-09-04;06:49:37.581;0.0808;0.175;0.461;0.619;264;315;0.16;0.201;0.00948;0.0113;26.4;25.2;2.79e+04;1.59e+05;2.16e+03;0.351;8.77;0.162;4.04;3.82e+04;74.5;1.22;0.00383;24.3;0;19.1;0;0;0;296;77.9;0.0889;0.144;0.619;0.619;72.8;86.7;0.16;0.2;0.00949;0.0113; 52960;813;9685;2.39;2.35;42;0.131;0.212;0.619;0.619;116;137;0.153;0.183;0.0103;0.0121; 52560;12492;3594;19.3;17.9;40;0.103;0.17;0.605;0.619;75.7;90.8;0.166;0.227;0.00851;0.0102; 53840;827;10097;2.34;2.27;44;0.000409;0.37;0.00111;0.607;0.0561;0.614;0.909;0.0914;0.00159;0.0174; 49920;1;0;2.32;2.65;49;6.21e+03;1.53e+03;713; 31%;  7%;  3%;7.97e+03;1.45e+03;7.94e+03; 40%;  7%; 40%;6.23e+03;1.5e+03;757; 31%;  7%;  3%;1.05e+03;1.86e+03;981;  5%;  9%;  4%;100;0.000542;0;0;0;0;0;0;0;100;0.00145;0;0;0;0;0;0;0;97.7;2.31;0;0;0;0;0;0;0;0.182;2.58;0.0153;97.2;0;76.4;0;0;0;75.9;88.5;80.3;51.6;14.3 ;34.3 ;15.6 ;13.7 ;
2017-09-04;06:49:38.611;0.0778;0.169;0.461;0.619;260;311;0.165;0.189;0.00967;0.0116;26.3;25.1;2.69e+04;1.59e+05;2.16e+03;0.337;8.44;0.156;3.89;3.8e+04;74.5;0.87;0.0019;24.7;0;22.1;0;0;0;296;77.7;0.092;0.149;0.619;0.619;73.5;88.4;0.168;0.204;0.00924;0.0111; 52000;809;9804;2.32;2.27;43;0.123;0.199;0.619;0.619;113;134;0.159;0.161;0.0106;0.0126; 50960;12550;3442;19.3;17.9;40;0.0955;0.158;0.605;0.619;73.9;88.3;0.163;0.216;0.00895;0.0107; 55360;939;9972;2.36;2.28;44;0.000488;0.417;0.00117;0.605;0.0545;0.813;0.933;0.0776;0.00129;0.0193; 49840;0;3;2.26;2.6;49;6.19e+03;1.48e+03;715; 31%;  7%;  3%;7.98e+03;1.43e+03;7.93e+03; 40%;  7%; 40%;6.25e+03;1.5e+03;729; 31%;  7%;  3%;1.01e+03;1.83e+03;981;  5%;  9%;  4%;100;0.000337;0;0;0;0;0;0;0;100;0.00266;0;0;0;0;0;0;0;97.7;2.33;0;0;0;0;0;0;0;0.193;1.15;0.00759;98.6;0;88.6;0;0;0;76.1;88.5;80.1;51.5;14.2 ;34.3 ;15.6 ;13.6 ;
2017-09-04;06:49:39.636;0.0779;0.17;0.46;0.619;263;314;0.165;0.195;0.00977;0.0117;26.2;25;2.69e+04;1.59e+05;2.16e+03;0.339;8.48;0.156;3.9;3.8e+04;74.3;1.73;0.00174;24;0;17.5;0;0;0;295;77.4;0.0915;0.148;0.619;0.619;73.9;88.3;0.164;0.208;0.00935;0.0112; 52240;838;9787;2.36;2.3;42;0.123;0.2;0.613;0.619;113;135;0.161;0.17;0.0107;0.0127; 49600;12392;3456;19.2;17.8;40;0.0968;0.16;0.605;0.619;75.4;90.5;0.167;0.219;0.00903;0.0108; 55120;1034;9951;2.35;2.27;44;0.00051;0.325;0.00157;0.612;0.0492;0.562;0.912;0.0903;0.00112;0.0128; 50000;1;2;2.3;2.62;49;6.19e+03;1.52e+03;711; 31%;  7%;  3%;7.95e+03;1.42e+03;7.93e+03; 40%;  7%; 40%;6.22e+03;1.5e+03;751; 31%;  7%;  3%;1.05e+03;1.84e+03;980;  5%;  9%;  4%;100;0.000909;0;0;0;0;0;0;0;99;0.504;0;0.507;0;0;0;0;0;97.7;2.33;0;0;0;0;0;0;0;0.256;4.08;0.00696;95.7;0;70.1;0;0;0;75.8;88;79.8;51.5;14.2 ;34.2 ;15.5 ;13.5 ;
2017-09-04;06:49:40.664;0.0924;0.207;0.446;0.619;272;323;0.159;0.238;0.00853;0.0101;26.4;25.6;3.19e+04;1.54e+05;2.15e+03;0.414;10.4;0.185;4.62;3.88e+04;72.1;3.8;0.00223;24.1;0;17;0;0;0;298;78.7;0.0852;0.138;0.619;0.619;71.8;85.5;0.16;0.193;0.00978;0.0116; 53040;776;9688;2.44;2.43;42;0.185;0.329;0.562;0.619;125;148;0.158;0.268;0.00784;0.00932; 53280;12205;4137;19.1;18;40;0.0992;0.164;0.604;0.619;75.1;88.8;0.155;0.227;0.00877;0.0104; 51920;1006;9892;2.44;2.4;44;0.000362;0.341;0.00106;0.605;0.0602;0.526;0.886;0.0954;0.00193;0.0169; 49840;1;1;2.4;2.77;49;6.3e+03;1.52e+03;712; 31%;  7%;  3%;8.07e+03;1.56e+03;8e+03; 40%;  7%; 40%;6.38e+03;1.51e+03;747; 32%;  7%;  3%;1.02e+03;2.02e+03;971;  5%; 10%;  4%;100;0.00082;0;0;0;0;0;0;0;90.7;9.25;0;0;0;0;0;0;0;97.5;2.49;0;0;0;0;0;0;0;0.175;3.45;0.00893;96.4;0;68;0;0;0;75.9;90;80.2;51.6;14.5 ;34.4 ;15.8 ;14 ;
2017-09-04;06:49:41.687;0.12;0.279;0.429;0.619;291;351;0.172;0.301;0.00704;0.00851;26.9;26.5;4.13e+04;1.48e+05;2.16e+03;0.559;14;0.24;5.99;4.05e+04;69.3;6.18;0.00168;24.6;0;17;0;0;0;300;79.9;0.098;0.161;0.61;0.619;74.8;89.4;0.163;0.223;0.00885;0.0106; 48720;858;9860;2.69;2.69;42;0.281;0.563;0.5;0.619;140;172;0.182;0.367;0.00579;0.00708; 50160;11544;5362;18.8;18.1;39;0.0995;0.165;0.604;0.619;75.3;89.9;0.162;0.223;0.0088;0.0105; 51680;1024;9969;2.68;2.68;44;0.000228;0.254;0.000897;0.607;0.0391;0.253;0.845;0.137;0.00199;0.0129; 49680;1;0;2.67;3.06;49;6.59e+03;1.54e+03;763; 33%;  7%;  3%;8.27e+03;1.74e+03;8.23e+03; 42%;  8%; 41%;6.67e+03;1.52e+03;783; 33%;  7%;  3%;1.07e+03;2.28e+03;1.04e+03;  5%; 11%;  5%;98.5;1.45;0;0;0;0;0;0;0;80.8;18.6;0;0.677;0;0;0;0;0;97.5;2.48;0;0;0;0;0;0;0;0.148;2.2;0.00671;97.6;0;68.2;0;0;0;76.1;92.2;80;51.4;15 ;34.2 ;16.3 ;14.4 ;
2017-09-04;06:49:42.707;0.107;0.335;0.321;0.619;248;302;0.18;0.318;0.00672;0.0082;23.4;26.2;3.69e+04;1.1e+05;2.15e+03;0.67;16.8;0.215;5.37;4.77e+04;51.8;6.62;0.00286;41.6;0;27.4;0;0;0;285;76;0.126;0.211;0.596;0.619;104;123;0.153;0.212;0.00964;0.0114; 49280;1245;13802;2.36;2.18;42;0.169;1.96;0.0861;0.619;33.4;49.1;0.319;0.594;0.00231;0.0034; 52080;1459;1917;16.3;19.2;41;0.135;0.225;0.599;0.619;110;130;0.151;0.217;0.00951;0.0112; 47200;1513;14134;2.37;2.15;44;0.000251;0.268;0.000936;0.608;0.0474;0.355;0.867;0.11;0.0022;0.0165; 49520;1;1;2.3;2.66;49;7.56e+03;2.03e+03;914; 38%; 10%;  4%;1.07e+04;1.25e+03;1.04e+04; 54%;  6%; 53%;7.82e+03;1.99e+03;942; 39%; 10%;  4%;1.34e+03;1.4e+03;1.31e+03;  6%;  7%;  6%;96.2;3.53;0;0.232;0;0;0;0;0;13.9;18.7;0;67.4;0;18.5;0;0;0;96.7;3.26;0;0;0;0;0;0;0;0.154;1.01;0.0114;98.8;0;91;0;0;0;77.6;74.1;82.2;51;13.9 ;33.3 ;15.3 ;13.5 ;
2017-09-04;06:49:43.725;0.0899;0.311;0.29;0.619;234;280;0.165;0.292;0.0076;0.0091;22.2;25.6;3.08e+04;9.92e+04;2.14e+03;0.621;15.5;0.18;4.5;4.72e+04;46.8;12;0.00276;41.2;0;15.6;0;0;0;281;74.4;0.159;0.279;0.572;0.619;113;134;0.156;0.252;0.00832;0.00985; 53760;1247;14465;2.14;1.92;43;0.039;2.92;0.0134;0.619;3.17;6.94;0.542;0.777;0.00095;0.00208; 51840;96;274;15.9;19.4;41;0.161;0.282;0.573;0.619;117;139;0.153;0.25;0.00851;0.01; 50080;1575;14369;2.13;1.86;44;0.000231;0.258;0.000894;0.608;0.0485;0.292;0.834;0.125;0.00245;0.0148; 49680;0;2;2.06;2.42;49;7.4e+03;2.17e+03;935; 37%; 11%;  4%;1.08e+04;945;1.04e+04; 55%;  4%; 53%;7.66e+03;2.14e+03;982; 39%; 10%;  5%;1.4e+03;946;1.35e+03;  7%;  4%;  6%;92.3;7.64;0;0.0377;0;0;0;0;0;2.16;28;0;69.8;0;0;0;0;0;92.5;6.88;0;0.601;0;0;0;0;0;0.147;5.52;0.011;94.3;0;62.6;0;0;0;78.6;67.9;82.8;51.3;13.6 ;33.2 ;14.6 ;13 ;
2017-09-04;06:49:44.742;0.126;0.494;0.256;0.619;259;315;0.179;0.348;0.00599;0.0073;22.7;26.5;4.32e+04;8.75e+04;2.14e+03;0.987;24.7;0.253;6.32;4.78e+04;41.3;18.7;0.00298;40;0;15.4;0;0;0;284;76.2;0.234;0.464;0.505;0.619;126;152;0.175;0.33;0.00627;0.0076; 51680;1348;14537;2.44;2.16;42;0.0206;2.89;0.00711;0.619;1.7;3.45;0.506;0.731;0.00097;0.00196; 51840;50;158;15.4;19.5;41;0.25;0.49;0.51;0.619;131;159;0.174;0.345;0.00616;0.00745; 50720;1893;14721;2.46;2.11;44;0.000495;0.501;0.000988;0.612;0.054;0.393;0.863;0.146;0.00128;0.00929; 49520;1;2;2.4;2.79;49;7.33e+03;2.52e+03;1.09e+03; 37%; 12%;  5%;1.05e+04;868;1.01e+04; 53%;  4%; 51%;7.67e+03;2.47e+03;1.17e+03; 39%; 12%;  6%;1.68e+03;866;1.57e+03;  8%;  4%;  8%;81.6;17;0;1.39;0;0;0;0;0;1.15;35.4;0;63.5;0;0;0;0;0;82.4;16.8;0;0.847;0;0;0;0;0;0.162;5.69;0.0119;94.1;0;61.5;0;0;0;80.4;67.2;85.3;51.2;14.1 ;33.1 ;15.3 ;13.8 ;
2017-09-04;06:49:45.776;0.153;0.899;0.171;0.619;226;279;0.19;0.448;0.00427;0.00528;22.5;29.6;5.29e+04;5.89e+04;2.13e+03;1.8;44.9;0.307;7.67;4.48e+04;27.6;16.6;0.00177;55.8;0;20.5;0;0;0;259;76.3;0.361;1.02;0.353;0.619;143;178;0.196;0.444;0.00462;0.00575; 51040;2679;18054;4.35;5.02;40;0.0527;0.409;0.129;0.619;23.2;25.4;0.0851;0.327;0.00512;0.00559; 49520;1461;4246;9.51;13.1;41;0.201;0.995;0.202;0.619;59.4;75.2;0.209;0.489;0.00343;0.00434; 50640;2051;7263;4.35;5.3;42;0.000213;0.245;0.00087;0.612;0.0424;0.249;0.83;0.137;0.0023;0.0135; 49520;1;1;4.3;6.23;48;7.84e+03;3.8e+03;2.11e+03; 39%; 19%; 10%;4.09e+03;1.48e+03;9.6e+03; 20%;  7%; 48%;3.8e+03;4.09e+03;1.63e+03; 19%; 20%;  8%;1.99e+03;1.65e+03;2.75e+03; 10%;  8%; 13%;57;22.1;0;20.9;0;0;0;0;0;20.8;26.6;0;52.6;0;0;0;0;0;32.6;13.5;0;53.9;0;21.5;0;0;0;0.142;4.23;0.00705;95.6;0;60.3;0;0;0;79.2;63.2;69.2;47.9;16.6 ;25.3 ;17.8 ;16.6 ;
2017-09-04;06:49:46.808;0.0996;0.215;0.463;0.619;295;301;0.0185;0.0133;0.00852;0.00869;44.6;63;3.46e+04;1.61e+05;2.17e+03;0.43;10.7;0.199;4.98;8.49e+04;74.9;0.522;0.00361;24.6;0;21.5;0;0;0;329;114;0.1;0.163;0.615;0.619;74.3;75.8;0.0186;0.0133;0.00851;0.00868; 50160;4611;13834;11.1;15.7;41;0.143;0.231;0.619;0.619;107;108;0.0129;0.013;0.00857;0.00869; 48480;6578;19696;11.1;15;41;0.154;0.25;0.618;0.619;114;115;0.0125;0.0129;0.00852;0.00863; 48640;7071;21167;11.2;14.6;41;0.000698;0.465;0.0015;0.603;0.0489;1.36;0.964;0.0615;0.000807;0.0224; 49680;0;1;11.1;17.7;49;8.65e+03;9.06e+03;3.55e+03; 43%; 45%; 17%;1.04e+04;4.81e+03;8.38e+03; 52%; 24%; 42%;1.03e+04;8.74e+03;5.2e+03; 52%; 44%; 26%;6.06e+03;5.61e+03;4.13e+03; 30%; 28%; 20%;99.4;0.601;0;0;0;0;0;0;0;99.9;0.0541;0;0;0;0;0;0;0;99.8;0.204;0;0;0;0;0;0;0;0.249;1.23;0.0145;98.5;0;86.1;0;0;0;88.2;87.8;96.6;56.2;28.3 ;28.5 ;29.1 ;28.3 ;
2017-09-04;06:49:47.825;0.138;0.382;0.36;0.619;364;379;0.0385;0.0954;0.0077;0.00801;41.5;52.9;4.73e+04;1.24e+05;2.17e+03;0.764;19.1;0.275;6.88;7.62e+04;58.2;3.6;0.0036;38.2;0;24.1;0;0;0;309;106;0.206;0.349;0.591;0.619;152;156;0.0275;0.0682;0.00855;0.0088; 55760;6626;20646;10;11.6;41;0.19;0.41;0.465;0.619;118;124;0.0442;0.105;0.00723;0.00756; 49760;6050;15213;11.6;14.4;40;0.153;0.4;0.382;0.619;93.8;98;0.0426;0.124;0.00714;0.00746; 52000;3809;12453;9.93;12.6;43;0.000442;0.381;0.00116;0.606;0.0436;0.694;0.937;0.0829;0.00115;0.0183; 49920;0;4;9.93;14.4;49;9.32e+03;7.94e+03;4.76e+03; 47%; 40%; 24%;7.56e+03;3.75e+03;9.59e+03; 38%; 19%; 48%;7.6e+03;8.24e+03;3.08e+03; 38%; 41%; 15%;3.84e+03;4.7e+03;5.81e+03; 19%; 23%; 29%;95.5;1.71;0;2.83;0;0;0;0;0;75.1;1.96;0;22.9;0;15.3;0;0;0;61.7;3.8;0;34.5;0;29.2;0;0;0;0.191;6.95;0.0144;92.8;0;52.1;0;0;0;88.4;82.6;82.4;55.4;25.4 ;28 ;27.1 ;25.8 ;
2017-09-04;06:49:48.840;0.344;0.742;0.464;0.619;600;652;0.0799;0.21;0.0051;0.00555;48.1;38.9;1.18e+05;1.58e+05;2.13e+03;1.48;37.1;0.689;17.2;7.77e+04;75;1.4;0.00386;23.6;0;12.1;0;0;0;341;103;0.439;0.711;0.617;0.619;189;205;0.0767;0.211;0.00504;0.00546; 58080;3850;15293;10.3;7.26;40;0.501;0.81;0.619;0.619;217;237;0.0825;0.216;0.00508;0.00554; 43840;8311;12178;17.4;15.9;39;0.437;0.706;0.619;0.619;194;209;0.0747;0.203;0.00519;0.00561; 52880;3571;14882;10.2;7.23;42;0.000663;0.579;0.00114;0.606;0.04;1.24;0.968;0.0682;0.000708;0.0219; 49840;0;1;10.1;8.51;49;9.6e+03;6.62e+03;3.03e+03; 49%; 33%; 15%;1.01e+04;3.44e+03;9.86e+03; 51%; 17%; 50%;9.77e+03;6.59e+03;3.14e+03; 50%; 33%; 16%;5.02e+03;5.61e+03;4.89e+03; 25%; 28%; 25%;99.7;0.295;0;0;0;0;0;0;0;100;0.0137;0;0;0;0;0;0;0;100;0.0248;0;0;0;0;0;0;0;0.189;5.28;0.0154;94.5;0;48.4;0;0;0;91.8;98.6;96.6;54.4;23.2 ;32.3 ;24.8 ;22.6 ;
2017-09-04;06:49:49.856;0.39;0.839;0.465;0.619;664;724;0.0828;0.213;0.00499;0.00544;53.4;41.2;1.33e+05;1.59e+05;2.13e+03;1.68;41.9;0.779;19.5;8.52e+04;75;1.94;0.00373;23;0;11.5;0;0;0;360;106;0.497;0.803;0.619;0.619;209;227;0.0803;0.214;0.00492;0.00534; 52880;4266;16297;11.6;7.92;39;0.561;0.907;0.619;0.619;241;263;0.0851;0.216;0.00503;0.0055; 47040;9551;14397;18.7;16.1;39;0.5;0.807;0.619;0.619;214;232;0.0781;0.209;0.00503;0.00545; 44960;3849;15579;11.6;7.89;41;0.000675;0.575;0.00117;0.608;0.0422;1.25;0.966;0.0711;0.000733;0.0217; 49760;0;0;11.5;9.29;49;1.03e+04;7.4e+03;3.39e+03; 52%; 37%; 17%;1.08e+04;3.87e+03;1.06e+04; 55%; 19%; 54%;1.04e+04;7.36e+03;3.49e+03; 53%; 37%; 17%;5.69e+03;6.34e+03;5.57e+03; 29%; 32%; 28%;100;0.000378;0;0;0;0;0;0;0;100;0.000944;0;0;0;0;0;0;0;100;0.00416;0;0;0;0;0;0;0;0.193;7.75;0.0149;92;0;46;0;0;0;97.5;103;104;55.7;24.1 ;32.9 ;25.6 ;23.9 ;
2017-09-04;06:49:50.870;0.415;0.893;0.465;0.619;680;741;0.0823;0.222;0.00481;0.00524;53.3;40.2;1.41e+05;1.58e+05;2.13e+03;1.79;44.6;0.83;20.7;8.53e+04;75.1;0.311;0.00248;24.6;0;21.4;0;0;0;362;107;0.535;0.865;0.619;0.619;220;239;0.0795;0.22;0.00482;0.00524; 50160;4343;16665;11.8;7.79;39;0.566;0.914;0.619;0.619;232;253;0.0846;0.226;0.00481;0.00525; 40320;8259;13246;18.2;15.4;39;0.557;0.9;0.619;0.619;228;247;0.0779;0.22;0.0048;0.0052; 63760;4209;16149;11.7;7.77;41;0.000681;0.568;0.0012;0.596;0.0421;1.28;0.967;0.0687;0.000725;0.0221; 50000;0;0;11.6;9.21;49;1.01e+04;7.74e+03;3.5e+03; 51%; 39%; 17%;1.06e+04;3.73e+03;1.06e+04; 54%; 19%; 54%;1e+04;7.62e+03;3.57e+03; 51%; 39%; 18%;5.95e+03;6.13e+03;5.77e+03; 30%; 31%; 29%;100;0.000104;0;0;0;0;0;0;0;100;0.00956;0;0;0;0;0;0;0;100;0.00598;0;0;0;0;0;0;0;0.201;1.23;0.00992;98.6;0;85.8;0;0;0;98.3;102;106;55.3;24.5 ;32.3 ;25.7 ;24.1 ;
2017-09-04;06:49:51.890;0.283;1.03;0.273;0.619;398;445;0.106;0.284;0.00412;0.0046;31.2;25;9.66e+04;9.34e+04;2.13e+03;2.07;51.7;0.565;14.1;5.14e+04;44.1;8.58;0.00124;47.3;0;17.3;0;0;0;271;79.8;0.44;1.01;0.435;0.619;158;177;0.105;0.281;0.00421;0.0047; 52640;2971;11041;6.97;4.72;41;0.286;1.14;0.251;0.619;92.5;105;0.122;0.334;0.00378;0.00431; 50080;2546;4853;10.4;9.61;40;0.405;0.995;0.407;0.619;147;163;0.0959;0.25;0.00425;0.0047; 48400;2431;9542;6.95;4.82;43;0.000245;0.282;0.000867;0.61;0.0465;0.369;0.874;0.118;0.00222;0.0176; 49920;0;0;6.9;5.81;49;5.63e+03;5.09e+03;2.34e+03; 28%; 26%; 11%;6.36e+03;1.95e+03;6.68e+03; 32%;  9%; 34%;5.42e+03;5.19e+03;2.24e+03; 27%; 26%; 11%;3.72e+03;2.88e+03;3.93e+03; 19%; 14%; 20%;70.2;8.7;0;21.1;0;0;0;0;0;40.6;14.7;0;44.7;0;9.17;0;0;0;65.7;7.77;0;26.5;0;10.5;0;0;0;0.142;3.15;0.00496;96.7;0;49.3;0;0;0;77.6;69.1;78.8;45.7;18.4 ;23.6 ;19.6 ;18.2 ;
2017-09-04;06:49:52.906;0.349;0.752;0.465;0.619;600;664;0.0952;0.211;0.00503;0.00555;48.1;40.7;1.19e+05;1.59e+05;2.14e+03;1.5;37.6;0.699;17.5;7.83e+04;75.1;0.364;0.00219;24.6;0;21.3;0;0;0;343;104;0.447;0.723;0.619;0.619;188;207;0.0935;0.213;0.00491;0.00542; 50240;3931;16104;10.2;7.63;40;0.508;0.821;0.619;0.619;218;241;0.0968;0.217;0.00501;0.00555; 48080;7794;12154;17.7;16.5;39;0.441;0.713;0.619;0.619;195;214;0.0896;0.204;0.00517;0.00568; 51120;3523;15007;10.2;7.63;41;0.000807;0.587;0.00138;0.597;0.0604;1.31;0.954;0.083;0.000877;0.0191; 49680;1;2;10.1;9;49;9.53e+03;6.67e+03;3.09e+03; 48%; 34%; 15%;1.04e+04;3.5e+03;9.9e+03; 53%; 17%; 50%;9.92e+03;6.66e+03;3.21e+03; 50%; 34%; 16%;5e+03;5.53e+03;4.87e+03; 25%; 28%; 24%;100;0.0265;0;0;0;0;0;0;0;100;0.0199;0;0;0;0;0;0;0;100;0.0298;0;0;0;0;0;0;0;0.23;1.38;0.00877;98.4;0;85.2;0;0;0;92.6;98.5;98.4;53.6;23.3 ;32.5 ;24.9 ;22.9 ;
2017-09-04;06:49:53.920;0.418;0.899;0.465;0.619;676;751;0.099;0.223;0.00474;0.00527;53.6;42.6;1.43e+05;1.58e+05;2.13e+03;1.8;45;0.836;20.9;8.63e+04;75.1;0.899;0.00267;24;0;11.4;0;0;0;363;108;0.538;0.87;0.619;0.619;214;237;0.0971;0.224;0.00465;0.00515; 49840;4308;17006;11.6;8.25;40;0.609;0.984;0.619;0.619;248;275;0.1;0.228;0.00477;0.0053; 51360;9555;15631;18.8;16.3;39;0.523;0.845;0.619;0.619;215;237;0.0944;0.216;0.00482;0.00532; 51840;3859;15761;11.6;8.27;41;0.000765;0.532;0.00144;0.607;0.0544;1.49;0.963;0.0669;0.000834;0.0228; 49520;0;1;11.5;9.77;49;1.03e+04;7.45e+03;3.49e+03; 52%; 38%; 17%;1.1e+04;3.96e+03;1.07e+04; 56%; 20%; 54%;1.06e+04;7.5e+03;3.56e+03; 54%; 38%; 18%;5.65e+03;6.41e+03;5.62e+03; 28%; 32%; 28%;100;0.000227;0;0;0;0;0;0;0;100;0.000797;0;0;0;0;0;0;0;100;0;0;0;0;0;0;0;0;0.237;3.6;0.0107;96.2;0;45.6;0;0;0;98.6;104;105;55.4;24.6 ;33 ;25.9 ;24.2 ;
2017-09-04;06:49:54.933;0.452;0.978;0.462;0.619;693;771;0.102;0.234;0.0045;0.00501;53.9;41.1;1.54e+05;1.57e+05;2.13e+03;1.96;48.9;0.903;22.6;8.66e+04;74.6;0.776;0.00304;24.6;0;21.3;0;0;0;367;107;0.61;0.986;0.619;0.619;232;258;0.101;0.234;0.00446;0.00496; 52240;4880;18328;11.9;8.11;39;0.624;1.03;0.607;0.619;235;262;0.103;0.241;0.00442;0.00493; 53360;7004;12339;18.3;15.2;38;0.572;0.924;0.619;0.619;226;251;0.0968;0.226;0.00465;0.00515; 45920;4459;17315;11.9;8.15;40;0.000906;0.682;0.00133;0.603;0.053;1.3;0.959;0.0823;0.000687;0.0168; 49920;0;2;11.8;9.69;49;9.88e+03;7.81e+03;3.64e+03; 50%; 40%; 18%;1.08e+04;3.84e+03;1.06e+04; 55%; 19%; 54%;1.02e+04;7.96e+03;3.68e+03; 52%; 40%; 18%;5.93e+03;6.2e+03;6.03e+03; 30%; 31%; 30%;100;0.000384;0;0;0;0;0;0;0;98.1;1.78;0;0.138;0;0;0;0;0;100;0.000605;0;0;0;0;0;0;0;0.22;1.33;0.0122;98.4;0;85.3;0;0;0;101;104;107;55.3;24.6 ;32.1 ;26.2 ;24.2 ;
2017-09-04;06:49:55.964;0.183;0.652;0.28;0.619;250;292;0.145;0.302;0.00398;0.00466;21.1;19.4;6.28e+04;9.64e+04;2.13e+03;1.3;32.6;0.365;9.13;3.36e+04;45.2;7.56;0.00288;47.2;0;17.5;0;0;0;248;70.1;0.26;0.65;0.401;0.619;87.1;101;0.139;0.267;0.0039;0.00453; 52400;1462;7523;3.48;2.9;42;0.132;0.47;0.28;0.619;51.9;62.1;0.165;0.334;0.00458;0.00548; 52400;4408;1971;10.7;10.3;40;0.338;0.77;0.439;0.619;111;129;0.135;0.313;0.00381;0.00441; 48320;1944;9569;3.46;2.69;43;0.000372;0.357;0.00104;0.61;0.0532;0.756;0.93;0.064;0.00166;0.0235; 49840;0;2;3.42;3.47;49;3.77e+03;2.97e+03;1.16e+03; 19%; 15%;  5%;5.78e+03;1.06e+03;5.07e+03; 29%;  5%; 25%;4.3e+03;2.77e+03;1.41e+03; 21%; 14%;  7%;2.24e+03;1.26e+03;1.81e+03; 11%;  6%;  9%;64.7;7.15;0;28.1;0;17.1;0;0;0;45.3;7.95;0.000723;46.8;0;5.1;0;0;0;70.9;11.6;0;17.5;0;0;0;0;0;0.171;3.59;0.0108;96.2;0;47.6;0;0;0;66.6;63.3;74;43.7;15.1 ;24.4 ;16 ;14.6 ;
2017-09-04;06:49:56.994;0.0813;0.176;0.461;0.619;266;318;0.165;0.2;0.00945;0.0113;26.5;25.2;2.81e+04;1.6e+05;2.17e+03;0.353;8.81;0.163;4.06;3.83e+04;74.5;1.13;0.00256;24.4;0;21.1;0;0;0;297;78.3;0.0876;0.142;0.619;0.619;73;87.4;0.164;0.191;0.00963;0.0115; 54960;894;9954;2.41;2.35;42;0.126;0.204;0.619;0.619;115;135;0.153;0.177;0.0105;0.0124; 49840;11700;3762;19.3;17.9;40;0.11;0.183;0.604;0.619;78;94.1;0.171;0.241;0.00816;0.00985; 53600;1025;9971;2.38;2.3;43;0.000648;0.493;0.00132;0.605;0.115;1.48;0.922;0.0532;0.00206;0.0263; 49840;2;1;2.34;2.68;49;6.2e+03;1.56e+03;726; 31%;  7%;  3%;7.98e+03;1.45e+03;7.95e+03; 40%;  7%; 40%;6.22e+03;1.54e+03;776; 31%;  7%;  3%;1.09e+03;1.86e+03;996;  5%;  9%;  5%;100;0.00154;0;0;0;0;0;0;0;100;0.00119;0;0;0;0;0;0;0;97.5;2.45;0;0;0;0;0;0;0;0.217;2.08;0.0102;97.7;0;84.3;0;0;0;75.9;88.3;80.7;51.6;14.4 ;34.5 ;15.7 ;13.7 ;
2017-09-04;06:49:58.022;0.0794;0.171;0.464;0.619;263;314;0.164;0.193;0.00958;0.0115;26.4;25.1;2.74e+04;1.6e+05;2.16e+03;0.342;8.55;0.159;3.97;3.83e+04;75;0.73;0.00147;24.3;0;19.5;0;0;0;296;78.1;0.09;0.145;0.619;0.619;73.5;88.2;0.167;0.195;0.00945;0.0113; 51360;900;9988;2.4;2.33;42;0.129;0.209;0.619;0.619;115;136;0.156;0.178;0.0103;0.0122; 50000;11681;3776;19.3;17.8;40;0.0977;0.158;0.617;0.619;74.8;89.4;0.163;0.213;0.00886;0.0106; 54400;969;9814;2.37;2.29;44;0.000663;0.508;0.0013;0.606;0.0406;1.17;0.965;0.0699;0.00071;0.0204; 49680;1;0;2.3;2.64;49;6.22e+03;1.53e+03;742; 31%;  7%;  3%;8e+03;1.44e+03;7.97e+03; 40%;  7%; 40%;6.21e+03;1.53e+03;745; 31%;  7%;  3%;1.03e+03;1.84e+03;1.02e+03;  5%;  9%;  5%;100;0.0016;0;0;0;0;0;0;0;100;0.00113;0;0;0;0;0;0;0;99.7;0.281;0;0;0;0;0;0;0;0.215;2.64;0.00589;97.1;0;78.2;0;0;0;76;88.4;80.1;51.5;14.3 ;34.4 ;15.6 ;13.7 ;
2017-09-04;06:49:59.050;0.0761;0.164;0.465;0.619;261;312;0.164;0.186;0.00993;0.0119;26.3;25;2.63e+04;1.6e+05;2.16e+03;0.328;8.19;0.152;3.81;3.82e+04;75;0.669;0.00223;24.3;0;18.4;0;0;0;296;77.8;0.088;0.142;0.619;0.619;73.8;88.7;0.167;0.195;0.00972;0.0117; 53440;890;9983;2.34;2.27;42;0.124;0.201;0.619;0.619;113;134;0.157;0.168;0.0106;0.0125; 55200;11530;3756;19.3;17.8;40;0.0916;0.148;0.619;0.619;73.9;87.9;0.16;0.205;0.00934;0.0111; 54240;933;9799;2.35;2.28;44;0.00074;0.531;0.00139;0.605;0.0411;1.32;0.969;0.0682;0.000643;0.0207; 49680;0;1;2.28;2.61;49;6.22e+03;1.52e+03;716; 31%;  7%;  3%;8e+03;1.43e+03;7.95e+03; 40%;  7%; 40%;6.22e+03;1.53e+03;734; 31%;  7%;  3%;1.01e+03;1.84e+03;998;  5%;  9%;  5%;100;0;0;0;0;0;0;0;0;100;0.00206;0;0;0;0;0;0;0;100;0.00179;0;0;0;0;0;0;0;0.23;2.67;0.0089;97.1;0;73.4;0;0;0;76;88.2;79.9;51.5;14.2 ;34.5 ;15.5 ;13.7 ;
2017-09-04;06:50:00.078;0.0768;0.165;0.465;0.619;262;313;0.164;0.188;0.00986;0.0118;26.3;25.1;2.65e+04;1.6e+05;2.16e+03;0.331;8.27;0.154;3.84;3.81e+04;75.1;0.9;0.00332;24;0;17.7;0;0;0;296;78;0.0898;0.145;0.619;0.619;74.3;88.9;0.164;0.199;0.00959;0.0115; 51440;885;10004;2.35;2.28;42;0.129;0.208;0.619;0.619;114;135;0.154;0.177;0.0103;0.0121; 51200;11588;3807;19.3;17.9;40;0.0883;0.143;0.619;0.619;73.4;88.1;0.167;0.196;0.00963;0.0116; 50560;932;9723;2.34;2.28;44;0.000727;0.523;0.00139;0.605;0.0424;1.29;0.967;0.0692;0.000676;0.0205; 49600;0;8;2.29;2.63;49;6.22e+03;1.49e+03;742; 31%;  7%;  3%;7.97e+03;1.44e+03;7.96e+03; 40%;  7%; 40%;6.2e+03;1.49e+03;726; 31%;  7%;  3%;1e+03;1.84e+03;1.01e+03;  5%;  9%;  5%;100;0.000529;0;0;0;0;0;0;0;100;0.0021;0;0;0;0;0;0;0;100;0.000915;0;0;0;0;0;0;0;0.23;3.6;0.0133;96.2;0;70.9;0;0;0;76;88.3;79.7;51.7;14.2 ;34.4 ;15.6 ;13.7 ;
2017-09-04;06:50:01.105;0.078;0.169;0.463;0.619;263;314;0.165;0.191;0.00974;0.0117;26.2;25;2.69e+04;1.6e+05;2.16e+03;0.337;8.43;0.156;3.9;3.81e+04;74.8;1.05;0.00275;24.2;0;17.5;0;0;0;295;77.7;0.0883;0.143;0.619;0.619;73.9;87.8;0.158;0.197;0.0097;0.0115; 51200;884;10005;2.35;2.29;43;0.127;0.205;0.619;0.619;115;137;0.16;0.175;0.0104;0.0124; 50560;11605;3784;19.3;17.8;40;0.096;0.157;0.612;0.619;74;88.9;0.168;0.208;0.00893;0.0107; 50480;930;9726;2.34;2.28;44;0.000661;0.509;0.0013;0.606;0.0455;1.15;0.96;0.071;0.000797;0.0201; 49680;0;3;2.27;2.61;49;6.21e+03;1.51e+03;727; 31%;  7%;  3%;7.97e+03;1.43e+03;7.96e+03; 40%;  7%; 40%;6.19e+03;1.5e+03;726; 31%;  7%;  3%;1e+03;1.83e+03;997;  5%;  9%;  5%;100;0;0;0;0;0;0;0;0;100;0.000498;0;0;0;0;0;0;0;98.9;1.09;0;0;0;0;0;0;0;0.214;3.11;0.011;96.7;0;70;0;0;0;75.9;88.3;79.9;51.5;14.1 ;34.3 ;15.6 ;13.6 ;
2017-09-04;06:50:02.136;0.0795;0.173;0.461;0.619;262;313;0.163;0.195;0.00954;0.0114;26.3;25.1;2.75e+04;1.59e+05;2.16e+03;0.345;8.63;0.159;3.98;3.82e+04;74.5;1.16;0.01;24.4;0;18.1;0;0;0;297;78;0.0883;0.143;0.619;0.619;73.8;87.1;0.152;0.203;0.00969;0.0114; 49760;900;9951;2.37;2.3;43;0.127;0.205;0.619;0.619;113;134;0.155;0.172;0.0103;0.0122; 51680;11577;3796;19.4;17.9;40;0.102;0.169;0.604;0.619;74.8;90.9;0.176;0.22;0.00847;0.0103; 52320;956;9803;2.33;2.26;44;0.00073;0.456;0.0016;0.605;0.116;0.988;0.883;0.199;0.00183;0.0157; 50240;4;9;2.29;2.62;50;6.22e+03;1.52e+03;726; 31%;  7%;  3%;8e+03;1.44e+03;7.97e+03; 40%;  7%; 40%;6.23e+03;1.51e+03;732; 31%;  7%;  3%;1.01e+03;1.85e+03;996;  5%;  9%;  5%;100;0.00141;0;0;0;0;0;0;0;100;0.00298;0;0;0;0;0;0;0;97.6;2.37;0;0;0;0;0;0;0;0.265;2.28;0.04;97.4;0;72.3;0;0;0;76.2;88.5;80.3;51.6;14.2 ;34.5 ;15.6 ;13.7 ;
2017-09-04;06:50:03.162;0.0786;0.171;0.461;0.619;262;314;0.165;0.198;0.00966;0.0116;26.2;25;2.72e+04;1.59e+05;2.16e+03;0.341;8.53;0.157;3.93;3.81e+04;74.5;1.13;0.00276;24.4;0;17;0;0;0;295;77.5;0.0893;0.144;0.619;0.619;74;88.4;0.163;0.203;0.00959;0.0115; 51600;893;9994;2.35;2.28;42;0.126;0.204;0.619;0.619;114;135;0.159;0.176;0.0104;0.0124; 48160;11539;3751;19.2;17.9;40;0.0983;0.163;0.605;0.619;74.8;90.2;0.17;0.225;0.00881;0.0106; 50720;991;9647;2.36;2.29;44;0.000471;0.401;0.00118;0.607;0.0623;0.78;0.92;0.0798;0.00153;0.0192; 50160;0;5;2.29;2.61;50;6.21e+03;1.52e+03;737; 31%;  7%;  3%;7.95e+03;1.41e+03;7.93e+03; 40%;  7%; 40%;6.24e+03;1.52e+03;734; 31%;  7%;  3%;1.02e+03;1.8e+03;1.03e+03;  5%;  9%;  5%;100;0.000743;0;0;0;0;0;0;0;100;0.000748;0;0;0;0;0;0;0;97.7;2.33;0;0;0;0;0;0;0;0.194;2.18;0.011;97.6;0;68.1;0;0;0;75.8;88.1;79.9;51.3;14.2 ;34.1 ;15.6 ;13.6 ;
2017-09-04;06:50:04.188;0.081;0.176;0.461;0.619;264;316;0.166;0.197;0.00943;0.0113;26.3;25.1;2.79e+04;1.59e+05;2.16e+03;0.352;8.79;0.162;4.05;3.82e+04;74.5;1.15;0.00297;24.4;0;16.8;0;0;0;296;77.8;0.0909;0.147;0.619;0.619;74.1;88.8;0.165;0.198;0.00945;0.0113; 48000;878;9992;2.38;2.29;42;0.129;0.208;0.619;0.619;114;136;0.16;0.174;0.0102;0.0122; 48960;11493;3822;19.3;17.8;40;0.104;0.171;0.605;0.619;75.6;91.3;0.171;0.228;0.00846;0.0102; 46720;1005;9565;2.36;2.29;44;0.000612;0.519;0.00118;0.61;0.0559;0.582;0.904;0.119;0.00106;0.011; 50320;2;2;2.33;2.66;50;6.17e+03;1.54e+03;740; 31%;  7%;  3%;7.99e+03;1.44e+03;7.93e+03; 40%;  7%; 40%;6.24e+03;1.52e+03;749; 31%;  7%;  3%;1.04e+03;1.85e+03;1.02e+03;  5%;  9%;  5%;100;0;0;0;0;0;0;0;0;100;0.00213;0;0;0;0;0;0;0;97.7;2.31;0;0;0;0;0;0;0;0.194;2.29;0.0119;97.5;0;67.1;0;0;0;75.9;88.3;80.1;51.3;14.2 ;34.2 ;15.5 ;13.8 ;
2017-09-04;06:50:05.216;0.076;0.165;0.461;0.619;259;309;0.161;0.188;0.00988;0.0118;26.2;25;2.62e+04;1.59e+05;2.16e+03;0.33;8.24;0.152;3.8;3.8e+04;74.5;1.59;0.00323;23.9;0;15.7;0;0;0;295;77.5;0.0846;0.137;0.619;0.619;72.8;86.3;0.157;0.191;0.00997;0.0118; 54160;896;9927;2.34;2.29;42;0.125;0.203;0.619;0.619;113;134;0.158;0.171;0.0104;0.0124; 48400;11540;3740;19.3;17.9;40;0.0934;0.154;0.605;0.619;73.3;87.4;0.161;0.212;0.0091;0.0108; 49520;928;9537;2.3;2.25;44;0.000496;0.423;0.00117;0.607;0.0567;0.831;0.932;0.0772;0.00133;0.0194; 50080;1;1;2.27;2.6;50;6.22e+03;1.48e+03;717; 31%;  7%;  3%;7.97e+03;1.43e+03;7.96e+03; 40%;  7%; 40%;6.22e+03;1.49e+03;724; 31%;  7%;  3%;998;1.84e+03;983;  5%;  9%;  4%;100;0.000896;0;0;0;0;0;0;0;100;0.00128;0;0;0;0;0;0;0;97.7;2.32;0;0;0;0;0;0;0;0.193;4.02;0.0129;95.8;0;62.7;0;0;0;75.7;88.2;79.6;51.6;14.2 ;34.3 ;15.4 ;13.6 ;
2017-09-04;06:50:06.246;0.0789;0.171;0.46;0.619;263;315;0.165;0.196;0.00963;0.0115;26.3;25.1;2.73e+04;1.59e+05;2.16e+03;0.343;8.57;0.158;3.95;3.82e+04;74.3;1.49;0.00249;24.2;0;19.3;0;0;0;296;78;0.0866;0.14;0.619;0.619;73.4;87.1;0.157;0.198;0.00982;0.0116; 51360;868;10004;2.34;2.28;42;0.132;0.214;0.616;0.619;115;137;0.158;0.182;0.0101;0.012; 50880;11560;3863;19.3;17.9;39;0.0967;0.16;0.604;0.619;74.2;90.2;0.178;0.213;0.00887;0.0108; 48560;922;9719;2.34;2.27;44;0.000374;0.343;0.00109;0.609;0.0602;0.59;0.898;0.0867;0.00186;0.0183; 50080;1;0;2.29;2.62;49;6.24e+03;1.5e+03;726; 31%;  7%;  3%;7.97e+03;1.44e+03;7.98e+03; 40%;  7%; 40%;6.24e+03;1.5e+03;728; 31%;  7%;  3%;1.01e+03;1.85e+03;1e+03;  5%;  9%;  5%;100;0.00153;0;0;0;0;0;0;0;99.6;0.419;0;0;0;0;0;0;0;97.6;2.36;0;0;0;0;0;0;0;0.179;3.19;0.00995;96.6;0;77;0;0;0;76;88.6;80.1;51.7;14.3 ;34.4 ;15.6 ;13.7 ;
2017-09-04;06:50:07.274;0.082;0.179;0.457;0.619;265;316;0.161;0.206;0.00935;0.0111;26.4;25.2;2.84e+04;1.58e+05;2.16e+03;0.359;8.97;0.164;4.1;3.83e+04;73.9;2.68;0.00143;23.5;0;14.7;0;0;0;297;78.2;0.0869;0.14;0.619;0.619;73.1;87.3;0.163;0.192;0.00973;0.0116; 53920;883;9950;2.38;2.32;42;0.14;0.232;0.605;0.619;117;139;0.155;0.2;0.00965;0.0114; 53440;11597;4020;19.3;17.9;40;0.1;0.166;0.604;0.619;74.9;89.6;0.164;0.227;0.00862;0.0103; 52160;908;9761;2.37;2.31;44;0.000316;0.312;0.00101;0.603;0.0606;0.434;0.86;0.104;0.00222;0.0159; 50000;2;2;2.33;2.65;49;6.23e+03;1.51e+03;730; 31%;  7%;  3%;8e+03;1.46e+03;7.96e+03; 40%;  7%; 40%;6.26e+03;1.51e+03;728; 31%;  7%;  3%;1.01e+03;1.89e+03;1e+03;  5%;  9%;  5%;100;0.000192;0;0;0;0;0;0;0;97.7;2.31;0;0;0;0;0;0;0;97.6;2.42;0;0;0;0;0;0;0;0.168;6;0.00573;93.8;0;58.9;0;0;0;75.9;88.7;80.1;51.9;14.4 ;34.4 ;15.7 ;13.8 ;
2017-09-04;06:50:08.301;0.0878;0.195;0.45;0.619;269;321;0.161;0.225;0.00889;0.0106;26.4;25.4;3.03e+04;1.55e+05;2.16e+03;0.39;9.74;0.176;4.39;3.86e+04;72.7;3.43;0.00157;23.8;0;14.5;0;0;0;297;78.4;0.088;0.142;0.619;0.619;74.2;88;0.156;0.205;0.00978;0.0116; 52240;899;9985;2.41;2.36;43;0.163;0.282;0.578;0.619;121;144;0.161;0.236;0.00861;0.0103; 53200;11876;3955;19.2;17.9;39;0.1;0.166;0.603;0.619;74.1;88.4;0.162;0.228;0.00859;0.0102; 52080;947;9722;2.4;2.36;44;0.000243;0.264;0.000921;0.607;0.0432;0.314;0.862;0.12;0.00206;0.015; 50160;0;2;2.39;2.73;49;6.27e+03;1.52e+03;731; 31%;  7%;  3%;8.02e+03;1.51e+03;8e+03; 40%;  7%; 40%;6.3e+03;1.52e+03;739; 31%;  7%;  3%;1.01e+03;1.97e+03;1.01e+03;  5%;  9%;  5%;100;0.000727;0;0;0;0;0;0;0;93.3;6.71;0;0;0;0;0;0;0;97.5;2.52;0;0;0;0;0;0;0;0.152;4.49;0.00627;95.4;0;57.9;0;0;0;75.8;89.2;79.9;51.6;14.4 ;34.3 ;15.7 ;14 ;
2017-09-04;06:50:09.325;0.111;0.256;0.432;0.619;284;344;0.174;0.279;0.00745;0.00902;26.6;26.1;3.81e+04;1.49e+05;2.16e+03;0.513;12.8;0.221;5.53;3.98e+04;69.7;5.87;0.00115;24.4;0;13.1;0;0;0;298;79;0.0861;0.139;0.619;0.619;74.1;87.5;0.154;0.198;0.00998;0.0118; 52560;889;10003;2.6;2.59;43;0.255;0.508;0.502;0.619;135;165;0.181;0.343;0.00616;0.00752; 56960;12536;4402;18.9;18;40;0.101;0.168;0.604;0.619;74.6;90.7;0.178;0.217;0.00856;0.0104; 48160;1002;9821;2.57;2.56;44;0.000231;0.254;0.000909;0.607;0.0437;0.254;0.828;0.138;0.0022;0.0128; 50320;1;1;2.55;2.93;50;6.54e+03;1.53e+03;750; 33%;  7%;  3%;8.17e+03;1.66e+03;8.18e+03; 41%;  8%; 41%;6.52e+03;1.52e+03;753; 33%;  7%;  3%;1.03e+03;2.17e+03;1.02e+03;  5%; 11%;  5%;100;0;0;0;0;0;0;0;0;81.1;18;0;0.929;0;0;0;0;0;97.5;2.46;0;0;0;0;0;0;0;0.15;3.05;0.00462;96.8;0;52.3;0;0;0;75.7;91.2;79.9;51.4;14.9 ;34 ;16.1 ;14.1 ;
2017-09-04;06:50:10.347;0.13;0.342;0.379;0.619;278;340;0.184;0.335;0.00622;0.00762;25.3;26.7;4.46e+04;1.3e+05;2.15e+03;0.685;17.1;0.26;6.49;4.49e+04;61.2;9.02;0.00152;29.7;0;19.6;0;0;0;296;78.7;0.1;0.162;0.619;0.619;87.6;104;0.154;0.182;0.0101;0.012; 52240;1060;11994;2.62;2.55;42;0.304;1.04;0.293;0.619;98.4;128;0.229;0.48;0.00377;0.00489; 51200;8855;3877;17.5;18.7;40;0.115;0.19;0.604;0.619;91.4;108;0.157;0.216;0.00927;0.011; 52800;1136;11902;2.62;2.55;44;0.000241;0.26;0.000927;0.61;0.0441;0.3;0.853;0.124;0.00213;0.0145; 49920;0;5;2.56;2.98;49;7.23e+03;1.77e+03;843; 36%;  9%;  4%;9.62e+03;1.61e+03;9.47e+03; 48%;  8%; 48%;7.39e+03;1.77e+03;853; 37%;  8%;  4%;1.19e+03;2e+03;1.17e+03;  6%; 10%;  5%;100;0.000942;0;0;0;0;0;0;0;47.3;30.5;0;22.2;0;0.794;0;0;0;97.5;2.49;0;0;0;0;0;0;0;0.152;3.04;0.00609;96.8;0;77.5;0;0;0;76.6;87.1;80.9;51.3;14.6 ;33.9 ;15.9 ;14.2 ;
2017-09-04;06:50:11.367;0.0737;0.243;0.303;0.619;225;268;0.162;0.259;0.00889;0.0106;22.2;25.2;2.53e+04;1.04e+05;2.14e+03;0.487;12.2;0.147;3.69;4.7e+04;48.9;7.21;0.00157;43.8;0;18.6;0;0;0;278;74.4;0.119;0.193;0.618;0.619;108;127;0.148;0.181;0.0106;0.0125; 50720;1272;14810;2.08;1.81;42;0.0249;2.72;0.00918;0.618;2.08;6.12;0.66;0.805;0.000974;0.00286; 52080;65;175;16.1;19.3;41;0.151;0.258;0.584;0.619;114;135;0.151;0.231;0.00885;0.0104; 54560;1421;14605;2.06;1.77;44;0.000239;0.265;0.000899;0.609;0.0458;0.312;0.853;0.121;0.00224;0.0152; 50000;1;0;1.97;2.29;50;7.4e+03;2.09e+03;911; 37%; 10%;  4%;1.08e+04;950;1.06e+04; 55%;  4%; 54%;7.64e+03;2.07e+03;938; 38%; 10%;  4%;1.34e+03;953;1.31e+03;  6%;  4%;  6%;99.8;0.248;0;0;0;0;0;0;0;1.48;17.6;0;80.9;0;24.7;0;0;0;94.3;5.66;0;0;0;0;0;0;0;0.148;5.3;0.0063;94.5;0;49.8;0;0;0;77.6;66.7;82.5;51.3;13.4 ;33.4 ;14.5 ;13 ;
2017-09-04;06:50:12.386;0.083;0.28;0.296;0.619;231;276;0.164;0.265;0.00813;0.00973;22.3;25.4;2.84e+04;1.01e+05;2.14e+03;0.561;14;0.166;4.15;4.72e+04;47.8;13.3;0.00152;39;0;12.4;0;0;0;280;74.6;0.134;0.222;0.602;0.619;112;132;0.153;0.209;0.00976;0.0115; 50560;1267;14710;2.11;1.86;42;0.032;2.95;0.0108;0.619;2.59;5.36;0.517;0.773;0.000945;0.00195; 52160;83;223;16;19.3;41;0.166;0.291;0.569;0.619;116;139;0.16;0.25;0.00821;0.00977; 52800;1417;14513;2.13;1.86;44;0.000239;0.262;0.000912;0.604;0.0482;0.317;0.848;0.121;0.00236;0.0155; 50080;0;2;2.06;2.39;50;7.42e+03;2.15e+03;949; 37%; 10%;  4%;1.08e+04;946;1.05e+04; 54%;  4%; 53%;7.63e+03;2.15e+03;962; 38%; 10%;  4%;1.38e+03;947;1.38e+03;  7%;  4%;  7%;97.3;2.7;0;0;0;0;0;0;0;1.75;37.1;0;61.1;0;0;0;0;0;91.9;7.85;0;0.22;0;0;0;0;0;0.151;5.33;0.00607;94.5;0;49.5;0;0;0;77.9;68.3;82.8;51.2;13.4 ;33.4 ;14.7 ;13.2 ;
2017-09-04;06:50:13.401;0.139;0.55;0.252;0.619;264;327;0.19;0.402;0.00559;0.0069;23;27;4.73e+04;8.6e+04;2.14e+03;1.1;27.5;0.277;6.93;4.84e+04;40.7;18.6;0.00328;40.7;0;12.3;0;0;0;285;77.3;0.188;0.339;0.553;0.619;126;150;0.158;0.281;0.00788;0.00935; 55360;1607;15791;2.59;2.33;42;0.0375;2.88;0.013;0.619;3.05;6.49;0.529;0.813;0.000953;0.00202; 52000;91;272;15.3;19.4;41;0.329;0.747;0.44;0.619;135;170;0.205;0.439;0.00481;0.00605; 50000;1709;14366;2.58;2.24;43;0.000238;0.265;0.0009;0.612;0.0478;0.316;0.849;0.125;0.00235;0.0155; 50080;0;1;2.56;3;49;7.8e+03;2.66e+03;1.14e+03; 39%; 13%;  5%;9.6e+03;893;1.09e+04; 49%;  4%; 55%;7.21e+03;2.59e+03;1.27e+03; 36%; 13%;  6%;1.81e+03;892;1.62e+03;  9%;  4%;  8%;89.3;10.3;0;0.35;0;0;0;0;0;2.1;37.9;0;60;0;0;0;0;0;71.1;23.1;0;5.87;0;0;0;0;0;0.147;3.17;0.0131;96.7;0;49.1;0;0;0;79.8;68.2;86.3;51;14.4 ;33 ;15.6 ;14.2 ;
2017-09-04;06:50:14.439;0.132;0.787;0.168;0.619;227;273;0.17;0.404;0.00497;0.006;23.4;30.8;4.56e+04;5.8e+04;2.13e+03;1.57;39.3;0.264;6.6;4.69e+04;27.1;14.4;0.00425;58.4;0;27.8;0;0;0;266;78.1;0.401;1.02;0.391;0.619;176;215;0.183;0.412;0.0051;0.00625; 49360;3493;19881;4.41;4.89;40;0.051;0.373;0.137;0.619;23.4;25.5;0.0838;0.39;0.00531;0.00579; 50400;1469;4406;10.2;13.8;42;0.0779;0.541;0.144;0.619;27.8;32;0.132;0.364;0.00412;0.00475; 48400;1578;4786;4.44;5.71;43;0.000692;0.46;0.0015;0.611;0.0659;0.928;0.929;0.0886;0.0011;0.0155; 50000;0;3;4.38;6.41;49;9.45e+03;3.75e+03;2.42e+03; 47%; 18%; 12%;2.89e+03;1.55e+03;1.17e+04; 14%;  7%; 59%;2.89e+03;4.31e+03;1.4e+03; 14%; 21%;  7%;1.61e+03;1.74e+03;3.18e+03;  8%;  8%; 16%;63.1;22;0.000366;14.8;0;0.291;0;0;0;22.1;26.3;0;51.6;0;0;0;0;0;23.3;7.69;0;69;0;30.7;0;0;0;0.246;1.86;0.0166;97.9;0;79.9;0;0;0;85.3;66.5;64.9;49.8;16.5 ;26.3 ;18.5 ;16.7 ;
2017-09-04;06:50:15.474;0.114;0.246;0.462;0.619;322;329;0.0185;0.0136;0.00815;0.0083;51;72.1;3.96e+04;1.61e+05;2.18e+03;0.492;12.3;0.227;5.68;9.71e+04;74.6;0.79;0.00252;24.6;0;21.5;0;0;0;347;123;0.141;0.231;0.608;0.619;101;102;0.0157;0.0138;0.00822;0.00835; 51120;6486;19436;12.8;17.6;40;0.154;0.249;0.619;0.619;109;111;0.0132;0.0133;0.00813;0.00824; 49360;7048;21438;12.7;17.2;41;0.159;0.257;0.619;0.619;112;114;0.0131;0.0132;0.00813;0.00823; 51360;7300;21905;12.7;17;42;0.000707;0.448;0.00158;0.608;0.0834;1.61;0.948;0.0542;0.00135;0.0261; 50000;0;2;12.7;20.3;49;1.04e+04;1.05e+04;4.87e+03; 52%; 52%; 24%;1.1e+04;5.27e+03;1.03e+04; 55%; 26%; 51%;1.09e+04;1.04e+04;5.43e+03; 54%; 52%; 27%;6.31e+03;6.14e+03;5.67e+03; 31%; 30%; 28%;98.2;1.78;0;0;0;0;0;0;0;100;0.0442;0;0;0;0;0;0;0;100;0.0458;0;0;0;0;0;0;0;0.259;1.29;0.0101;98.4;0;86.1;0;0;0;95.1;92.3;101;58;30.4 ;30.5 ;31.2 ;30.7 ;
2017-09-04;06:50:16.488;0.136;0.399;0.34;0.619;342;357;0.0439;0.109;0.00733;0.00767;36.4;44.7;4.66e+04;1.17e+05;2.17e+03;0.797;19.9;0.271;6.78;6.59e+04;55;2.67;0.00214;42.3;0;32.3;0;0;0;288;96.6;0.183;0.347;0.527;0.619;123;128;0.0378;0.0936;0.00783;0.00814; 50880;4884;14885;8.58;9.93;42;0.195;0.436;0.447;0.619;119;125;0.0474;0.123;0.00707;0.00742; 55440;5757;13706;10.6;12.6;41;0.164;0.426;0.385;0.619;99.7;104;0.0423;0.109;0.00709;0.00741; 57920;3811;12646;8.63;10.4;44;0.000379;0.357;0.00106;0.609;0.0584;0.611;0.904;0.0858;0.0018;0.0188; 49920;2;0;8.53;11.8;49;7.85e+03;6.61e+03;3.48e+03; 39%; 33%; 17%;7.31e+03;3.37e+03;7.95e+03; 37%; 17%; 40%;7.31e+03;6.72e+03;2.9e+03; 37%; 34%; 14%;3.7e+03;4.33e+03;4.38e+03; 18%; 22%; 22%;85.1;2.63;0;12.3;0;0;0;0;0;72.3;2.59;0;25.1;0;21.6;0;0;0;62.1;4.04;0;33.8;0;23.8;0;0;0;0.175;1.43;0.00857;98.4;0;84.2;0;0;0;80.1;78.4;78.1;51.5;23 ;26.1 ;24.5 ;23 ;
2017-09-04;06:50:17.505;0.354;0.763;0.464;0.619;614;667;0.08;0.211;0.00508;0.00552;49.4;39.3;1.21e+05;1.59e+05;2.13e+03;1.53;38.2;0.709;17.7;7.92e+04;75;0.522;0.00305;24.5;0;19.8;0;0;0;345;104;0.442;0.714;0.619;0.619;190;206;0.0762;0.21;0.00505;0.00546; 49280;4199;14171;10.5;7.3;40;0.536;0.866;0.619;0.619;235;256;0.0824;0.215;0.00513;0.00559; 52240;9715;14337;18.1;16.1;39;0.44;0.71;0.619;0.619;189;205;0.0755;0.208;0.00505;0.00546; 50800;3714;15430;10.4;7.32;42;0.000666;0.573;0.00116;0.605;0.0362;1.21;0.97;0.0692;0.000636;0.0214; 50000;0;1;10.4;8.62;49;9.94e+03;6.6e+03;3.1e+03; 50%; 33%; 15%;1.02e+04;3.62e+03;1.01e+04; 52%; 18%; 52%;9.95e+03;6.58e+03;3.11e+03; 51%; 33%; 15%;5.02e+03;5.94e+03;5e+03; 25%; 30%; 25%;100;0.0186;0;0;0;0;0;0;0;100;0.0113;0;0;0;0;0;0;0;100;0.0196;0;0;0;0;0;0;0;0.192;2.04;0.0122;97.8;0;79.3;0;0;0;92.3;100;97.8;54.3;23.3 ;32.8 ;24.8 ;22.9 ;
2017-09-04;06:50:18.519;0.405;0.871;0.465;0.619;679;740;0.0828;0.217;0.00492;0.00536;53.9;40.7;1.38e+05;1.59e+05;2.14e+03;1.74;43.5;0.809;20.2;8.57e+04;75.1;0.311;0.00348;24.6;0;21.5;0;0;0;361;107;0.521;0.842;0.619;0.619;216;235;0.0803;0.217;0.00486;0.00529; 44560;4496;14730;11.8;7.78;40;0.578;0.934;0.619;0.619;245;267;0.0836;0.221;0.00497;0.00542; 63120;9139;14665;18.8;15.9;39;0.518;0.837;0.619;0.619;218;236;0.0797;0.214;0.00493;0.00535; 53600;4245;15834;11.7;7.78;41;0.000683;0.569;0.0012;0.601;0.0358;1.26;0.972;0.0682;0.000614;0.0217; 50000;0;1;11.6;9.24;49;1.03e+04;7.54e+03;3.49e+03; 52%; 38%; 17%;1.08e+04;3.85e+03;1.06e+04; 55%; 19%; 54%;1.03e+04;7.48e+03;3.49e+03; 52%; 38%; 17%;5.8e+03;6.33e+03;5.76e+03; 29%; 32%; 29%;100;0.00374;0;0;0;0;0;0;0;100;0;0;0;0;0;0;0;0;100;0;0;0;0;0;0;0;0;0.2;1.24;0.0139;98.5;0;85.9;0;0;0;98.2;103;105;55.1;24.1 ;32.8 ;25.7 ;23.9 ;
2017-09-04;06:50:19.533;0.425;0.925;0.46;0.619;685;746;0.0822;0.226;0.00473;0.00515;53.4;39.8;1.45e+05;1.57e+05;2.13e+03;1.85;46.3;0.851;21.3;8.57e+04;74.3;0.771;0.00315;25;0;21.9;0;0;0;362;106;0.549;0.887;0.619;0.619;225;244;0.0783;0.22;0.00481;0.00522; 49440;4683;15728;11.8;7.66;40;0.597;0.995;0.6;0.619;235;258;0.0872;0.238;0.00463;0.00507; 55200;7787;13820;18.1;15.3;39;0.555;0.897;0.619;0.619;225;243;0.077;0.221;0.00475;0.00515; 41360;4370;16725;11.7;7.68;42;0.000569;0.514;0.00111;0.598;0.0459;1.04;0.956;0.0718;0.000947;0.0215; 49920;1;0;11.7;9.15;49;1.02e+04;7.69e+03;3.56e+03; 52%; 39%; 18%;1.06e+04;3.73e+03;1.06e+04; 54%; 19%; 54%;1.01e+04;7.66e+03;3.54e+03; 51%; 39%; 18%;5.89e+03;6.22e+03;5.89e+03; 30%; 31%; 30%;100;0.000315;0;0;0;0;0;0;0;96.9;2.01;0;1.13;0;0;0;0;0;100;0.00205;0;0;0;0;0;0;0;0.185;1.08;0.0126;98.7;0;87.7;0;0;0;99;103;106;55.1;24.3 ;32.1 ;25.8 ;23.8 ;
2017-09-04;06:50:20.547;0.268;0.992;0.27;0.619;373;418;0.108;0.285;0.00409;0.00459;28.7;23.3;9.12e+04;9.19e+04;2.13e+03;1.98;49.6;0.535;13.4;4.73e+04;43.6;7.83;0.00244;48.6;0;23.4;0;0;0;263;76.9;0.439;1.01;0.435;0.619;158;176;0.103;0.269;0.00423;0.00472; 49760;2841;9694;6.35;4.31;43;0.234;0.953;0.246;0.619;75.1;85.4;0.121;0.325;0.00376;0.00428; 54800;1953;3330;9.71;9.16;42;0.396;0.999;0.397;0.619;140;155;0.102;0.282;0.00413;0.0046; 52000;2226;8323;6.31;4.41;44;0.000385;0.4;0.000961;0.609;0.0626;0.833;0.925;0.0629;0.00191;0.0254; 50080;0;3;6.29;5.39;50;5.04e+03;4.77e+03;2.2e+03; 25%; 24%; 11%;5.83e+03;1.7e+03;6.29e+03; 29%;  8%; 32%;4.79e+03;4.93e+03;2.09e+03; 24%; 25%; 10%;3.47e+03;2.38e+03;3.76e+03; 17%; 12%; 19%;70.3;8.59;0;21.1;0;0;0;0;0;39.7;11.6;0;48.7;0;4.65;0;0;0;64.1;9.43;0;26.4;0;9.07;0;0;0;0.158;1.72;0.00975;98.1;0;79.9;0;0;0;76.6;65.4;76.4;44.8;17.6 ;22.9 ;18.9 ;17.4 ;
2017-09-04;06:50:21.561;0.385;0.828;0.465;0.619;626;694;0.0978;0.218;0.00478;0.00529;50.2;41.2;1.31e+05;1.58e+05;2.13e+03;1.66;41.4;0.769;19.2;8.06e+04;75;0.676;0.00242;24.3;0;18.2;0;0;0;349;105;0.473;0.764;0.619;0.619;191;211;0.0952;0.218;0.00473;0.00523; 48880;3609;14038;10.7;7.88;40;0.59;0.954;0.619;0.619;244;271;0.098;0.22;0.00485;0.00538; 53040;9841;15356;18.3;16.2;39;0.474;0.766;0.619;0.619;191;211;0.095;0.217;0.00474;0.00523; 46960;3551;14029;10.6;7.87;42;0.000667;0.575;0.00116;0.603;0.0364;1.22;0.97;0.0685;0.000641;0.0215; 50240;0;2;10.6;9.24;49;1e+04;6.75e+03;3.19e+03; 51%; 34%; 16%;1.03e+04;3.79e+03;1.02e+04; 52%; 19%; 52%;1.01e+04;6.73e+03;3.23e+03; 52%; 34%; 16%;5.08e+03;6.13e+03;5.02e+03; 26%; 31%; 25%;100;0.0199;0;0;0;0;0;0;0;100;0.0116;0;0;0;0;0;0;0;100;0.0198;0;0;0;0;0;0;0;0.192;2.65;0.00969;97.1;0;72.8;0;0;0;93.4;102;99.3;54.3;23.8 ;32.9 ;25.2 ;23.4 ;
2017-09-04;06:50:22.576;0.452;0.973;0.465;0.619;683;759;0.101;0.234;0.00443;0.00493;53.1;40.9;1.54e+05;1.58e+05;2.13e+03;1.95;48.7;0.904;22.6;8.51e+04;75;0.3;0.00172;24.7;0;21.5;0;0;0;367;107;0.573;0.926;0.619;0.619;216;240;0.0986;0.233;0.00442;0.00491; 48240;4266;15806;11.7;8.05;40;0.626;1.01;0.619;0.619;237;263;0.099;0.235;0.00445;0.00493; 55360;7956;14053;18.1;15.3;39;0.608;0.983;0.619;0.619;229;255;0.1;0.235;0.00442;0.00491; 50400;4753;17536;11.6;8;41;0.00071;0.582;0.00122;0.599;0.0396;1.36;0.971;0.0671;0.000654;0.0224; 50080;0;2;11.6;9.58;49;9.92e+03;7.74e+03;3.54e+03; 50%; 39%; 18%;1.06e+04;3.81e+03;1.04e+04; 54%; 19%; 53%;1e+04;7.59e+03;3.63e+03; 51%; 38%; 18%;5.96e+03;6.15e+03;5.72e+03; 30%; 31%; 29%;100;0.000891;0;0;0;0;0;0;0;100;0.000837;0;0;0;0;0;0;0;100;0.00384;0;0;0;0;0;0;0;0.203;1.19;0.0069;98.6;0;86;0;0;0;99.5;104;108;55.2;24.6 ;32.1 ;25.8 ;24.2 ;
2017-09-04;06:50:23.591;0.459;1.06;0.435;0.619;644;720;0.106;0.252;0.00411;0.0046;49.2;37.5;1.56e+05;1.48e+05;2.13e+03;2.11;52.8;0.918;23;7.89e+04;70.2;3.09;0.00134;26.7;0;18.4;0;0;0;360;102;0.624;1.02;0.613;0.619;228;253;0.0997;0.238;0.00429;0.00476; 55920;4512;16252;11.1;7.47;41;0.586;1.1;0.531;0.619;199;223;0.109;0.268;0.00399;0.00448; 48960;5745;10513;16.2;13.5;40;0.626;1.06;0.594;0.619;217;242;0.106;0.251;0.00406;0.00454; 52000;4000;14302;11;7.54;42;0.000513;0.495;0.00104;0.604;0.043;0.928;0.954;0.0739;0.000984;0.0212; 49920;0;2;10.9;9.03;49;8.95e+03;7.49e+03;3.51e+03; 45%; 38%; 18%;9.37e+03;3.42e+03;9.92e+03; 48%; 17%; 50%;8.55e+03;7.58e+03;3.4e+03; 43%; 38%; 17%;5.6e+03;5.35e+03;5.82e+03; 28%; 27%; 29%;99.1;0.947;0;0;0;0;0;0;0;85.8;6.08;0;8.17;0;0;0;0;0;95.9;3.47;0;0.65;0;0;0;0;0;0.172;1.86;0.00535;98;0;73.5;0;0;0;100;99;107;54.6;23.6 ;30.1 ;25.1 ;23.3 ;
2017-09-04;06:50:24.625;0.0982;0.282;0.348;0.619;211;252;0.163;0.242;0.00622;0.00743;20.7;19.8;3.39e+04;1.2e+05;2.13e+03;0.563;14.1;0.196;4.91;3.05e+04;56.3;3.34;0.00241;40.4;0;25.2;0;0;0;255;69.5;0.183;0.358;0.511;0.619;76.3;90.4;0.156;0.249;0.00486;0.00576; 52480;910;7734;2.19;2.02;42;0.0933;0.218;0.429;0.619;78.6;92.3;0.149;0.186;0.00977;0.0115; 52000;8546;2799;14.2;13.2;40;0.116;0.256;0.454;0.619;55.7;67.8;0.179;0.301;0.00554;0.00675; 54720;658;6924;2.17;2.14;44;0.000808;0.588;0.00137;0.608;0.067;1.15;0.942;0.0789;0.000959;0.0164; 50000;2;0;2.11;2.43;49;4.79e+03;1.47e+03;825; 24%;  7%;  4%;5.78e+03;1.09e+03;6.3e+03; 29%;  5%; 31%;4.5e+03;1.67e+03;654; 22%;  8%;  3%;855;1.37e+03;1.23e+03;  4%;  6%;  6%;82.6;5.95;0;11.5;0;0;0;0;0;69.3;0.999;0;29.7;0;12.6;0;0;0;73.4;4.55;0;22.1;0;13.5;0;0;0;0.226;1.86;0.0096;97.9;0;74.2;0;0;0;69.5;71.2;68.3;45.8;13.5 ;28.1 ;14.8 ;13.1 ;
2017-09-04;06:50:25.620;0.0802;0.173;0.465;0.619;256;309;0.169;0.19;0.00954;0.0115;25.6;24.4;2.69e+04;1.56e+05;2.1e+03;0.345;8.63;0.16;4.01;3.72e+04;75.1;0.785;0.00299;24.1;0;16.8;0;0;0;287;75.6;0.0938;0.152;0.619;0.619;72;86.3;0.166;0.205;0.00915;0.011; 53040;812;9288;2.36;2.3;42;0.129;0.209;0.619;0.619;112;134;0.161;0.173;0.0104;0.0124; 50240;12036;3941;18.7;17.3;40;0.097;0.157;0.619;0.619;72.1;87.5;0.175;0.203;0.00888;0.0108; 52560;800;9471;2.28;2.23;44;0.000716;0.515;0.00139;0.605;0.0388;1.2;0.968;0.0708;0.000648;0.0201; 49840;0;0;2.24;2.57;50;6.05e+03;1.47e+03;709; 31%;  7%;  3%;7.76e+03;1.42e+03;7.75e+03; 40%;  7%; 40%;6.05e+03;1.45e+03;713; 31%;  7%;  3%;982;1.82e+03;974;  5%;  9%;  5%;100;6.45e-05;0;0;0;0;0;0;0;100;0.00111;0;0;0;0;0;0;0;100;0;0;0;0;0;0;0;0;0.23;3.14;0.012;96.6;0;67.4;0;0;0;73.7;85.5;77.5;49.9;14 ;33.3 ;15 ;13.3 ;
2017-09-04;06:50:26.650;0.0763;0.164;0.465;0.619;262;314;0.164;0.184;0.00992;0.0119;26.4;25.2;2.64e+04;1.61e+05;2.16e+03;0.329;8.22;0.153;3.82;3.84e+04;75;0.324;0.00412;24.6;0;21.4;0;0;0;296;78;0.0853;0.138;0.619;0.619;72.8;86.6;0.16;0.193;0.00986;0.0117; 47440;801;9535;2.36;2.31;42;0.13;0.211;0.619;0.619;117;138;0.156;0.175;0.0103;0.0123; 53120;12462;4065;19.4;17.9;40;0.0889;0.144;0.619;0.619;72.6;87.5;0.171;0.191;0.00944;0.0114; 46320;819;9686;2.37;2.32;44;0.000729;0.515;0.00141;0.601;0.0415;1.29;0.968;0.0681;0.000658;0.0205; 50160;0;0;2.32;2.66;50;6.27e+03;1.48e+03;725; 31%;  7%;  3%;8.03e+03;1.49e+03;8.01e+03; 40%;  7%; 40%;6.25e+03;1.49e+03;722; 31%;  7%;  3%;991;1.92e+03;999;  5%;  9%;  5%;100;2.91e-05;0;0;0;0;0;0;0;100;0.00316;0;0;0;0;0;0;0;100;0.00179;0;0;0;0;0;0;0;0.235;1.29;0.0165;98.5;0;85.4;0;0;0;76;88.6;79.9;51.5;14.3 ;34.3 ;15.6 ;13.8 ;
2017-09-04;06:50:27.679;0.0786;0.169;0.465;0.619;265;318;0.167;0.19;0.00973;0.0117;26.5;25.2;2.72e+04;1.61e+05;2.16e+03;0.338;8.46;0.157;3.93;3.84e+04;75.1;0.875;0.00362;24.1;0;16.1;0;0;0;296;78;0.0896;0.145;0.619;0.619;73.5;88.1;0.165;0.198;0.00949;0.0114; 50720;808;9547;2.38;2.33;42;0.13;0.21;0.619;0.619;117;138;0.156;0.177;0.0104;0.0123; 49760;12474;4052;19.3;17.8;40;0.0944;0.153;0.619;0.619;74.5;90.2;0.174;0.202;0.00913;0.011; 53680;851;9752;2.39;2.33;44;0.000709;0.529;0.00134;0.606;0.034;1.23;0.972;0.0688;0.000556;0.02; 49840;0;2;2.33;2.67;49;6.23e+03;1.51e+03;729; 31%;  7%;  3%;8.03e+03;1.47e+03;7.98e+03; 40%;  7%; 40%;6.27e+03;1.5e+03;734; 31%;  7%;  3%;1.02e+03;1.9e+03;1e+03;  5%;  9%;  5%;100;0.000482;0;0;0;0;0;0;0;100;0.000986;0;0;0;0;0;0;0;100;0.000127;0;0;0;0;0;0;0;0.221;3.5;0.0145;96.3;0;64.6;0;0;0;76;88.4;80;51.6;14.3 ;34.4 ;15.6 ;13.7 ;
2017-09-04;06:50:28.706;0.0772;0.166;0.465;0.619;264;314;0.16;0.193;0.00988;0.0118;26.3;25.1;2.67e+04;1.61e+05;2.16e+03;0.332;8.31;0.154;3.86;3.81e+04;75.1;0.965;0.00321;24;0;15.4;0;0;0;295;77.9;0.0894;0.144;0.619;0.619;73.2;87.8;0.167;0.196;0.00947;0.0114; 54480;818;9496;2.38;2.33;42;0.125;0.202;0.619;0.619;116;136;0.146;0.181;0.0108;0.0126; 51040;12487;3995;19.3;17.8;40;0.0932;0.151;0.619;0.619;73.9;88.4;0.164;0.209;0.00918;0.011; 49440;829;9672;2.35;2.3;44;0.000704;0.53;0.00133;0.607;0.036;1.24;0.971;0.069;0.000593;0.0203; 49840;0;1;2.3;2.64;49;6.2e+03;1.5e+03;724; 31%;  7%;  3%;8e+03;1.46e+03;7.94e+03; 40%;  7%; 40%;6.24e+03;1.48e+03;722; 31%;  7%;  3%;994;1.87e+03;1e+03;  5%;  9%;  5%;100;0.00124;0;0;0;0;0;0;0;100;0.00138;0;0;0;0;0;0;0;100;0.000392;0;0;0;0;0;0;0;0.219;3.86;0.0128;95.9;0;61.5;0;0;0;75.8;88.2;79.8;51.5;14.2 ;34.4 ;15.6 ;13.7 ;
2017-09-04;06:50:29.734;0.0792;0.171;0.462;0.619;262;313;0.163;0.193;0.00959;0.0115;26.4;25.1;2.73e+04;1.6e+05;2.16e+03;0.343;8.56;0.158;3.96;3.83e+04;74.7;1.02;0.0028;24.3;0;15.1;0;0;0;296;78.1;0.0901;0.145;0.619;0.619;72.8;87.7;0.17;0.192;0.00937;0.0113; 50400;803;9507;2.37;2.31;42;0.129;0.209;0.619;0.619;115;136;0.153;0.177;0.0103;0.0122; 53440;12478;4043;19.4;17.8;40;0.0967;0.158;0.61;0.619;74.1;88.4;0.161;0.218;0.00888;0.0106; 51600;850;9773;2.36;2.3;45;0.000601;0.468;0.00129;0.609;0.0505;1.01;0.95;0.0733;0.000973;0.0194; 49840;0;0;2.33;2.67;50;6.22e+03;1.48e+03;726; 31%;  7%;  3%;8.04e+03;1.49e+03;7.97e+03; 40%;  7%; 40%;6.27e+03;1.48e+03;733; 31%;  7%;  3%;1.01e+03;1.92e+03;994;  5%;  9%;  5%;100;0.000102;0;0;0;0;0;0;0;100;0.00286;0;0;0;0;0;0;0;98.6;1.41;0;0;0;0;0;0;0;0.211;2.66;0.0112;97.1;0;60.4;0;0;0;75.9;88.5;80;51.5;14.2 ;34.4 ;15.6 ;13.8 ;
2017-09-04;06:50:30.760;0.0796;0.173;0.461;0.619;262;315;0.168;0.193;0.00955;0.0115;26.3;25.1;2.75e+04;1.59e+05;2.16e+03;0.345;8.64;0.159;3.98;3.82e+04;74.5;0.857;0.00167;24.7;0;22.4;0;0;0;295;77.5;0.094;0.152;0.619;0.619;73.6;89.1;0.174;0.197;0.00907;0.011; 51360;829;9489;2.37;2.31;42;0.127;0.205;0.619;0.619;115;138;0.165;0.168;0.0105;0.0126; 48240;12423;3993;19.3;17.8;40;0.0972;0.161;0.604;0.619;73.9;87.7;0.158;0.226;0.00881;0.0105; 51920;774;9784;2.36;2.3;44;0.000488;0.409;0.00119;0.606;0.0532;0.802;0.934;0.0778;0.00126;0.0191; 49680;0;4;2.29;2.62;49;6.19e+03;1.49e+03;725; 31%;  7%;  3%;8.03e+03;1.45e+03;7.94e+03; 40%;  7%; 40%;6.3e+03;1.5e+03;718; 31%;  7%;  3%;988;1.88e+03;1e+03;  5%;  9%;  5%;100;0.000342;0;0;0;0;0;0;0;100;3.58e-05;0;0;0;0;0;0;0;97.6;2.39;0;0;0;0;0;0;0;0.197;1.04;0.00667;98.8;0;89.7;0;0;0;75.8;88.1;79.7;51.2;14.2 ;34 ;15.6 ;13.6 ;
2017-09-04;06:50:31.790;0.0785;0.17;0.461;0.619;263;314;0.161;0.195;0.0097;0.0116;26.4;25.2;2.71e+04;1.59e+05;2.15e+03;0.341;8.52;0.157;3.93;3.82e+04;74.4;1.27;0.0023;24.3;0;14.7;0;0;0;296;78;0.0912;0.147;0.619;0.619;73.2;88;0.168;0.2;0.0093;0.0112; 51280;809;9454;2.36;2.32;42;0.129;0.208;0.619;0.619;116;136;0.149;0.178;0.0104;0.0122; 50640;12429;4038;19.3;17.9;40;0.0942;0.156;0.605;0.619;74.2;89;0.166;0.217;0.00912;0.0109; 48560;802;9454;2.35;2.3;44;0.000413;0.371;0.00111;0.61;0.0599;0.649;0.908;0.0837;0.00168;0.0182; 49520;0;1;2.31;2.65;49;6.23e+03;1.47e+03;721; 31%;  7%;  3%;8.01e+03;1.47e+03;7.98e+03; 40%;  7%; 40%;6.3e+03;1.47e+03;718; 31%;  7%;  3%;997;1.89e+03;991;  5%;  9%;  5%;100;0.00125;0;0;0;0;0;0;0;100;0.00329;0;0;0;0;0;0;0;97.7;2.34;0;0;0;0;0;0;0;0.182;2.73;0.00918;97.1;0;58.7;0;0;0;76;88.5;80;51.6;14.3 ;34.3 ;15.6 ;13.8 ;
2017-09-04;06:50:32.815;0.0797;0.173;0.461;0.619;264;316;0.165;0.197;0.00958;0.0115;26.3;25.1;2.75e+04;1.59e+05;2.16e+03;0.346;8.65;0.159;3.99;3.82e+04;74.5;1.3;0.00251;24.2;0;13.6;0;0;0;295;77.9;0.0896;0.145;0.619;0.619;72.9;88.1;0.172;0.191;0.00942;0.0114; 51520;795;9515;2.36;2.32;43;0.13;0.211;0.619;0.619;116;138;0.159;0.179;0.0103;0.0123; 53760;12435;4059;19.2;17.8;40;0.0985;0.163;0.605;0.619;74.7;89.1;0.161;0.23;0.0088;0.0105; 50080;761;9326;2.36;2.3;44;0.000437;0.4;0.00109;0.611;0.0485;0.677;0.928;0.0824;0.00129;0.018; 49600;1;0;2.32;2.65;50;6.2e+03;1.49e+03;722; 31%;  7%;  3%;8e+03;1.47e+03;7.94e+03; 40%;  7%; 40%;6.29e+03;1.49e+03;730; 31%;  7%;  3%;1.01e+03;1.89e+03;998;  5%;  9%;  5%;100;0.000569;0;0;0;0;0;0;0;100;0.00034;0;0;0;0;0;0;0;97.7;2.32;0;0;0;0;0;0;0;0.179;2.89;0.0101;96.9;0;54.3;0;0;0;75.6;88.3;79.8;51.3;14.3 ;34.1 ;15.7 ;13.8 ;
2017-09-04;06:50:33.845;0.0788;0.171;0.461;0.619;263;313;0.16;0.197;0.00966;0.0115;26.4;25.2;2.72e+04;1.59e+05;2.15e+03;0.342;8.55;0.158;3.94;3.83e+04;74.4;1.31;0.00277;24.3;0;13.5;0;0;0;296;78.2;0.0858;0.139;0.619;0.619;73.1;87.2;0.162;0.197;0.00987;0.0118; 46640;813;9466;2.37;2.32;43;0.131;0.212;0.619;0.619;116;137;0.152;0.18;0.0102;0.0121; 49760;12451;4039;19.3;17.9;40;0.0981;0.162;0.605;0.619;73.9;88.6;0.166;0.223;0.00872;0.0105; 49200;831;9375;2.36;2.31;44;0.000319;0.323;0.000989;0.612;0.0492;0.467;0.895;0.095;0.00178;0.0169; 49600;2;2;2.32;2.66;49;6.25e+03;1.48e+03;724; 31%;  7%;  3%;8.02e+03;1.47e+03;7.96e+03; 40%;  7%; 40%;6.29e+03;1.48e+03;728; 31%;  7%;  3%;1.01e+03;1.89e+03;996;  5%;  9%;  5%;100;0.000669;0;0;0;0;0;0;0;100;0.00377;0;0;0;0;0;0;0;97.7;2.34;0;0;0;0;0;0;0;0.161;2.91;0.0111;96.9;0;54.1;0;0;0;76;88.6;80;51.5;14.3 ;34.4 ;15.6 ;13.9 ;
2017-09-04;06:50:34.875;0.0788;0.171;0.461;0.619;264;316;0.164;0.195;0.00968;0.0116;26.4;25.2;2.73e+04;1.6e+05;2.16e+03;0.342;8.54;0.158;3.94;3.84e+04;74.5;0.833;0.00287;24.7;0;22.4;0;0;0;296;78.2;0.0885;0.143;0.619;0.619;73.9;88.5;0.166;0.198;0.00964;0.0116; 52400;832;9551;2.4;2.33;42;0.13;0.211;0.619;0.619;116;138;0.159;0.178;0.0103;0.0122; 51680;12436;4054;19.3;17.9;40;0.0955;0.158;0.605;0.619;73.8;88.2;0.163;0.22;0.00894;0.0107; 51600;891;9456;2.34;2.29;44;0.000685;0.534;0.00128;0.608;0.0644;0.752;0.914;0.105;0.00109;0.0127; 49520;0;5;2.32;2.65;50;6.26e+03;1.49e+03;731; 31%;  7%;  3%;8.03e+03;1.48e+03;7.99e+03; 40%;  7%; 40%;6.29e+03;1.48e+03;726; 31%;  7%;  3%;999;1.91e+03;1e+03;  5%;  9%;  5%;100;0.0012;0;0;0;0;0;0;0;100;0.000793;0;0;0;0;0;0;0;97.7;2.28;0;0;0;0;0;0;0;0.211;1.05;0.0115;98.7;0;89.7;0;0;0;75.9;88.5;79.8;51.4;14.3 ;34.5 ;15.6 ;13.8 ;
2017-09-04;06:50:35.902;0.0778;0.169;0.461;0.619;262;313;0.162;0.193;0.00975;0.0116;26.2;25.1;2.69e+04;1.59e+05;2.16e+03;0.338;8.44;0.156;3.89;3.8e+04;74.5;1.93;0.00353;23.6;0;12.1;0;0;0;295;77.8;0.0889;0.144;0.619;0.619;72.9;87.4;0.166;0.197;0.0095;0.0114; 54000;793;9492;2.33;2.28;43;0.128;0.208;0.619;0.619;115;136;0.152;0.174;0.0104;0.0122; 52960;12423;3987;19.3;17.9;40;0.0935;0.155;0.605;0.619;73.9;89;0.17;0.218;0.00915;0.011; 53440;935;9546;2.36;2.3;45;0.000398;0.353;0.00113;0.611;0.0621;0.605;0.897;0.0916;0.00181;0.0176; 50240;0;2;2.27;2.6;50;6.18e+03;1.46e+03;710; 31%;  7%;  3%;7.99e+03;1.45e+03;7.94e+03; 40%;  7%; 40%;6.29e+03;1.47e+03;710; 31%;  7%;  3%;989;1.85e+03;976;  5%;  9%;  4%;100;0;0;0;0;0;0;0;0;100;0.00215;0;0;0;0;0;0;0;97.7;2.33;0;0;0;0;0;0;0;0.184;5.39;0.0141;94.4;0;48.3;0;0;0;75.7;88.2;79.6;51.6;14.3 ;34.3 ;15.6 ;13.7 ;
2017-09-04;06:50:36.930;0.0814;0.177;0.46;0.619;265;318;0.164;0.198;0.00944;0.0113;26.5;25.3;2.81e+04;1.59e+05;2.16e+03;0.354;8.86;0.163;4.07;3.86e+04;74.2;2.18;0.00552;23.6;0;12;0;0;0;296;78.5;0.0896;0.145;0.619;0.619;72.9;87.8;0.17;0.19;0.00943;0.0114; 48720;792;9489;2.4;2.35;43;0.137;0.224;0.614;0.619;118;140;0.159;0.185;0.00997;0.0119; 51280;12423;4237;19.3;17.9;40;0.0984;0.163;0.604;0.619;74.4;88.8;0.162;0.224;0.00875;0.0105; 51280;986;9676;2.37;2.33;45;0.00038;0.317;0.0012;0.614;0.0575;0.592;0.903;0.0878;0.00175;0.018; 49600;2;0;2.39;2.72;49;6.25e+03;1.51e+03;735; 31%;  7%;  3%;8.05e+03;1.51e+03;7.98e+03; 40%;  7%; 40%;6.31e+03;1.51e+03;734; 32%;  7%;  3%;1e+03;1.96e+03;1.02e+03;  5%;  9%;  5%;100;0.00027;0;0;0;0;0;0;0;99.2;0.801;0;0;0;0;0;0;0;97.6;2.38;0;0;0;0;0;0;0;0.196;5.54;0.0221;94.2;0;48.1;0;0;0;75.9;88.7;80;51.8;14.4 ;34.5 ;15.6 ;14 ;
2017-09-04;06:50:37.956;0.0901;0.2;0.45;0.619;271;326;0.169;0.226;0.00871;0.0105;26.5;25.5;3.11e+04;1.55e+05;2.16e+03;0.4;10;0.18;4.5;3.89e+04;72.7;2.99;0.00451;24.3;0;12.2;0;0;0;296;78.7;0.093;0.15;0.619;0.619;73.3;88.8;0.175;0.196;0.00911;0.011; 51520;829;9482;2.47;2.43;43;0.171;0.297;0.575;0.619;124;149;0.166;0.246;0.00842;0.0101; 51920;12189;4595;19.2;17.9;40;0.0963;0.159;0.604;0.619;73.8;88.3;0.164;0.222;0.00888;0.0106; 52400;941;9537;2.44;2.42;44;0.000304;0.276;0.0011;0.611;0.057;0.431;0.868;0.1;0.00218;0.0165; 49760;0;0;2.44;2.78;49;6.31e+03;1.47e+03;733; 31%;  7%;  3%;8.11e+03;1.57e+03;8.03e+03; 41%;  7%; 40%;6.43e+03;1.48e+03;731; 32%;  7%;  3%;1.01e+03;2.05e+03;1e+03;  5%; 10%;  5%;100;0.0017;0;0;0;0;0;0;0;92.9;6.31;0;0.772;0;0;0;0;0;97.6;2.44;0;0;0;0;0;0;0;0.18;3.23;0.018;96.6;0;49;0;0;0;75.7;89.2;79.7;51.3;14.5 ;34.3 ;15.9 ;14 ;
2017-09-04;06:50:38.979;0.153;0.4;0.382;0.619;290;363;0.202;0.381;0.00551;0.0069;26.3;27.6;5.26e+04;1.31e+05;2.15e+03;0.801;20;0.306;7.65;4.64e+04;61.7;8.23;0.00383;30.1;0;22.3;0;0;0;300;80.5;0.107;0.175;0.612;0.619;87.3;104;0.163;0.195;0.00947;0.0113; 52320;1063;11351;2.88;2.85;43;0.388;1.24;0.312;0.619;113;151;0.251;0.528;0.00339;0.00453; 50720;6552;5064;17.7;18.6;40;0.116;0.193;0.604;0.619;89.4;107;0.168;0.214;0.00893;0.0107; 49360;1119;11449;2.88;2.85;44;0.000231;0.253;0.000915;0.607;0.0496;0.294;0.832;0.121;0.00249;0.0148; 49600;1;2;2.84;3.28;50;7.49e+03;1.8e+03;863; 38%;  9%;  4%;9.75e+03;1.85e+03;9.58e+03; 49%;  9%; 48%;7.64e+03;1.78e+03;875; 38%;  9%;  4%;1.2e+03;2.36e+03;1.19e+03;  6%; 12%;  6%;98.8;1.2;0;0;0;0;0;0;0;50.3;28;0;21.6;0;0;0;0;0;97.5;2.48;0;0;0;0;0;0;0;0.151;1.19;0.0153;98.6;0;89.2;0;0;0;76.9;90.3;81.3;51.4;15.2 ;33.9 ;16.6 ;14.8 ;
2017-09-04;06:50:39.999;0.0806;0.271;0.298;0.619;229;273;0.162;0.274;0.00829;0.0099;22.2;25.3;2.76e+04;1.02e+05;2.15e+03;0.541;13.5;0.161;4.03;4.7e+04;48.1;5.49;0.00407;46.4;0;25.3;0;0;0;277;74.5;0.143;0.242;0.592;0.619;113;133;0.155;0.225;0.00918;0.0109; 51360;1280;14186;2.07;1.81;42;0.0316;2.89;0.0109;0.619;2.62;5.62;0.533;0.817;0.000968;0.00207; 51920;89;225;16;19.3;41;0.147;0.251;0.587;0.619;114;134;0.152;0.226;0.00901;0.0106; 47760;1342;14502;2.07;1.81;44;0.000218;0.251;0.000869;0.611;0.0426;0.252;0.831;0.136;0.00228;0.0135; 49760;0;1;2.01;2.33;49;7.38e+03;2.08e+03;949; 37%; 10%;  4%;1.08e+04;951;1.05e+04; 55%;  4%; 53%;7.67e+03;2.08e+03;922; 39%; 10%;  4%;1.32e+03;952;1.38e+03;  6%;  4%;  7%;95.6;4.27;0;0.117;0;0;0;0;0;1.77;11.1;0;87.2;0;13.8;0;0;0;94.8;5.16;0;0;0;0;0;0;0;0.142;1.44;0.0163;98.4;0;87.6;0;0;0;78.1;66.3;82.2;50.9;13.4 ;33.4 ;14.5 ;13.1 ;
2017-09-04;06:50:41.017;0.103;0.376;0.275;0.619;244;293;0.167;0.311;0.0069;0.00829;22.4;26;3.54e+04;9.4e+04;2.14e+03;0.753;18.8;0.207;5.17;4.74e+04;44.4;14.2;0.00295;41.4;0;21.5;0;0;0;282;75.5;0.193;0.359;0.539;0.619;120;144;0.166;0.295;0.00723;0.00866; 51760;1313;13986;2.25;1.98;43;0.0314;2.96;0.0106;0.619;2.56;5.14;0.503;0.736;0.000951;0.00191; 52000;80;224;15.7;19.4;41;0.188;0.344;0.548;0.619;122;144;0.155;0.286;0.00757;0.00896; 50240;1454;14799;2.25;1.98;44;0.000212;0.252;0.000839;0.611;0.0425;0.257;0.835;0.133;0.00235;0.0142; 49760;1;0;2.21;2.58;50;7.35e+03;2.28e+03;1.04e+03; 37%; 11%;  5%;1.07e+04;911;1.03e+04; 54%;  4%; 52%;7.69e+03;2.28e+03;1.03e+03; 39%; 11%;  5%;1.46e+03;910;1.51e+03;  7%;  4%;  7%;87.1;12.6;0;0.398;0;0;0;0;0;1.72;31.3;0;67;0;0;0;0;0;88.5;11.4;0;0.0628;0;0;0;0;0;0.137;1.62;0.0118;98.2;0;86.1;0;0;0;79.5;67.6;83.5;50.9;13.7 ;33.3 ;14.9 ;13.6 ;
2017-09-04;06:50:42.032;0.187;1.01;0.184;0.619;266;340;0.217;0.473;0.00418;0.00534;20.9;24.9;6.37e+04;6.28e+04;2.14e+03;2.03;50.7;0.373;9.33;4.32e+04;29.7;23;0.00298;47.2;0;22.9;0;0;0;276;74.4;0.399;0.944;0.422;0.619;157;197;0.204;0.438;0.00461;0.00579; 50640;1819;17907;2.75;2.31;43;0.0148;2.86;0.00517;0.619;1.24;2.5;0.505;0.743;0.000982;0.00198; 51920;40;107;12.6;16.8;42;0.332;1.08;0.308;0.619;108;140;0.229;0.506;0.00381;0.00494; 50400;1521;10731;2.77;2.55;46;0.000211;0.254;0.000832;0.606;0.0433;0.252;0.828;0.135;0.0024;0.014; 49600;1;2;2.73;3.2;50;7.59e+03;2.79e+03;1.44e+03; 38%; 14%;  7%;6.83e+03;689;1.01e+04; 35%;  3%; 51%;5.24e+03;2.96e+03;1.17e+03; 26%; 15%;  6%;1.64e+03;690;2.07e+03;  8%;  3%; 10%;68.2;25.9;0;5.88;0;0;0;0;0;0.835;41.9;0;57.3;0;0;0;0;0;49.8;22.5;0;27.7;0;6.83;0;0;0;0.137;1.76;0.0119;98.1;0;84.7;0;0;0;83.3;64;79.3;49.7;14.3 ;29.9 ;16 ;14.3 ;
2017-09-04;06:50:43.070;0.107;0.299;0.358;0.619;255;267;0.0451;0.109;0.0069;0.00723;40.6;57.2;3.7e+04;1.24e+05;2.13e+03;0.598;14.9;0.214;5.35;7.73e+04;57.9;2.87;0.00356;39.3;0;32.1;0;0;0;300;104;0.181;0.373;0.484;0.619;86;93.7;0.0823;0.231;0.00554;0.00603; 51200;5188;15650;10.1;13.8;40;0.124;0.261;0.475;0.619;83.9;85.5;0.0186;0.0331;0.00785;0.008; 49280;5485;16378;10.2;13.8;41;0.124;0.261;0.474;0.619;85.2;86.7;0.0168;0.0187;0.00796;0.00809; 50400;5524;16589;10.2;13.6;42;0.000605;0.389;0.00155;0.608;0.0876;1.38;0.936;0.0539;0.00167;0.0263; 49760;0;4;10.1;16.1;49;8.38e+03;8.35e+03;3.98e+03; 42%; 42%; 20%;8.58e+03;4.16e+03;8.33e+03; 43%; 21%; 42%;8.59e+03;8.33e+03;4.21e+03; 43%; 42%; 21%;4.9e+03;4.85e+03;4.65e+03; 24%; 24%; 23%;78.2;6.79;0;15;0;0.75;0;0;0;76.7;2.4;0;20.9;0;15.4;0;0;0;76.6;1.32;0;22;0;20.8;0;0;0;0.256;1;0.0142;98.7;0;91.2;0;0;0;83.8;79;85.2;51.6;25.5 ;26.1 ;26.5 ;25.6 ;
2017-09-04;06:50:44.086;0.105;0.249;0.421;0.619;320;325;0.0163;0.0138;0.00885;0.009;45.9;64.7;3.61e+04;1.45e+05;2.18e+03;0.498;12.4;0.21;5.24;8.74e+04;68;2.63;0.00438;29.4;0;22.7;0;0;0;322;115;0.133;0.22;0.603;0.619;103;105;0.0171;0.0132;0.00894;0.0091; 52880;6075;18159;11.5;15.7;41;0.144;0.256;0.562;0.619;110;111;0.0117;0.0134;0.00885;0.00895; 50400;6478;19638;11.5;15.5;42;0.141;0.273;0.515;0.619;107;108;0.0115;0.014;0.00881;0.00891; 51360;6361;19039;11.5;15.4;43;0.000761;0.484;0.00157;0.609;0.0726;1.04;0.93;0.0811;0.00111;0.016; 49680;0;4;11.4;18.2;49;9.55e+03;9.42e+03;4.5e+03; 48%; 47%; 22%;9.64e+03;4.77e+03;9.51e+03; 48%; 24%; 48%;9.67e+03;9.39e+03;4.66e+03; 49%; 47%; 23%;5.43e+03;5.55e+03;5.27e+03; 27%; 28%; 26%;97.4;2.33;0;0.266;0;0;0;0;0;90.7;3.39;0;5.87;0;2.87;0;0;0;83.3;3.7;0;13;0;0.0419;0;0;0;0.258;1.09;0.0176;98.6;0;88.1;0;0;0;89.4;85.8;91.4;55.8;28.5 ;28.6 ;29.4 ;28.9 ;
2017-09-04;06:50:45.106;0.323;0.746;0.433;0.619;574;624;0.0793;0.209;0.0052;0.00564;46.4;37.8;1.11e+05;1.48e+05;2.13e+03;1.49;37.3;0.646;16.1;7.43e+04;69.9;0.866;0.00272;29.2;0;25.4;0;0;0;331;100;0.416;0.717;0.581;0.619;184;199;0.0744;0.208;0.00517;0.00558; 60160;3729;14279;9.88;7.05;40;0.485;0.845;0.574;0.619;219;238;0.082;0.213;0.00527;0.00575; 51840;8390;12873;16.9;15.2;39;0.39;0.678;0.576;0.619;172;186;0.0767;0.205;0.00514;0.00556; 53680;3279;14285;9.81;7.2;42;0.000524;0.513;0.00102;0.6;0.0437;0.943;0.954;0.0739;0.000974;0.021; 49680;0;1;9.78;8.39;49;9.26e+03;6.19e+03;3.04e+03; 47%; 31%; 15%;9.52e+03;3.44e+03;9.45e+03; 48%; 17%; 48%;9.35e+03;6.27e+03;2.85e+03; 47%; 32%; 14%;4.54e+03;5.59e+03;4.83e+03; 23%; 28%; 24%;93.8;2.05;0;4.16;0;0;0;0;0;92.7;0.204;0;7.12;0;6.84;0;0;0;93;0.127;0;6.88;0;6.14;0;0;0;0.17;1.08;0.0109;98.7;0;88.4;0;0;0;89.2;96.1;92.3;53.6;22.8 ;31.3 ;24.1 ;22.3 ;
2017-09-04;06:50:46.122;0.391;0.841;0.465;0.619;668;728;0.0828;0.215;0.005;0.00545;53.2;41.2;1.34e+05;1.59e+05;2.14e+03;1.68;42.1;0.782;19.5;8.53e+04;75.1;0.299;0.0038;24.6;0;21.5;0;0;0;358;107;0.514;0.831;0.619;0.619;216;235;0.0803;0.215;0.00492;0.00535; 45200;4123;15705;11.6;7.76;40;0.549;0.887;0.619;0.619;238;259;0.0835;0.218;0.00506;0.00553; 63200;8498;14377;18.8;16.4;39;0.499;0.806;0.619;0.619;214;232;0.0796;0.211;0.00501;0.00544; 63280;4312;17577;11.5;7.8;42;0.000681;0.571;0.00119;0.601;0.0375;1.27;0.97;0.0684;0.000644;0.0218; 49600;0;1;11.4;9.22;49;1.02e+04;7.41e+03;3.45e+03; 52%; 37%; 17%;1.09e+04;3.78e+03;1.07e+04; 55%; 19%; 54%;1.04e+04;7.47e+03;3.46e+03; 53%; 38%; 17%;5.64e+03;6.2e+03;5.7e+03; 28%; 31%; 29%;100;0.00261;0;0;0;0;0;0;0;100;0;0;0;0;0;0;0;0;100;0.00393;0;0;0;0;0;0;0;0.199;1.19;0.0152;98.6;0;85.9;0;0;0;97.6;102;103;55;24.2 ;33.1 ;25.5 ;23.9 ;
2017-09-04;06:50:47.137;0.426;0.917;0.465;0.619;698;761;0.0825;0.223;0.0048;0.00524;54.8;41.1;1.45e+05;1.59e+05;2.13e+03;1.83;45.8;0.852;21.3;8.75e+04;75.1;0.284;0.00351;24.7;0;21.5;0;0;0;364;108;0.558;0.901;0.619;0.619;225;244;0.0794;0.223;0.00473;0.00513; 44000;4316;15623;12.1;7.96;40;0.606;0.979;0.619;0.619;251;274;0.0839;0.228;0.00485;0.00529; 55280;8543;15133;18.7;15.7;38;0.539;0.87;0.619;0.619;222;242;0.0796;0.219;0.00484;0.00526; 45520;4204;17029;12;8;41;0.000662;0.58;0.00114;0.598;0.0349;1.23;0.972;0.0689;0.000618;0.0217; 49600;0;1;12;9.45;49;1.04e+04;7.68e+03;3.58e+03; 53%; 39%; 18%;1.09e+04;3.95e+03;1.07e+04; 55%; 20%; 54%;1.06e+04;7.74e+03;3.58e+03; 54%; 39%; 18%;5.88e+03;6.56e+03;5.95e+03; 30%; 33%; 30%;100;0.000509;0;0;0;0;0;0;0;100;0.00089;0;0;0;0;0;0;0;100;0;0;0;0;0;0;0;0;0.191;1.13;0.0141;98.7;0;86.1;0;0;0;99.7;104;105;55.3;24.5 ;32.9 ;26 ;24.2 ;
2017-09-04;06:50:48.160;0.296;1.08;0.275;0.619;418;463;0.0982;0.261;0.00412;0.00457;31.7;24.2;1.01e+05;9.4e+04;2.13e+03;2.15;53.9;0.593;14.8;5.21e+04;44.4;7.41;0.00356;48.1;0;25;0;0;0;276;78.6;0.435;1.07;0.406;0.619;157;174;0.0965;0.248;0.00423;0.00468; 51600;2930;10584;7.14;4.66;44;0.297;1.13;0.262;0.619;94;106;0.109;0.307;0.00371;0.00417; 51920;2820;5629;10.4;9.28;43;0.454;1.05;0.431;0.619;166;183;0.0917;0.244;0.00429;0.00472; 50800;3117;12558;7.11;4.59;46;0.000288;0.321;0.000895;0.606;0.0411;0.431;0.905;0.101;0.00167;0.0175; 49680;0;2;7.08;5.7;51;5.23e+03;5.33e+03;2.28e+03; 26%; 27%; 11%;6.85e+03;1.92e+03;6.24e+03; 35%;  9%; 31%;5.71e+03;5.26e+03;2.41e+03; 29%; 26%; 12%;4.08e+03;2.87e+03;3.9e+03; 20%; 14%; 19%;65.7;7.28;0;27.1;0;12.2;0;0;0;42.4;12.2;0;45.5;0;16.3;0;0;0;69.7;8.24;0;22.1;0;0;0;0;0;0.148;1.96;0.0142;97.9;0;71.5;0;0;0;77.1;70.1;82.6;45.9;18.2 ;23.2 ;19.4 ;17.8 ;
2017-09-04;06:50:49.468;0.368;0.815;0.452;0.619;739;821;0.099;0.228;0.00483;0.00536;64.4;53.2;1.53e+05;1.88e+05;2.15e+03;1.63;40.7;0.737;18.4;1.04e+05;73;1.04;0.00411;25.9;0;22.7;0;0;0;451;135;0.451;0.739;0.611;0.619;219;242;0.0949;0.219;0.0049;0.00542; 50240;3890;15226;13.9;10.2;40;0.56;0.917;0.611;0.619;283;314;0.0993;0.231;0.0049;0.00545; 57040;10401;15324;23;20.6;38;0.478;0.787;0.607;0.619;237;263;0.0977;0.235;0.00467;0.00518; 45840;4174;17446;13.8;10.3;41;0.000575;0.549;0.00105;0.597;0.0652;1.42;0.954;0.0671;0.00105;0.0229; 49680;2;0;13.7;12;49;1.3e+04;8.86e+03;4.19e+03; 54%; 37%; 17%;1.3e+04;4.89e+03;1.32e+04; 54%; 20%; 55%;1.28e+04;8.8e+03;4.14e+03; 53%; 37%; 17%;6.55e+03;7.86e+03;6.55e+03; 27%; 33%; 27%;98.6;0.615;0;0.736;0;0.421;0;0;0;98.7;0.795;0;0.481;0;0;0;0;0;98.1;1.56;0;0.348;0;0;0;0;0;0.175;1.13;0.0159;98.7;0;87.5;0;0;0;121;130;130;69.8;30.5 ;41.9 ;32.8 ;30.1 ;
2017-09-04;06:50:50.484;0.442;0.938;0.471;0.619;746;829;0.101;0.229;0.0046;0.00512;53.7;42;1.62e+05;1.73e+05;2.74e+03;1.88;46.9;0.884;22.1;8.63e+04;76.1;0.304;0.00574;23.6;0;20.4;0;0;0;365;108;0.542;0.875;0.619;0.619;242;268;0.0974;0.226;0.00462;0.00512; 46320;4506;17491;11.8;8.31;40;0.616;0.995;0.619;0.619;267;296;0.1;0.232;0.00467;0.00519; 48400;9526;15760;18.3;15.6;38;0.587;0.948;0.619;0.619;237;263;0.0982;0.23;0.00451;0.005; 49760;4863;18712;11.8;8.29;41;0.000843;0.579;0.00146;0.596;0.0529;1.78;0.97;0.061;0.000714;0.024; 49680;0;2;11.7;9.81;49;1.02e+04;7.9e+03;3.58e+03; 48%; 37%; 17%;1.07e+04;3.88e+03;1.06e+04; 51%; 18%; 50%;1.01e+04;7.72e+03;3.66e+03; 48%; 36%; 17%;5.99e+03;6.24e+03;5.74e+03; 28%; 29%; 27%;100;0.000762;0;0;0;0;0;0;0;100;9.45e-05;0;0;0;0;0;0;0;100;0.00261;0;0;0;0;0;0;0;0.244;1.26;0.024;98.5;0;85.3;0;0;0;99.2;104;107;55.3;24.6 ;32.4 ;26.1 ;24.3 ;
2017-09-04;06:50:51.498;0.453;1.03;0.438;0.619;654;730;0.105;0.247;0.00424;0.00473;50.3;38.8;1.54e+05;1.49e+05;2.13e+03;2.07;51.7;0.905;22.6;8.13e+04;70.8;3.17;0.00366;26.1;0;20.5;0;0;0;362;104;0.6;0.972;0.617;0.619;231;256;0.0984;0.231;0.0045;0.005; 45680;4563;16772;11.3;7.69;40;0.594;1.1;0.541;0.619;206;232;0.11;0.264;0.00407;0.00458; 51040;6395;10952;16.6;14;39;0.616;1.04;0.592;0.619;217;242;0.103;0.246;0.00414;0.00461; 50720;4082;15133;11.3;7.89;42;0.00049;0.486;0.00101;0.602;0.0411;0.891;0.954;0.0744;0.000983;0.0213; 49600;0;1;11.2;9.28;49;9.42e+03;7.67e+03;3.61e+03; 48%; 39%; 18%;9.57e+03;3.55e+03;1.03e+04; 49%; 18%; 53%;8.79e+03;7.76e+03;3.42e+03; 45%; 39%; 17%;5.66e+03;5.55e+03;5.94e+03; 29%; 28%; 30%;99.7;0.281;0;0;0;0;0;0;0;87.4;7.28;0;5.31;0;0;0;0;0;95.7;3.68;0;0.634;0;0;0;0;0;0.168;1.44;0.0146;98.4;0;82;0;0;0;100;100;107;54.9;24 ;30.6 ;25.6 ;23.8 ;
2017-09-04;06:50:52.531;0.101;0.336;0.3;0.619;193;230;0.158;0.244;0.00557;0.00662;18.4;17.4;3.47e+04;1.03e+05;2.13e+03;0.672;16.8;0.201;5.04;2.75e+04;48.4;3.69;0.00561;47.9;0;33.3;0;0;0;243;66.4;0.228;0.473;0.481;0.619;83.1;98.5;0.156;0.292;0.00426;0.00504; 52080;1071;7026;2.2;1.85;42;0.0723;0.21;0.344;0.619;63.5;74.5;0.148;0.178;0.0102;0.012; 50800;6828;2244;12;11.2;41;0.103;0.276;0.374;0.619;46.6;55.8;0.165;0.236;0.00523;0.00627; 53360;494;5692;2.11;2.04;44;0.000464;0.387;0.0012;0.604;0.048;0.779;0.938;0.0801;0.0012;0.0194; 49520;0;2;2.1;2.32;50;4.21e+03;1.49e+03;923; 21%;  7%;  4%;4.78e+03;937;5.67e+03; 24%;  4%; 28%;3.72e+03;1.82e+03;601; 18%;  9%;  3%;773;1.17e+03;1.44e+03;  3%;  5%;  7%;77.8;7.31;0;14.9;0;0;0;0;0;55.6;1.04;0;43.4;0;36.8;0;0;0;60.4;4.1;0;35.5;0;23.3;0;0;0;0.198;2.35;0.0224;97.4;0;72.7;0;0;0;69.3;65.2;63.9;44.6;13.4 ;25.6 ;14.5 ;12.9 ;
2017-09-04;06:50:53.559;0.0773;0.166;0.465;0.619;263;317;0.17;0.185;0.00984;0.0119;26.4;25;2.67e+04;1.61e+05;2.17e+03;0.332;8.31;0.155;3.86;3.82e+04;75.1;0.528;0.00628;24.4;0;18.2;0;0;0;295;77.9;0.087;0.14;0.619;0.619;73.2;88.3;0.17;0.192;0.00973;0.0117; 52480;823;9045;2.37;2.3;43;0.124;0.2;0.619;0.619;114;135;0.156;0.169;0.0107;0.0126; 53840;12307;4083;19.3;17.8;40;0.0973;0.157;0.619;0.619;75.2;91.5;0.179;0.203;0.00895;0.0109; 52160;864;9839;2.4;2.31;44;0.000958;0.499;0.00192;0.605;0.0628;1.42;0.956;0.0817;0.000759;0.0172; 49520;1;2;2.3;2.62;50;6.21e+03;1.51e+03;718; 31%;  7%;  3%;7.99e+03;1.44e+03;7.96e+03; 40%;  7%; 40%;6.22e+03;1.51e+03;742; 31%;  7%;  3%;1.04e+03;1.85e+03;995;  5%;  9%;  5%;100;0.00038;0;0;0;0;0;0;0;100;0.00614;0;0;0;0;0;0;0;100;0;0;0;0;0;0;0;0;0.317;2.11;0.0251;97.5;0;72.9;0;0;0;75.8;88.1;79.8;51.4;14.3 ;34.3 ;15.6 ;13.8 ;
2017-09-04;06:50:54.587;0.0772;0.166;0.465;0.619;262;313;0.163;0.185;0.00982;0.0117;26.4;25;2.67e+04;1.61e+05;2.16e+03;0.332;8.3;0.154;3.86;3.82e+04;75.1;0.319;0.00476;24.6;0;21.2;0;0;0;295;77.7;0.0879;0.142;0.619;0.619;72.6;87.4;0.169;0.187;0.00957;0.0115; 50960;818;9020;2.38;2.33;43;0.126;0.204;0.619;0.619;115;135;0.153;0.169;0.0105;0.0124; 52000;12246;4217;19.4;17.8;40;0.0938;0.151;0.619;0.619;74.5;88.7;0.16;0.208;0.00919;0.011; 51520;819;9869;2.32;2.26;44;0.00101;0.652;0.00154;0.601;0.0438;1.44;0.97;0.0793;0.000504;0.0165; 49600;0;2;2.3;2.64;50;6.18e+03;1.51e+03;723; 31%;  7%;  3%;8.02e+03;1.46e+03;7.95e+03; 40%;  7%; 40%;6.22e+03;1.49e+03;740; 31%;  7%;  3%;1.02e+03;1.87e+03;999;  5%;  9%;  5%;100;0;0;0;0;0;0;0;0;100;0.00264;0;0;0;0;0;0;0;100;0.000449;0;0;0;0;0;0;0;0.257;1.27;0.019;98.5;0;84.8;0;0;0;75.8;88.2;79.7;51.4;14.3 ;34.3 ;15.4 ;13.7 ;
2017-09-04;06:50:55.613;0.0779;0.168;0.465;0.619;262;314;0.165;0.188;0.00975;0.0117;26.4;25;2.69e+04;1.6e+05;2.16e+03;0.335;8.38;0.156;3.89;3.82e+04;75.1;0.528;0.00653;24.4;0;17.7;0;0;0;295;77.8;0.095;0.153;0.619;0.619;73.6;88.8;0.171;0.202;0.00898;0.0108; 50080;837;9072;2.37;2.3;43;0.123;0.198;0.619;0.619;114;135;0.155;0.169;0.0108;0.0128; 52240;12279;4200;19.4;17.8;40;0.0928;0.15;0.619;0.619;74.1;88.4;0.162;0.203;0.00925;0.011; 49200;819;9834;2.36;2.28;44;0.000742;0.518;0.00143;0.601;0.0446;1.34;0.967;0.0692;0.000696;0.0209; 49680;0;1;2.29;2.61;50;6.16e+03;1.5e+03;725; 31%;  7%;  3%;8.03e+03;1.46e+03;7.93e+03; 40%;  7%; 40%;6.25e+03;1.51e+03;723; 31%;  7%;  3%;991;1.88e+03;1e+03;  5%;  9%;  5%;100;0.000682;0;0;0;0;0;0;0;100;0.000902;0;0;0;0;0;0;0;100;0.00078;0;0;0;0;0;0;0;0.238;2.11;0.0261;97.6;0;70.9;0;0;0;75.9;88.1;79.6;51.3;14.3 ;34.3 ;15.5 ;13.8 ;
2017-09-04;06:50:56.642;0.0772;0.166;0.465;0.619;261;313;0.167;0.182;0.00977;0.0117;26.4;25;2.67e+04;1.6e+05;2.16e+03;0.333;8.31;0.154;3.86;3.82e+04;75;0.554;0.00509;24.4;0;17;0;0;0;295;78.1;0.0894;0.144;0.619;0.619;72.7;87.9;0.174;0.187;0.00942;0.0114; 46960;828;8984;2.37;2.31;43;0.125;0.202;0.619;0.619;114;134;0.152;0.169;0.0106;0.0125; 47840;12226;4188;19.4;17.8;40;0.0938;0.152;0.619;0.619;73.9;89.4;0.173;0.196;0.00913;0.011; 48800;816;9882;2.34;2.28;44;0.000727;0.525;0.00138;0.602;0.0411;1.29;0.968;0.0682;0.000654;0.0205; 49600;0;1;2.3;2.63;49;6.17e+03;1.5e+03;720; 31%;  7%;  3%;8.03e+03;1.45e+03;7.95e+03; 40%;  7%; 40%;6.24e+03;1.49e+03;742; 31%;  7%;  3%;1.03e+03;1.86e+03;990;  5%;  9%;  5%;100;0.000371;0;0;0;0;0;0;0;100;0.00301;0;0;0;0;0;0;0;100;0.00183;0;0;0;0;0;0;0;0.23;2.21;0.0204;97.5;0;68.1;0;0;0;75.9;88.3;79.8;51.4;14.3 ;34.5 ;15.6 ;13.8 ;
2017-09-04;06:50:57.668;0.0786;0.17;0.463;0.619;262;314;0.166;0.191;0.00967;0.0116;26.4;25;2.71e+04;1.6e+05;2.16e+03;0.34;8.49;0.157;3.93;3.82e+04;74.8;0.888;0.00331;24.3;0;16.6;0;0;0;295;78;0.0916;0.148;0.619;0.619;73.4;88.1;0.168;0.197;0.00927;0.0111; 48720;822;9089;2.39;2.31;43;0.126;0.203;0.619;0.619;115;136;0.157;0.172;0.0106;0.0125; 52880;12241;4234;19.3;17.8;40;0.0962;0.157;0.611;0.619;73.9;88.9;0.169;0.213;0.00891;0.0107; 49280;844;9809;2.36;2.29;44;0.00062;0.47;0.00132;0.601;0.0587;1.09;0.946;0.0716;0.0011;0.0205; 49520;0;0;2.32;2.65;50;6.18e+03;1.51e+03;739; 31%;  7%;  3%;8.01e+03;1.46e+03;7.94e+03; 40%;  7%; 40%;6.25e+03;1.5e+03;731; 31%;  7%;  3%;1.01e+03;1.89e+03;1.02e+03;  5%;  9%;  5%;100;4.72e-05;0;0;0;0;0;0;0;100;0.000129;0;0;0;0;0;0;0;98.8;1.24;0;0;0;0;0;0;0;0.22;2.31;0.0132;97.5;0;66.5;0;0;0;75.7;88.1;79.6;51.3;14.3 ;34.3 ;15.6 ;13.9 ;
2017-09-04;06:50:58.697;0.0794;0.172;0.461;0.619;263;315;0.166;0.192;0.00959;0.0115;26.4;25.1;2.74e+04;1.59e+05;2.15e+03;0.344;8.61;0.159;3.97;3.81e+04;74.4;0.857;0.00335;24.7;0;22.5;0;0;0;296;78;0.0901;0.146;0.619;0.619;72.8;87.9;0.171;0.193;0.00936;0.0113; 51840;824;8997;2.36;2.31;43;0.127;0.205;0.619;0.619;114;135;0.152;0.172;0.0104;0.0123; 47120;12256;4202;19.4;17.9;40;0.0999;0.165;0.604;0.619;75.6;91.5;0.173;0.22;0.00876;0.0106; 52240;916;9745;2.36;2.28;44;0.000486;0.404;0.0012;0.601;0.0605;0.842;0.928;0.0759;0.00144;0.02; 49680;2;2;2.29;2.62;50;6.17e+03;1.48e+03;716; 31%;  7%;  3%;8e+03;1.44e+03;7.94e+03; 40%;  7%; 40%;6.28e+03;1.47e+03;737; 31%;  7%;  3%;1.03e+03;1.85e+03;985;  5%;  9%;  4%;100;0.00211;0;0;0;0;0;0;0;100;0.00284;0;0;0;0;0;0;0;97.6;2.39;0;0;0;0;0;0;0;0.201;1.03;0.0134;98.8;0;89.9;0;0;0;75.9;88.3;80;51.4;14.2 ;34.3 ;15.6 ;13.8 ;
2017-09-04;06:50:59.725;0.0777;0.168;0.461;0.619;262;311;0.16;0.195;0.00975;0.0116;26.3;25.1;2.68e+04;1.59e+05;2.16e+03;0.337;8.42;0.155;3.88;3.82e+04;74.5;0.846;0.00246;24.7;0;22.4;0;0;0;295;77.7;0.0886;0.143;0.619;0.619;73.1;86.9;0.158;0.199;0.00955;0.0113; 48080;833;9061;2.37;2.31;43;0.128;0.206;0.619;0.619;115;136;0.155;0.178;0.0105;0.0124; 51120;12190;4225;19.3;17.8;40;0.0939;0.155;0.604;0.619;73.4;87.3;0.159;0.216;0.00906;0.0108; 48800;887;9667;2.33;2.28;44;0.000548;0.45;0.00122;0.599;0.0512;0.952;0.946;0.0733;0.00108;0.0201; 49520;0;4;2.3;2.63;50;6.19e+03;1.49e+03;723; 31%;  7%;  3%;8e+03;1.46e+03;7.94e+03; 40%;  7%; 40%;6.27e+03;1.49e+03;729; 31%;  7%;  3%;1e+03;1.88e+03;994;  5%;  9%;  5%;100;0;0;0;0;0;0;0;0;100;0.000892;0;0;0;0;0;0;0;97.6;2.37;0;0;0;0;0;0;0;0.203;1.01;0.00984;98.8;0;89.5;0;0;0;75.8;88.3;79.6;51.3;14.2 ;34.2 ;15.5 ;13.7 ;
2017-09-04;06:51:00.754;0.0772;0.168;0.461;0.619;261;311;0.162;0.191;0.00977;0.0117;26.3;25;2.67e+04;1.59e+05;2.16e+03;0.335;8.38;0.154;3.86;3.81e+04;74.4;0.853;0.00346;24.7;0;22.3;0;0;0;295;77.9;0.0895;0.145;0.619;0.619;72.8;87.6;0.168;0.196;0.00942;0.0113; 49440;794;9034;2.33;2.27;43;0.122;0.197;0.619;0.619;113;133;0.152;0.164;0.0107;0.0126; 52240;12223;4146;19.4;17.9;40;0.0968;0.16;0.604;0.619;75;89.9;0.166;0.223;0.00895;0.0107; 50640;974;9520;2.36;2.28;45;0.000365;0.333;0.0011;0.604;0.0659;0.576;0.886;0.0875;0.00209;0.0182; 49680;0;3;2.29;2.61;49;6.17e+03;1.5e+03;724; 31%;  7%;  3%;8e+03;1.44e+03;7.94e+03; 40%;  7%; 40%;6.28e+03;1.5e+03;733; 31%;  7%;  3%;1.02e+03;1.84e+03;1e+03;  5%;  9%;  5%;100;0.00118;0;0;0;0;0;0;0;100;0.00271;0;0;0;0;0;0;0;97.6;2.39;0;0;0;0;0;0;0;0.182;1.02;0.0138;98.8;0;89.2;0;0;0;75.9;88.2;80;51.4;14.2 ;34.3 ;15.6 ;13.8 ;
2017-09-04;06:51:01.781;0.0775;0.168;0.461;0.619;261;311;0.159;0.194;0.00978;0.0116;26.2;25;2.67e+04;1.59e+05;2.16e+03;0.336;8.4;0.155;3.87;3.81e+04;74.5;0.836;0.00286;24.7;0;22.5;0;0;0;295;77.8;0.0836;0.135;0.619;0.619;72.3;84.7;0.147;0.195;0.01;0.0117; 51040;803;8940;2.36;2.31;42;0.127;0.205;0.619;0.619;115;137;0.161;0.173;0.0105;0.0125; 54480;12188;4204;19.3;17.9;40;0.0987;0.163;0.605;0.619;74.4;88.8;0.162;0.224;0.00874;0.0104; 54800;968;9624;2.33;2.27;45;0.000517;0.421;0.00123;0.598;0.0652;0.896;0.927;0.075;0.00146;0.0201; 49360;2;1;2.27;2.6;50;6.22e+03;1.49e+03;704; 31%;  7%;  3%;7.99e+03;1.45e+03;7.94e+03; 40%;  7%; 40%;6.25e+03;1.47e+03;730; 31%;  7%;  3%;1.01e+03;1.87e+03;961;  5%;  9%;  4%;100;0.000852;0;0;0;0;0;0;0;100;0.000249;0;0;0;0;0;0;0;97.7;2.34;0;0;0;0;0;0;0;0.205;1.01;0.0114;98.8;0;89.9;0;0;0;75.5;88.2;79.7;51.2;14.3 ;34.3 ;15.5 ;13.7 ;
2017-09-04;06:51:02.811;0.0763;0.166;0.461;0.619;260;309;0.159;0.189;0.00986;0.0117;26.3;25;2.64e+04;1.59e+05;2.16e+03;0.331;8.28;0.153;3.81;3.8e+04;74.4;0.822;0.00347;24.7;0;23;0;0;0;296;77.8;0.0878;0.142;0.619;0.619;72.7;86.6;0.161;0.196;0.00959;0.0114; 49440;821;8990;2.34;2.27;43;0.124;0.2;0.619;0.619;114;134;0.151;0.169;0.0106;0.0125; 53200;12249;4147;19.4;17.9;40;0.0933;0.154;0.605;0.619;73.5;88;0.165;0.212;0.00911;0.0109; 52960;957;9642;2.33;2.27;45;0.000344;0.323;0.00106;0.609;0.0595;0.531;0.888;0.0931;0.002;0.0179; 49360;2;1;2.27;2.6;50;6.16e+03;1.48e+03;716; 31%;  7%;  3%;8.01e+03;1.44e+03;7.94e+03; 40%;  7%; 40%;6.26e+03;1.47e+03;720; 31%;  7%;  3%;994;1.86e+03;990;  5%;  9%;  5%;100;0.000591;0;0;0;0;0;0;0;100;0.00367;0;0;0;0;0;0;0;97.7;2.32;0;0;0;0;0;0;0;0.175;0.964;0.0139;98.8;0;92;0;0;0;75.8;88.3;80;51.5;14.2 ;34.5 ;15.4 ;13.7 ;
2017-09-04;06:51:03.840;0.0766;0.166;0.461;0.619;262;313;0.163;0.191;0.00988;0.0118;26.3;25.1;2.65e+04;1.59e+05;2.16e+03;0.332;8.31;0.153;3.83;3.82e+04;74.5;0.854;0.00303;24.7;0;22.4;0;0;0;295;78;0.084;0.136;0.619;0.619;72.4;86.1;0.159;0.189;0.00996;0.0118; 48880;795;8970;2.36;2.31;43;0.126;0.203;0.619;0.619;115;136;0.16;0.17;0.0106;0.0126; 52320;12208;4220;19.3;17.9;40;0.0962;0.159;0.604;0.619;74.7;89.5;0.165;0.223;0.00898;0.0108; 51360;1006;9619;2.34;2.27;44;0.000503;0.413;0.00122;0.607;0.0662;0.862;0.923;0.0763;0.00152;0.0198; 49280;1;1;2.3;2.62;50;6.23e+03;1.48e+03;724; 31%;  7%;  3%;8e+03;1.45e+03;7.96e+03; 40%;  7%; 40%;6.27e+03;1.47e+03;735; 31%;  7%;  3%;1.02e+03;1.86e+03;991;  5%;  9%;  5%;100;0.00116;0;0;0;0;0;0;0;100;0.00039;0;0;0;0;0;0;0;97.6;2.38;0;0;0;0;0;0;0;0.2;1.04;0.0121;98.7;0;89.4;0;0;0;75.7;88.3;80.1;51.4;14.2 ;34.5 ;15.4 ;13.8 ;
2017-09-04;06:51:04.866;0.08;0.174;0.459;0.619;263;313;0.16;0.199;0.00951;0.0113;26.3;25.1;2.76e+04;1.58e+05;2.16e+03;0.349;8.72;0.16;4;3.82e+04;74.1;1.2;0.00376;24.7;0;22.6;0;0;0;295;78;0.0908;0.147;0.619;0.619;72.9;87.9;0.171;0.196;0.00929;0.0112; 50160;814;8986;2.37;2.31;43;0.132;0.215;0.611;0.619;116;136;0.152;0.184;0.0102;0.012; 49360;12267;4168;19.3;17.8;40;0.0971;0.161;0.604;0.619;74.2;88.1;0.157;0.224;0.00885;0.0105; 55440;1000;9456;2.34;2.29;44;0.000647;0.517;0.00125;0.606;0.0624;0.691;0.91;0.109;0.00112;0.0124; 49280;0;3;2.32;2.64;50;6.17e+03;1.5e+03;716; 31%;  7%;  3%;8.01e+03;1.47e+03;7.93e+03; 40%;  7%; 40%;6.26e+03;1.51e+03;732; 31%;  7%;  3%;1e+03;1.91e+03;990;  5%;  9%;  5%;100;0;0;0;0;0;0;0;0;98.7;1.35;0;0;0;0;0;0;0;97.6;2.44;0;0;0;0;0;0;0;0.207;1.02;0.0151;98.8;0;90.5;0;0;0;75.7;88.3;80;51.2;14.3 ;34.4 ;15.5 ;13.9 ;
2017-09-04;06:51:05.893;0.0803;0.176;0.457;0.619;263;314;0.161;0.201;0.00951;0.0113;26.3;25.1;2.77e+04;1.58e+05;2.16e+03;0.351;8.78;0.161;4.01;3.82e+04;73.8;2.03;0.00209;24.1;0;12.3;0;0;0;295;77.7;0.0884;0.143;0.619;0.619;72.2;87;0.17;0.188;0.00948;0.0114; 48080;800;8926;2.36;2.32;43;0.138;0.229;0.604;0.619;118;139;0.152;0.201;0.00987;0.0116; 53040;12284;4121;19.3;17.8;40;0.094;0.156;0.604;0.619;73.2;87;0.158;0.216;0.00904;0.0107; 51280;925;9531;2.35;2.3;45;0.00047;0.401;0.00117;0.609;0.0601;0.769;0.922;0.0791;0.00148;0.019; 49040;0;1;2.33;2.66;50;6.2e+03;1.47e+03;721; 31%;  7%;  3%;8.01e+03;1.49e+03;7.93e+03; 40%;  7%; 40%;6.28e+03;1.46e+03;721; 31%;  7%;  3%;993;1.92e+03;995;  5%;  9%;  5%;100;0.000658;0;0;0;0;0;0;0;97.6;2.35;0;0;0;0;0;0;0;97.5;2.47;0;0;0;0;0;0;0;0.193;3.31;0.00838;96.5;0;49.2;0;0;0;75.5;88.4;79.8;51.4;14.2 ;34.1 ;15.6 ;13.8 ;
2017-09-04;06:51:06.921;0.0863;0.191;0.453;0.619;268;321;0.164;0.215;0.009;0.0108;26.5;25.3;2.98e+04;1.56e+05;2.16e+03;0.382;9.54;0.173;4.32;3.86e+04;73.1;2.23;0.00171;24.7;0;22.9;0;0;0;296;78.3;0.088;0.142;0.619;0.619;72.5;86.9;0.166;0.189;0.00955;0.0115; 52400;815;9018;2.42;2.38;43;0.154;0.259;0.594;0.619;121;143;0.153;0.221;0.00911;0.0108; 54960;12185;4296;19.3;17.9;40;0.103;0.174;0.596;0.619;75;90.9;0.175;0.23;0.00839;0.0102; 52240;949;9755;2.41;2.35;45;0.000325;0.295;0.0011;0.605;0.0594;0.479;0.876;0.106;0.00212;0.0171; 49280;0;1;2.39;2.72;50;6.24e+03;1.51e+03;714; 31%;  7%;  3%;8.03e+03;1.53e+03;7.98e+03; 40%;  7%; 40%;6.31e+03;1.5e+03;743; 31%;  7%;  3%;1.03e+03;1.99e+03;982;  5%; 10%;  4%;100;0.00127;0;0;0;0;0;0;0;95.9;4.06;0;0;0;0;0;0;0;96.3;3.71;0;0;0;0;0;0;0;0.183;1.13;0.00686;98.7;0;91.7;0;0;0;75.7;89;80.3;51.4;14.4 ;34.3 ;15.7 ;13.8 ;
2017-09-04;06:51:07.942;0.135;0.355;0.38;0.619;277;343;0.191;0.349;0.00599;0.0074;25.7;26.9;4.63e+04;1.31e+05;2.16e+03;0.709;17.7;0.269;6.73;4.54e+04;61.4;6.47;0.00339;32.2;0;24.4;0;0;0;295;78.9;0.106;0.173;0.615;0.619;88.6;106;0.16;0.195;0.00967;0.0115; 50720;985;10926;2.7;2.64;43;0.307;0.972;0.316;0.619;96.7;129;0.249;0.49;0.00366;0.00487; 50080;6709;4474;17.6;18.6;40;0.124;0.212;0.586;0.619;92;108;0.149;0.244;0.00861;0.0101; 47600;1124;11955;2.69;2.62;45;0.000358;0.294;0.00122;0.606;0.067;0.597;0.888;0.0891;0.00218;0.0194; 49440;1;1;2.68;3.09;50;7.25e+03;1.79e+03;861; 36%;  9%;  4%;9.67e+03;1.67e+03;9.47e+03; 49%;  8%; 48%;7.5e+03;1.78e+03;876; 38%;  9%;  4%;1.2e+03;2.12e+03;1.2e+03;  6%; 10%;  6%;99.3;0.664;0;0;0;0;0;0;0;51.1;18.9;0;30;0;5.49;0;0;0;94.7;5.3;0;0;0;0;0;0;0;0.201;1.04;0.0136;98.7;0;92.4;0;0;0;76.6;86.3;81.3;51.2;14.8 ;33.6 ;16.1 ;14.4 ;
2017-09-04;06:51:08.960;0.0817;0.279;0.293;0.619;230;275;0.164;0.259;0.00821;0.00982;22.1;25.3;2.8e+04;1e+05;2.14e+03;0.558;13.9;0.163;4.09;4.69e+04;47.3;8.88;0.00226;43.8;0;23;0;0;0;278;74.3;0.139;0.235;0.589;0.619;111;132;0.159;0.215;0.00931;0.0111; 49360;1271;13337;2.08;1.83;43;0.0289;2.94;0.00982;0.619;2.38;5.07;0.531;0.739;0.000964;0.00205; 51600;74;203;15.9;19.3;41;0.159;0.278;0.572;0.619;117;138;0.153;0.248;0.00857;0.0101; 55600;1379;14760;2.07;1.79;44;0.000271;0.286;0.000949;0.608;0.0472;0.378;0.875;0.112;0.00203;0.0163; 49280;0;0;2.02;2.34;50;7.36e+03;2.09e+03;925; 37%; 10%;  4%;1.08e+04;938;1.05e+04; 55%;  4%; 53%;7.67e+03;2.07e+03;954; 39%; 10%;  4%;1.37e+03;940;1.35e+03;  6%;  4%;  6%;95.2;4.36;0;0.424;0;0;0;0;0;1.59;22.6;0;75.8;0;0.0232;0;0;0;92.4;7.59;0;0;0;0;0;0;0;0.156;0.978;0.00904;98.9;0;92.1;0;0;0;77.8;66.8;82.8;50.8;13.4 ;33.2 ;14.6 ;13.1 ;
2017-09-04;06:51:09.978;0.101;0.368;0.273;0.619;242;291;0.168;0.319;0.00705;0.00847;22.4;25.8;3.44e+04;9.36e+04;2.14e+03;0.735;18.4;0.201;5.03;4.74e+04;44.2;14.6;0.00269;41.2;0;23.3;0;0;0;281;75.2;0.183;0.331;0.554;0.619;118;141;0.162;0.285;0.00752;0.00898; 50240;1437;13909;2.27;1.98;42;0.0141;2.71;0.00518;0.619;1.19;2.75;0.568;0.849;0.000988;0.00229; 51440;40;104;15.8;19.4;41;0.204;0.383;0.534;0.619;123;147;0.164;0.306;0.00705;0.00843; 44560;1430;14997;2.22;1.9;45;0.00023;0.264;0.000873;0.612;0.0486;0.308;0.842;0.122;0.00247;0.0157; 49280;1;2;2.18;2.53;50;7.35e+03;2.3e+03;1.01e+03; 37%; 11%;  5%;1.07e+04;895;1.04e+04; 54%;  4%; 53%;7.64e+03;2.25e+03;1.06e+03; 39%; 11%;  5%;1.51e+03;893;1.45e+03;  7%;  4%;  7%;89.5;10.4;0;0.14;0;0;0;0;0;0.837;34.2;0;64.9;0;0;0;0;0;86.3;12.9;0;0.804;0;0;0;0;0;0.143;0.929;0.0108;98.9;0;93.3;0;0;0;79.1;67;84;50.8;13.8 ;33.1 ;14.8 ;13.4 ;
2017-09-04;06:51:10.996;0.168;1.25;0.134;0.619;210;279;0.247;0.532;0.00366;0.00486;16.1;19.4;5.75e+04;4.58e+04;2.14e+03;2.51;62.7;0.336;8.4;3.32e+04;21.7;13.8;0.00269;64.6;0;28.4;0;0;0;243;65.7;0.399;1.23;0.325;0.619;137;178;0.231;0.517;0.00401;0.00521; 49360;1983;15925;2.21;1.83;44;0.0262;2.79;0.00939;0.619;2.18;5.08;0.571;0.85;0.000972;0.00227; 51600;70;184;9.39;12.7;43;0.247;1.23;0.201;0.619;71.3;95.8;0.256;0.507;0.00338;0.00454; 52000;1100;6759;2.26;2.21;47;0.000271;0.267;0.00101;0.611;0.0508;0.401;0.873;0.103;0.00219;0.0173; 49120;0;2;2.22;2.67;51;6.27e+03;2.19e+03;1.29e+03; 32%; 11%;  6%;4.39e+03;538;8.28e+03; 22%;  2%; 42%;3.43e+03;2.45e+03;844; 17%; 12%;  4%;1.15e+03;540;1.85e+03;  5%;  2%;  9%;52.5;25.9;0;21.7;0;0;0;0;0;1.52;7.99;0;90.5;0;26.2;0;0;0;32.5;20;0;47.6;0;0;0;0;0;0.166;1.27;0.0108;98.6;0;87.4;0;0;0;75.3;55;67.4;45.5;13.1 ;24.6 ;14.8 ;13.1 ;
2017-09-04;06:51:12.329;0.103;0.238;0.435;0.619;352;360;0.0209;0.0184;0.00815;0.00832;59.8;84.5;4.32e+04;1.82e+05;2.15e+03;0.475;11.9;0.207;5.17;1.14e+05;70.3;1.82;0.00233;27.9;0;23.6;0;0;0;423;149;0.121;0.206;0.587;0.619;96.1;98.2;0.0215;0.0265;0.00804;0.00821; 55280;6154;18310;14.9;20.8;41;0.144;0.243;0.595;0.619;121;123;0.0146;0.0138;0.00808;0.0082; 54480;7749;23310;14.9;20;41;0.152;0.261;0.58;0.619;135;137;0.015;0.0163;0.00832;0.00845; 50960;8434;25347;15;19.9;42;0.000587;0.473;0.00124;0.601;0.08;1.64;0.951;0.0538;0.00125;0.0258; 49120;3;0;14.9;23.7;49;1.19e+04;1.23e+04;5.31e+03; 49%; 51%; 22%;1.33e+04;6.3e+03;1.17e+04; 55%; 26%; 49%;1.32e+04;1.21e+04;6.58e+03; 55%; 50%; 27%;7.69e+03;7.33e+03;6.17e+03; 32%; 30%; 25%;94.8;1.35;0;3.84;0;0.111;0;0;0;96.1;1.88;0;2.05;0;0;0;0;0;93.8;3.2;0;3.05;0;0;0;0;0;0.206;0.817;0.00898;99;0;90.8;0;0;0;115;113;124;71.8;37 ;37.1 ;38 ;37.2 ;
2017-09-04;06:51:13.344;0.158;0.416;0.38;0.619;421;441;0.0446;0.113;0.00717;0.0075;41.5;50.1;5.88e+04;1.41e+05;2.79e+03;0.832;20.8;0.316;7.91;7.46e+04;61.4;2.6;0.00266;36;0;26.5;0;0;0;308;104;0.222;0.374;0.593;0.619;163;170;0.0374;0.0985;0.00747;0.00776; 45200;6865;21407;9.88;10.9;41;0.214;0.421;0.508;0.619;143;150;0.044;0.118;0.00713;0.00746; 58720;6662;16375;12.1;14;41;0.186;0.479;0.388;0.619;115;120;0.0477;0.128;0.00683;0.00718; 59040;4155;13752;9.76;11.8;44;0.000505;0.428;0.00118;0.606;0.0525;1.03;0.949;0.0643;0.00117;0.0231; 49120;0;1;9.77;13.3;50;9.13e+03;7.49e+03;4.4e+03; 42%; 35%; 20%;7.8e+03;3.73e+03;9.39e+03; 36%; 17%; 44%;7.76e+03;7.75e+03;2.97e+03; 36%; 36%; 14%;3.87e+03;4.8e+03;5.56e+03; 18%; 22%; 26%;95.7;2.07;0;2.2;0;0;0;0;0;82.1;2.5;0;15.4;0;7.86;0;0;0;62.6;4.97;0;32.4;0;10.5;0;0;0;0.195;0.875;0.0112;98.9;0;91.9;0;0;0;87.3;83.9;82.2;54.3;24.8 ;28.2 ;26.5 ;25 ;
2017-09-04;06:51:14.360;0.363;0.781;0.465;0.619;626;681;0.0807;0.211;0.00505;0.00549;50.6;40.2;1.24e+05;1.59e+05;2.13e+03;1.56;39.1;0.726;18.2;8.07e+04;75;0.31;0.0032;24.6;0;21.3;0;0;0;348;105;0.457;0.739;0.619;0.619;193;210;0.0796;0.214;0.00495;0.00537; 64240;4115;15172;10.8;7.52;40;0.544;0.878;0.619;0.619;240;261;0.0804;0.211;0.00518;0.00563; 43040;9349;14587;18.3;16.2;39;0.45;0.727;0.619;0.619;193;209;0.0763;0.21;0.00501;0.00543; 57840;3749;15484;10.8;7.63;42;0.000976;0.694;0.00141;0.598;0.0509;1.42;0.964;0.0788;0.000612;0.017; 49200;0;1;10.7;8.88;49;1.01e+04;6.77e+03;3.22e+03; 51%; 34%; 16%;1.03e+04;3.71e+03;1.01e+04; 53%; 19%; 51%;1.02e+04;6.77e+03;3.17e+03; 52%; 34%; 16%;5.11e+03;6.11e+03;5.17e+03; 26%; 31%; 26%;100;0.0123;0;0;0;0;0;0;0;100;0.00517;0;0;0;0;0;0;0;100;0.021;0;0;0;0;0;0;0;0.235;1.2;0.0128;98.6;0;85.3;0;0;0;93.9;101;98;54.7;23.7 ;33 ;25.2 ;22.8 ;
2017-09-04;06:51:15.375;0.405;0.873;0.465;0.619;680;742;0.0836;0.218;0.00492;0.00537;54.2;41.2;1.38e+05;1.58e+05;2.13e+03;1.75;43.6;0.811;20.3;8.65e+04;75.1;0.282;0.00464;24.7;0;21.5;0;0;0;360;107;0.524;0.846;0.619;0.619;218;238;0.083;0.218;0.00488;0.00532; 49920;4685;16842;11.9;7.87;40;0.579;0.936;0.619;0.619;245;267;0.0821;0.221;0.00495;0.0054; 60960;8406;14375;18.7;16;39;0.518;0.837;0.619;0.619;218;237;0.0811;0.215;0.00493;0.00536; 47280;4317;16552;11.8;7.95;42;0.000696;0.577;0.00121;0.6;0.0369;1.31;0.972;0.0671;0.000621;0.022; 49120;0;1;11.7;9.37;49;1.03e+04;7.63e+03;3.56e+03; 52%; 39%; 18%;1.09e+04;3.84e+03;1.07e+04; 55%; 19%; 54%;1.05e+04;7.62e+03;3.54e+03; 53%; 39%; 18%;5.83e+03;6.35e+03;5.86e+03; 29%; 32%; 30%;100;2.23e-05;0;0;0;0;0;0;0;100;0;0;0;0;0;0;0;0;100;0.000628;0;0;0;0;0;0;0;0.201;1.13;0.0186;98.7;0;86;0;0;0;98.3;103;104;55;24.4 ;32.9 ;25.8 ;23.9 ;
2017-09-04;06:51:16.389;0.435;0.951;0.457;0.619;701;765;0.0842;0.227;0.00473;0.00517;54.8;40.8;1.48e+05;1.56e+05;2.13e+03;1.9;47.5;0.869;21.7;8.79e+04;73.8;1.32;0.00316;24.8;0;21.9;0;0;0;364;108;0.579;0.935;0.619;0.619;234;255;0.0817;0.226;0.00475;0.00518; 55600;4934;17251;12.2;7.89;40;0.602;1.02;0.589;0.619;237;260;0.0878;0.234;0.00462;0.00507; 50880;7573;13987;18.5;15.5;39;0.557;0.9;0.619;0.619;229;249;0.0789;0.221;0.00483;0.00525; 52240;4553;17616;12.1;7.97;41;0.000601;0.534;0.00113;0.594;0.0422;1.11;0.962;0.0707;0.000824;0.0217; 49440;1;0;12.1;9.47;49;1.02e+04;7.9e+03;3.68e+03; 52%; 40%; 18%;1.1e+04;3.82e+03;1.08e+04; 56%; 19%; 55%;1.04e+04;7.99e+03;3.67e+03; 53%; 41%; 18%;6.06e+03;6.33e+03;6.15e+03; 31%; 32%; 31%;100;0.000335;0;0;0;0;0;0;0;95.2;4.2;0;0.594;0;0;0;0;0;100;0.000682;0;0;0;0;0;0;0;0.19;1.07;0.0126;98.7;0;87.7;0;0;0;100;103;106;55.2;24.6 ;32.6 ;26.3 ;24.2 ;
2017-09-04;06:51:17.396;0.281;0.906;0.311;0.619;402;451;0.108;0.272;0.00424;0.00475;32;26.7;9.49e+04;1.05e+05;2.1e+03;1.81;45.3;0.563;14.1;5.23e+04;50.2;6.32;0.00298;43.5;0;28;0;0;0;271;82.5;0.413;0.902;0.457;0.619;143;161;0.111;0.278;0.00413;0.00464; 49600;2722;9478;6.93;5.04;41;0.281;0.885;0.318;0.619;106;119;0.106;0.239;0.00447;0.005; 45600;3530;5995;11.2;10.5;40;0.432;0.924;0.467;0.619;153;171;0.103;0.287;0.0042;0.00468; 49920;2704;10875;6.93;5.04;43;0.000365;0.348;0.00105;0.598;0.0499;0.6;0.917;0.0861;0.00162;0.0195; 49200;0;2;6.87;6.08;50;5.72e+03;5.06e+03;2.23e+03; 29%; 26%; 11%;6.92e+03;2.1e+03;6.53e+03; 35%; 10%; 33%;5.98e+03;4.98e+03;2.31e+03; 31%; 25%; 11%;3.78e+03;3.06e+03;3.63e+03; 19%; 15%; 18%;73.9;8.64;0;17.5;0;0.264;0;0;0;51.3;7.49;0;41.2;0;19.5;0;0;0;75.5;8.28;0;16.2;0;0;0;0;0;0.175;0.891;0.0119;98.9;0;92;0;0;0;76.4;70;79.2;45.4;18.8 ;24.9 ;20.1 ;18.6 ;
2017-09-04;06:51:18.413;0.373;0.802;0.465;0.619;635;703;0.0963;0.212;0.00498;0.00551;51.2;42.4;1.28e+05;1.59e+05;2.15e+03;1.6;40.1;0.746;18.6;8.23e+04;75.1;0.322;0.00322;24.6;0;21.2;0;0;0;353;107;0.476;0.768;0.619;0.619;198;218;0.095;0.215;0.00485;0.00536; 49200;4121;14582;10.9;8.03;40;0.545;0.881;0.619;0.619;241;267;0.0948;0.21;0.00517;0.00571; 49440;8461;14395;18.7;16.8;39;0.469;0.758;0.619;0.619;196;216;0.0935;0.213;0.00489;0.00539; 55600;3703;15858;10.9;8.14;42;0.000776;0.555;0.0014;0.597;0.0474;1.49;0.968;0.068;0.000713;0.0224; 49280;0;1;10.7;9.43;49;1.01e+04;6.96e+03;3.27e+03; 51%; 35%; 16%;1.06e+04;3.84e+03;1.05e+04; 54%; 19%; 53%;1.03e+04;6.98e+03;3.27e+03; 52%; 35%; 16%;5.16e+03;6.09e+03;5.18e+03; 26%; 31%; 26%;100;0.0135;0;0;0;0;0;0;0;100;0;0;0;0;0;0;0;0;100;0.00427;0;0;0;0;0;0;0;0.234;1.27;0.0129;98.5;0;84.9;0;0;0;95.4;102;101;54.8;24 ;33.3 ;25.6 ;23.7 ;
2017-09-04;06:51:19.429;0.416;0.895;0.465;0.619;676;749;0.0983;0.222;0.00476;0.00527;53.8;42.6;1.42e+05;1.59e+05;2.13e+03;1.79;44.7;0.832;20.8;8.66e+04;75.1;0.319;0.00359;24.6;0;21.5;0;0;0;363;108;0.539;0.871;0.619;0.619;218;241;0.0961;0.22;0.00473;0.00523; 55200;4811;16679;11.7;8.21;40;0.591;0.955;0.619;0.619;242;269;0.0984;0.226;0.0048;0.00532; 50000;7421;13421;18.9;16.4;38;0.532;0.859;0.619;0.619;216;238;0.0953;0.22;0.00475;0.00525; 54720;4367;17803;11.7;8.31;41;0.000717;0.557;0.00129;0.602;0.0452;1.37;0.967;0.0658;0.000738;0.0223; 49360;0;0;11.6;9.71;49;1.03e+04;7.62e+03;3.56e+03; 53%; 39%; 18%;1.09e+04;3.9e+03;1.08e+04; 56%; 19%; 55%;1.05e+04;7.65e+03;3.55e+03; 53%; 39%; 18%;5.71e+03;6.27e+03;5.75e+03; 29%; 32%; 29%;100;0.00025;0;0;0;0;0;0;0;100;0.00131;0;0;0;0;0;0;0;100;0.000315;0;0;0;0;0;0;0;0.214;1.27;0.0144;98.5;0;85.8;0;0;0;99.2;104;105;55.2;24.6 ;33.3 ;26 ;24.2 ;
2017-09-04;06:51:20.443;0.441;1;0.44;0.619;665;741;0.103;0.236;0.00442;0.00492;51.8;40.1;1.51e+05;1.5e+05;2.13e+03;2.01;50.1;0.883;22.1;8.39e+04;71.1;2.53;0.00939;26.4;0;22.2;0;0;0;362;106;0.6;0.976;0.614;0.619;230;255;0.0988;0.231;0.00449;0.00498; 50560;4547;15520;11.5;7.86;41;0.575;1.08;0.533;0.619;206;231;0.108;0.249;0.00419;0.0047; 52560;5910;11383;17.6;15;40;0.59;0.964;0.612;0.619;229;254;0.0976;0.23;0.00456;0.00506; 51360;4555;18183;11.5;7.91;42;0.000606;0.478;0.00127;0.602;0.05;1.15;0.956;0.0704;0.000969;0.0222; 49280;0;3;11.3;9.39;49;9.37e+03;7.82e+03;3.54e+03; 48%; 40%; 18%;1.07e+04;3.61e+03;1.04e+04; 54%; 18%; 53%;9.64e+03;7.86e+03;3.61e+03; 49%; 40%; 18%;5.92e+03;5.61e+03;5.88e+03; 30%; 28%; 30%;99.2;0.698;0;0.089;0;0;0;0;0;86.1;7.11;0;6.77;0;0;0;0;0;98.8;1.15;0;0;0;0;0;0;0;0.21;1.14;0.0376;98.6;0;89;0;0;0;100;99.9;107;54.9;24.3 ;31.8 ;25.7 ;23.8 ;
2017-09-04;06:51:21.478;0.113;0.321;0.351;0.619;224;267;0.163;0.256;0.00577;0.00689;21.5;20.6;3.88e+04;1.21e+05;2.13e+03;0.642;16;0.225;5.63;3.2e+04;56.7;4.2;0.00717;39.1;0;29.3;0;0;0;258;71.4;0.174;0.357;0.486;0.619;70;83.7;0.164;0.302;0.00469;0.00561; 55440;1017;7666;2.43;2.27;42;0.0861;0.204;0.423;0.619;76.8;89.7;0.144;0.161;0.0103;0.0121; 53360;8282;2667;14.3;13.5;41;0.19;0.384;0.494;0.619;77.1;92.3;0.165;0.293;0.0047;0.00562; 47040;931;7685;2.4;2.19;44;0.000774;0.539;0.00143;0.607;0.0814;1.82;0.955;0.0467;0.00122;0.0272; 49360;0;4;2.32;2.63;50;4.71e+03;1.86e+03;826; 23%;  9%;  4%;6.27e+03;1.09e+03;6.1e+03; 31%;  5%; 30%;4.78e+03;1.79e+03;859; 24%;  9%;  4%;1.25e+03;1.36e+03;1.16e+03;  6%;  6%;  5%;78.6;7.4;0;14;0;0;0;0;0;68.3;0.601;0;31.1;0;24.7;0;0;0;79.8;7.72;0;12.5;0;1.51;0;0;0;0.236;1.08;0.0286;98.7;0;90.5;0;0;0;68.8;70.7;72.2;45.7;14 ;28.7 ;15.1 ;13.6 ;
2017-09-04;06:51:22.510;0.0801;0.174;0.461;0.619;266;318;0.165;0.196;0.00956;0.0115;26.5;25.3;2.78e+04;1.6e+05;2.17e+03;0.347;8.68;0.16;4;3.84e+04;74.5;0.875;0.00612;24.6;0;22.3;0;0;0;297;78.8;0.0895;0.145;0.619;0.619;73.4;87.5;0.161;0.203;0.00945;0.0113; 55760;1043;9903;2.41;2.36;43;0.125;0.201;0.619;0.619;116;137;0.154;0.171;0.0107;0.0127; 48320;12347;3898;19.4;17.9;40;0.105;0.174;0.604;0.619;76.5;92.1;0.17;0.227;0.00838;0.0101; 54560;937;9851;2.37;2.29;44;0.00082;0.567;0.00145;0.601;0.0761;1.84;0.959;0.0529;0.00107;0.0259; 49360;0;0;2.34;2.68;50;6.24e+03;1.54e+03;720; 31%;  7%;  3%;8e+03;1.46e+03;7.99e+03; 40%;  7%; 40%;6.24e+03;1.51e+03;775; 31%;  7%;  3%;1.07e+03;1.88e+03;994;  5%;  9%;  5%;100;0.000646;0;0;0;0;0;0;0;100;0.00127;0;0;0;0;0;0;0;97.6;2.41;0;0;0;0;0;0;0;0.241;1.08;0.0245;98.6;0;89.3;0;0;0;76.2;88.4;80.4;51.5;14.4 ;34.6 ;15.7 ;14 ;
2017-09-04;06:51:23.538;0.0779;0.169;0.461;0.619;262;314;0.164;0.193;0.00973;0.0116;26.4;25.1;2.7e+04;1.6e+05;2.17e+03;0.338;8.45;0.156;3.89;3.83e+04;74.5;0.855;0.0061;24.6;0;22.2;0;0;0;295;78.2;0.0853;0.138;0.619;0.619;72.9;86.3;0.156;0.201;0.00986;0.0117; 57200;1018;9886;2.38;2.32;43;0.12;0.193;0.619;0.619;113;134;0.153;0.163;0.011;0.0129; 49120;12286;3850;19.3;17.9;40;0.106;0.175;0.605;0.619;76.2;92.4;0.176;0.227;0.0083;0.0101; 56240;978;9837;2.39;2.3;44;0.00061;0.482;0.00127;0.606;0.0947;1.38;0.931;0.0545;0.00179;0.0262; 49200;0;2;2.33;2.65;50;6.23e+03;1.53e+03;707; 31%;  7%;  3%;7.99e+03;1.45e+03;7.97e+03; 40%;  7%; 40%;6.24e+03;1.5e+03;775; 31%;  7%;  3%;1.08e+03;1.87e+03;966;  5%;  9%;  4%;100;0.000684;0;0;0;0;0;0;0;100;0.000677;0;0;0;0;0;0;0;97.7;2.29;0;0;0;0;0;0;0;0.209;1.13;0.0244;98.6;0;88.9;0;0;0;75.8;88;80.1;51.4;14.3 ;34.4 ;15.7 ;13.8 ;
2017-09-04;06:51:24.566;0.0792;0.172;0.461;0.619;263;316;0.166;0.194;0.00963;0.0116;26.4;25.1;2.73e+04;1.59e+05;2.16e+03;0.344;8.59;0.158;3.96;3.82e+04;74.5;1.02;0.00398;24.5;0;19.2;0;0;0;295;77.8;0.0864;0.14;0.619;0.619;72.1;86;0.162;0.194;0.00966;0.0115; 50160;1026;9799;2.4;2.36;43;0.121;0.195;0.619;0.619;114;134;0.149;0.167;0.0109;0.0129; 51200;12316;3848;19.3;17.8;40;0.109;0.18;0.605;0.619;77;94.1;0.182;0.231;0.00821;0.01; 50960;1139;9799;2.36;2.27;44;0.00094;0.612;0.00154;0.605;0.142;1.62;0.912;0.0656;0.00175;0.02; 49360;2;2;2.32;2.65;50;6.21e+03;1.54e+03;710; 31%;  7%;  3%;7.96e+03;1.45e+03;7.96e+03; 40%;  7%; 40%;6.2e+03;1.5e+03;777; 31%;  7%;  3%;1.09e+03;1.85e+03;975;  5%;  9%;  4%;100;0;0;0;0;0;0;0;0;100;0.00205;0;0;0;0;0;0;0;97.7;2.32;0;0;0;0;0;0;0;0.254;1.75;0.0159;98;0;76.9;0;0;0;75.7;88;80.2;51.4;14.3 ;34.3 ;15.5 ;13.7 ;
2017-09-04;06:51:25.595;0.0784;0.17;0.461;0.619;263;314;0.163;0.194;0.0097;0.0116;26.4;25.2;2.71e+04;1.59e+05;2.16e+03;0.34;8.51;0.157;3.92;3.83e+04;74.5;0.824;0.0064;24.7;0;22.8;0;0;0;296;78.3;0.0854;0.138;0.619;0.619;71.8;85.5;0.161;0.195;0.00973;0.0116; 55040;1011;9806;2.37;2.34;43;0.123;0.199;0.619;0.619;114;135;0.154;0.169;0.0107;0.0127; 48000;12204;3856;19.3;17.9;40;0.104;0.172;0.605;0.619;76.5;91.9;0.168;0.229;0.0085;0.0102; 52640;955;9771;2.39;2.31;44;0.000643;0.488;0.00132;0.602;0.105;1.43;0.927;0.055;0.00189;0.0258; 49200;0;0;2.31;2.64;50;6.21e+03;1.53e+03;695; 31%;  7%;  3%;8.01e+03;1.45e+03;7.95e+03; 40%;  7%; 40%;6.29e+03;1.5e+03;768; 31%;  7%;  3%;1.06e+03;1.87e+03;953;  5%;  9%;  4%;100;0.000413;0;0;0;0;0;0;0;100;0.00234;0;0;0;0;0;0;0;97.7;2.33;0;0;0;0;0;0;0;0.219;0.963;0.0256;98.8;0;91;0;0;0;75.7;88.2;80.3;51.3;14.3 ;34.5 ;15.7 ;13.8 ;
2017-09-04;06:51:26.622;0.0787;0.172;0.458;0.619;263;314;0.161;0.198;0.00968;0.0115;26.2;25.1;2.72e+04;1.58e+05;2.16e+03;0.344;8.59;0.157;3.93;3.8e+04;74;1.32;0.00643;24.7;0;23.2;0;0;0;295;77.7;0.0856;0.138;0.619;0.619;71.9;85.4;0.158;0.196;0.00974;0.0116; 53280;1024;9788;2.37;2.33;43;0.122;0.196;0.619;0.619;114;135;0.156;0.163;0.0108;0.0128; 48960;12147;3821;19.3;17.9;40;0.107;0.181;0.592;0.619;77.4;92.3;0.161;0.248;0.00838;0.00999; 51680;930;9794;2.33;2.25;45;0.000583;0.466;0.00125;0.603;0.104;1.34;0.922;0.0529;0.00207;0.0266; 49200;2;2;2.28;2.62;50;6.2e+03;1.5e+03;706; 31%;  7%;  3%;7.96e+03;1.43e+03;7.94e+03; 40%;  7%; 40%;6.26e+03;1.47e+03;756; 31%;  7%;  3%;1.05e+03;1.83e+03;963;  5%;  9%;  4%;100;0.000146;0;0;0;0;0;0;0;100;0.00129;0;0;0;0;0;0;0;95.6;4.37;0;0;0;0;0;0;0;0.207;0.919;0.0257;98.8;0;92.7;0;0;0;75.6;87.9;80.2;51.3;14.3 ;34.3 ;15.4 ;13.7 ;
2017-09-04;06:51:27.651;0.077;0.167;0.461;0.619;261;309;0.158;0.194;0.00979;0.0116;26.3;25.1;2.66e+04;1.59e+05;2.16e+03;0.334;8.36;0.154;3.85;3.82e+04;74.4;0.886;0.00621;24.7;0;22;0;0;0;295;78.1;0.0868;0.14;0.619;0.619;72.1;85.8;0.159;0.198;0.00962;0.0114; 56720;1010;9824;2.35;2.3;43;0.122;0.197;0.619;0.619;113;133;0.152;0.165;0.0107;0.0127; 50960;12100;3768;19.3;17.9;40;0.099;0.164;0.604;0.619;75.4;89.7;0.16;0.23;0.0088;0.0105; 50560;897;9688;2.34;2.27;44;0.000496;0.411;0.00121;0.603;0.0673;0.812;0.917;0.0771;0.00157;0.019; 49280;1;1;2.28;2.61;50;6.21e+03;1.51e+03;705; 31%;  7%;  3%;8.01e+03;1.44e+03;7.96e+03; 40%;  7%; 40%;6.28e+03;1.49e+03;748; 31%;  7%;  3%;1.03e+03;1.85e+03;971;  5%;  9%;  4%;100;0.00148;0;0;0;0;0;0;0;100;0.00185;0;0;0;0;0;0;0;97.6;2.41;0;0;0;0;0;0;0;0.2;1.14;0.0248;98.6;0;87.9;0;0;0;75.8;88.1;80.1;51.3;14.3 ;34.5 ;15.6 ;13.7 ;
2017-09-04;06:51:28.678;0.0778;0.169;0.461;0.619;262;314;0.167;0.189;0.00975;0.0117;26.3;25;2.69e+04;1.59e+05;2.16e+03;0.338;8.44;0.156;3.89;3.82e+04;74.5;0.904;0.00652;24.6;0;21.7;0;0;0;295;77.9;0.0866;0.14;0.619;0.619;71.9;86;0.164;0.188;0.0096;0.0115; 54960;1024;9897;2.36;2.31;43;0.121;0.196;0.619;0.619;114;136;0.158;0.162;0.0109;0.0129; 49920;12083;3807;19.3;17.8;40;0.103;0.17;0.604;0.619;75.9;91.7;0.172;0.229;0.00858;0.0104; 48960;922;9667;2.35;2.26;45;0.000639;0.49;0.00131;0.604;0.0629;1.1;0.943;0.0702;0.00114;0.02; 49440;0;1;2.3;2.63;50;6.19e+03;1.5e+03;707; 31%;  7%;  3%;7.99e+03;1.46e+03;7.95e+03; 40%;  7%; 40%;6.26e+03;1.48e+03;745; 31%;  7%;  3%;1.03e+03;1.88e+03;978;  5%;  9%;  4%;100;0.000497;0;0;0;0;0;0;0;100;0.00142;0;0;0;0;0;0;0;97.5;2.45;0;0;0;0;0;0;0;0.216;1.16;0.0261;98.6;0;86.8;0;0;0;75.6;87.9;80.2;51.3;14.3 ;34.3 ;15.5 ;13.7 ;
2017-09-04;06:51:29.706;0.0775;0.168;0.461;0.619;260;310;0.159;0.193;0.00972;0.0116;26.2;25;2.68e+04;1.59e+05;2.16e+03;0.337;8.41;0.155;3.88;3.8e+04;74.4;0.993;0.0068;24.6;0;19.9;0;0;0;295;77.9;0.0877;0.142;0.619;0.619;72.2;85.8;0.158;0.201;0.00954;0.0113; 53680;1039;9768;2.34;2.3;43;0.124;0.2;0.619;0.619;114;135;0.153;0.168;0.0107;0.0126; 50240;12108;3728;19.3;17.9;40;0.0981;0.162;0.604;0.619;74.1;88.5;0.163;0.222;0.00875;0.0105; 51680;913;9591;2.34;2.27;45;0.000513;0.431;0.00119;0.605;0.0535;0.84;0.936;0.0776;0.00121;0.019; 49760;0;3;2.25;2.59;50;6.2e+03;1.47e+03;702; 31%;  7%;  3%;7.98e+03;1.43e+03;7.95e+03; 40%;  7%; 40%;6.26e+03;1.46e+03;727; 31%;  7%;  3%;1e+03;1.84e+03;962;  5%;  9%;  4%;100;0.000885;0;0;0;0;0;0;0;100;0.00111;0;0;0;0;0;0;0;97.6;2.43;0;0;0;0;0;0;0;0.197;1.54;0.0272;98.2;0;79.4;0;0;0;75.7;88.1;80;51.3;14.2 ;34.5 ;15.5 ;13.6 ;
2017-09-04;06:51:30.735;0.0779;0.169;0.461;0.619;262;314;0.164;0.194;0.00974;0.0116;26.3;25.1;2.69e+04;1.59e+05;2.16e+03;0.338;8.45;0.156;3.89;3.82e+04;74.4;0.871;0.00589;24.7;0;22.2;0;0;0;296;77.8;0.0866;0.14;0.619;0.619;71.9;85.9;0.162;0.192;0.00961;0.0115; 51360;1031;9822;2.38;2.33;43;0.124;0.2;0.619;0.619;115;136;0.156;0.169;0.0107;0.0127; 49840;12117;3802;19.3;17.9;40;0.1;0.166;0.604;0.619;75.7;90.9;0.167;0.231;0.00872;0.0105; 55520;963;9820;2.34;2.27;44;0.000555;0.441;0.00126;0.601;0.0708;0.959;0.926;0.0733;0.00148;0.02; 49120;1;0;2.29;2.62;50;6.21e+03;1.51e+03;705; 31%;  7%;  3%;7.98e+03;1.44e+03;7.97e+03; 40%;  7%; 40%;6.27e+03;1.49e+03;753; 31%;  7%;  3%;1.04e+03;1.84e+03;968;  5%;  9%;  4%;100;0.000929;0;0;0;0;0;0;0;100;0.00231;0;0;0;0;0;0;0;97.6;2.4;0;0;0;0;0;0;0;0.209;1.08;0.0236;98.7;0;88.8;0;0;0;75.7;88.2;80.3;51.4;14.3 ;34.3 ;15.5 ;13.7 ;
2017-09-04;06:51:31.763;0.0785;0.17;0.461;0.619;262;312;0.163;0.191;0.00964;0.0115;26.3;25.1;2.71e+04;1.59e+05;2.16e+03;0.341;8.51;0.157;3.93;3.82e+04;74.5;0.832;0.00586;24.7;0;22.5;0;0;0;295;77.7;0.0908;0.147;0.619;0.619;72.9;87.3;0.165;0.202;0.00929;0.0111; 55200;1033;9822;2.36;2.31;43;0.121;0.196;0.619;0.619;113;134;0.154;0.16;0.0108;0.0128; 51920;12077;3784;19.3;17.9;41;0.101;0.167;0.604;0.619;75.2;90.2;0.166;0.223;0.0086;0.0103; 51120;940;9614;2.35;2.28;45;0.000459;0.405;0.00113;0.603;0.061;0.738;0.917;0.0802;0.00154;0.0186; 49280;1;2;2.3;2.63;50;6.22e+03;1.5e+03;710; 31%;  7%;  3%;8.01e+03;1.46e+03;7.96e+03; 40%;  7%; 40%;6.26e+03;1.48e+03;737; 31%;  7%;  3%;1.02e+03;1.88e+03;979;  5%;  9%;  4%;100;0.000496;0;0;0;0;0;0;0;100;0.0014;0;0;0;0;0;0;0;97.6;2.35;0;0;0;0;0;0;0;0.188;0.972;0.0235;98.8;0;89.9;0;0;0;75.8;88.1;80.3;51.3;14.3 ;34.3 ;15.5 ;13.7 ;
2017-09-04;06:51:32.791;0.0801;0.174;0.461;0.619;262;316;0.17;0.191;0.00949;0.0114;26.4;25.1;2.77e+04;1.59e+05;2.16e+03;0.348;8.69;0.16;4.01;3.83e+04;74.5;0.832;0.0043;24.7;0;22.7;0;0;0;296;78.1;0.0944;0.152;0.619;0.619;73.2;88.8;0.176;0.199;0.00898;0.0109; 55920;1060;9863;2.39;2.33;43;0.124;0.2;0.619;0.619;115;136;0.157;0.167;0.0107;0.0127; 49120;12113;3829;19.4;17.8;40;0.102;0.168;0.605;0.619;74.5;90.8;0.179;0.217;0.00848;0.0103; 48000;905;9501;2.36;2.29;45;0.000364;0.341;0.00107;0.605;0.0602;0.537;0.888;0.092;0.00192;0.0171; 49440;0;10;2.31;2.63;50;6.21e+03;1.53e+03;723; 31%;  7%;  3%;8e+03;1.45e+03;7.97e+03; 40%;  7%; 40%;6.25e+03;1.52e+03;747; 31%;  7%;  3%;1.03e+03;1.86e+03;1e+03;  5%;  9%;  5%;100;6.04e-05;0;0;0;0;0;0;0;100;0.00239;0;0;0;0;0;0;0;97.7;2.32;0;0;0;0;0;0;0;0.176;1.01;0.0172;98.8;0;90.7;0;0;0;75.9;88.1;80.3;51.3;14.3 ;34.3 ;15.6 ;13.9 ;
2017-09-04;06:51:33.819;0.0785;0.17;0.461;0.619;263;315;0.165;0.191;0.00968;0.0116;26.4;25.1;2.71e+04;1.59e+05;2.16e+03;0.341;8.52;0.157;3.93;3.83e+04;74.5;1.1;0.00204;24.4;0;16.9;0;0;0;295;78.1;0.0862;0.139;0.619;0.619;71.9;86.4;0.168;0.189;0.00965;0.0116; 53040;1032;9858;2.39;2.33;43;0.127;0.206;0.619;0.619;115;136;0.156;0.168;0.0104;0.0124; 47840;12179;3863;19.3;17.8;40;0.1;0.166;0.605;0.619;76;91.3;0.167;0.227;0.00879;0.0106; 52560;870;9664;2.37;2.28;45;0.000486;0.423;0.00115;0.605;0.0574;0.809;0.929;0.0776;0.00137;0.0193; 49280;0;2;2.32;2.65;50;6.21e+03;1.5e+03;706; 31%;  7%;  3%;8.01e+03;1.47e+03;7.95e+03; 40%;  7%; 40%;6.29e+03;1.48e+03;749; 31%;  7%;  3%;1.04e+03;1.89e+03;975;  5%;  9%;  4%;100;0.00158;0;0;0;0;0;0;0;100;0.00188;0;0;0;0;0;0;0;97.7;2.31;0;0;0;0;0;0;0;0.19;2.1;0.00818;97.7;0;67.8;0;0;0;75.6;88.2;80.2;51.3;14.4 ;34.4 ;15.5 ;13.8 ;
2017-09-04;06:51:34.847;0.0788;0.171;0.46;0.619;262;313;0.163;0.195;0.00964;0.0115;26.3;25.1;2.72e+04;1.59e+05;2.16e+03;0.342;8.55;0.158;3.94;3.82e+04;74.4;0.9;0.00196;24.7;0;22.6;0;0;0;296;77.8;0.0887;0.143;0.619;0.619;72.1;86.3;0.164;0.199;0.00943;0.0113; 57920;1029;9826;2.37;2.32;43;0.123;0.199;0.619;0.619;114;136;0.155;0.169;0.0108;0.0127; 51920;12110;3784;19.3;17.9;40;0.103;0.17;0.603;0.619;75.4;90.5;0.167;0.228;0.00852;0.0102; 53280;809;9866;2.34;2.28;45;0.000673;0.54;0.00125;0.605;0.0627;0.738;0.915;0.104;0.00108;0.0127; 49360;2;0;2.28;2.61;50;6.19e+03;1.51e+03;706; 31%;  7%;  3%;8.01e+03;1.44e+03;7.96e+03; 40%;  7%; 40%;6.27e+03;1.49e+03;747; 31%;  7%;  3%;1.03e+03;1.85e+03;972;  5%;  9%;  4%;100;0.0011;0;0;0;0;0;0;0;100;0.00164;0;0;0;0;0;0;0;97.4;2.61;0;0;0;0;0;0;0;0.206;0.985;0.00786;98.8;0;90.4;0;0;0;75.7;88.2;80.3;51.3;14.3 ;34.2 ;15.6 ;13.7 ;
2017-09-04;06:51:35.875;0.0875;0.195;0.448;0.619;268;321;0.165;0.221;0.00885;0.0106;26.4;25.4;3.03e+04;1.55e+05;2.16e+03;0.391;9.77;0.175;4.38;3.85e+04;72.4;2.81;0.00337;24.8;0;23.3;0;0;0;296;78.1;0.083;0.134;0.619;0.619;71.8;85.5;0.16;0.19;0.01;0.0119; 51920;1033;9780;2.42;2.39;43;0.146;0.248;0.591;0.619;117;140;0.16;0.205;0.00927;0.011; 51600;12038;3853;19.2;17.9;40;0.12;0.207;0.581;0.619;78.7;95.1;0.173;0.268;0.00756;0.00914; 48560;924;9836;2.43;2.34;45;0.000281;0.296;0.00095;0.602;0.0517;0.378;0.863;0.108;0.00213;0.0155; 49200;0;4;2.36;2.71;50;6.24e+03;1.54e+03;700; 31%;  7%;  3%;8e+03;1.48e+03;7.97e+03; 40%;  7%; 40%;6.35e+03;1.5e+03;783; 32%;  7%;  3%;1.08e+03;1.91e+03;958;  5%;  9%;  4%;100;0.000403;0;0;0;0;0;0;0;95.4;4.23;0;0.35;0;0;0;0;0;93.8;6.18;0;0;0;0;0;0;0;0.158;0.826;0.0135;99;0;93.2;0;0;0;75.5;88.6;80.8;51.3;14.3 ;34.2 ;15.6 ;13.9 ;
2017-09-04;06:51:36.896;0.13;0.317;0.409;0.619;294;359;0.18;0.326;0.00659;0.00804;26.7;26.6;4.47e+04;1.41e+05;2.16e+03;0.635;15.9;0.26;6.49;4.1e+04;66.1;8.36;0.113;25.4;0;23.2;0;0;0;299;80.1;0.0919;0.148;0.619;0.619;74.6;89.5;0.166;0.193;0.00943;0.0113; 53520;1048;10087;2.71;2.72;43;0.272;0.581;0.468;0.619;134;166;0.191;0.383;0.00574;0.0071; 47360;12777;4742;18.6;18.2;40;0.156;0.284;0.548;0.619;85.4;103;0.173;0.323;0.00639;0.00773; 52960;1066;10110;2.74;2.67;45;0.000232;0.25;0.000928;0.606;0.049;0.28;0.825;0.13;0.00246;0.0141; 49280;1;0;2.66;3.09;50;6.58e+03;1.67e+03;753; 33%;  8%;  3%;8.32e+03;1.69e+03;8.32e+03; 42%;  8%; 42%;6.76e+03;1.61e+03;858; 34%;  8%;  4%;1.18e+03;2.2e+03;1.02e+03;  5%; 11%;  5%;100;0;0;0;0;0;0;0;0;75.5;21.4;0;3.06;0;0;0;0;0;88.6;11.2;0;0.213;0;0;0;0;0;0.153;0.845;0.451;98.6;0;92.9;0;0;0;75.5;90.7;81.6;51.1;14.9 ;34.3 ;16.4 ;14.5 ;
2017-09-04;06:51:37.915;0.12;0.409;0.293;0.619;250;308;0.187;0.361;0.00609;0.00749;23;26.4;4.11e+04;1e+05;2.14e+03;0.818;20.4;0.24;5.99;4.81e+04;47.3;8.36;0.005;44.3;0;27.5;0;0;0;284;76.1;0.125;0.205;0.609;0.619;107;126;0.151;0.195;0.01;0.0118; 56160;1376;14326;2.38;2.23;43;0.116;2.35;0.0495;0.619;16;28.1;0.43;0.685;0.0016;0.00281; 51680;1004;1057;15.9;19.4;41;0.238;0.464;0.513;0.619;127;153;0.169;0.35;0.00625;0.00752; 51200;1422;14260;2.4;2.09;44;0.000249;0.263;0.000945;0.609;0.0558;0.327;0.829;0.123;0.00262;0.0154; 49200;1;0;2.3;2.71;50;7.52e+03;2.3e+03;917; 38%; 11%;  4%;1.06e+04;1.08e+03;1.06e+04; 53%;  5%; 54%;7.8e+03;2.21e+03;1.12e+03; 39%; 11%;  5%;1.58e+03;1.14e+03;1.31e+03;  8%;  5%;  6%;98.3;1.7;0;0;0;0;0;0;0;8;14.2;0;77.8;0;16.5;0;0;0;82.8;16.7;0;0.434;0;0;0;0;0;0.155;0.84;0.02;99;0;93.7;0;0;0;77.7;70.3;85.2;50.8;14.1 ;33.1 ;15.1 ;13.7 ;
2017-09-04;06:51:38.931;0.122;0.67;0.182;0.619;238;294;0.188;0.365;0.00571;0.00704;21;24.9;4.17e+04;6.23e+04;2.14e+03;1.34;33.5;0.244;6.1;4.45e+04;29.4;12.8;0.00625;57.8;0;23.4;0;0;0;270;73.9;0.232;0.412;0.564;0.619;179;211;0.149;0.242;0.00904;0.0106; 53280;2229;21954;2.26;1.79;43;0.0325;2.98;0.0109;0.619;2.68;5.43;0.506;0.745;0.000965;0.00195; 51600;86;235;14.3;18.1;41;0.223;1.46;0.153;0.619;56.2;77;0.27;0.527;0.00295;0.00404; 52640;841;5100;2.24;2.3;46;0.000225;0.252;0.000894;0.605;0.0447;0.281;0.841;0.128;0.00232;0.0146; 49040;0;1;2.22;2.68;50;1.1e+04;2.12e+03;1.38e+03; 56%; 10%;  7%;3.57e+03;821;1.56e+04; 18%;  4%; 79%;2.94e+03;2.49e+03;741; 15%; 12%;  3%;981;820;2.01e+03;  5%;  4%; 10%;91.1;8.64;0;0.263;0;0;0;0;0;1.77;24.1;0;74.1;0;0;0;0;0;24.7;17.5;0;57.8;0;0;0;0;0;0.148;0.901;0.025;98.9;0;93.7;0;0;0;81.8;66.5;70.9;50.6;13.4 ;31.6 ;15.3 ;13.6 ;
2017-09-04;06:51:39.970;0.115;0.755;0.152;0.619;202;244;0.169;0.384;0.00509;0.00613;21.1;27.9;3.98e+04;5.27e+04;2.14e+03;1.51;37.7;0.23;5.75;4.24e+04;24.6;15.7;0.007;59.7;0;23.3;0;0;0;250;73.4;0.368;0.998;0.369;0.619;160;197;0.187;0.408;0.00506;0.00622; 49840;2917;18358;3.9;4.33;42;0.0409;0.346;0.118;0.619;20.3;21.7;0.0636;0.255;0.00575;0.00614; 46560;1304;3894;9.39;12.8;42;0.0524;0.427;0.123;0.619;22.2;24.3;0.0875;0.265;0.00488;0.00535; 50480;1376;4135;3.9;5.08;44;0.000472;0.345;0.00137;0.609;0.0636;0.942;0.933;0.0668;0.00155;0.023; 49040;0;3;3.88;5.69;50;8.79e+03;3.27e+03;2.15e+03; 44%; 16%; 10%;2.56e+03;1.41e+03;1.09e+04; 12%;  7%; 55%;2.57e+03;3.77e+03;1.22e+03; 13%; 19%;  6%;1.39e+03;1.58e+03;2.82e+03;  7%;  7%; 14%;59.5;19.4;0;21;0;0.632;0;0;0;19.1;29.3;0;51.6;0;0.0608;0;0;0;19.8;13.2;0;67;0;0;0;0;0;0.225;1.05;0.0279;98.7;0;92.2;0;0;0;79.6;63;60.6;47.2;15.6 ;24.9 ;17.2 ;15.7 ;
2017-09-04;06:51:40.003;0.11;0.237;0.465;0.619;308;313;0.018;0.0135;0.00803;0.00818;49.4;70.1;3.83e+04;1.61e+05;2.18e+03;0.474;11.9;0.22;5.51;9.41e+04;75.1;0.334;0.00459;24.6;0;21.2;0;0;0;342;121;0.133;0.214;0.619;0.619;92.7;94.1;0.0151;0.0134;0.00804;0.00816; 48480;6141;18229;12.4;17.1;41;0.151;0.244;0.619;0.619;106;107;0.0137;0.0132;0.00806;0.00817; 53520;6940;20792;12.4;16.7;41;0.156;0.252;0.619;0.619;109;111;0.0134;0.0132;0.00804;0.00815; 50080;7230;21470;12.4;16.7;42;0.000728;0.49;0.00149;0.6;0.038;1.33;0.971;0.068;0.000602;0.021; 49040;0;2;12.2;19.6;49;1e+04;1.02e+04;4.55e+03; 50%; 51%; 22%;1.07e+04;5.11e+03;9.89e+03; 54%; 25%; 49%;1.07e+04;1.01e+04;5.32e+03; 53%; 50%; 26%;6.2e+03;5.95e+03;5.29e+03; 31%; 29%; 26%;100;0.0264;0;0;0;0;0;0;0;100;0.0411;0;0;0;0;0;0;0;99.9;0.0526;0;0;0;0;0;0;0;0.248;1.22;0.0184;98.5;0;84.7;0;0;0;93.4;91.2;100;57.2;30 ;30 ;30.8 ;30.1 ;
2017-09-04;06:51:42.018;0.169;0.431;0.393;0.619;397;417;0.0476;0.121;0.00683;0.00717;42.8;51.3;5.82e+04;1.35e+05;2.17e+03;0.861;21.5;0.338;8.46;7.68e+04;63.5;2.36;0.00275;34.2;0;25.1;0;0;0;314;106;0.232;0.395;0.587;0.619;145;151;0.0398;0.104;0.00726;0.00756; 51120;5700;18058;10.2;11.4;42;0.231;0.45;0.514;0.619;134;141;0.0497;0.126;0.00674;0.00709; 61920;6496;14670;12.5;14.5;40;0.213;0.454;0.468;0.619;118;124;0.0491;0.137;0.00648;0.00681; 45840;4541;14606;10.1;11.8;44;0.000465;0.415;0.00112;0.603;0.0424;0.77;0.945;0.0804;0.00106;0.0193; 49120;0;2;10.1;13.7;50;9.06e+03;7.89e+03;4.21e+03; 46%; 40%; 21%;8.27e+03;3.75e+03;9.26e+03; 42%; 19%; 47%;8.19e+03;8e+03;3.46e+03; 41%; 40%; 17%;4.47e+03;4.88e+03;5.33e+03; 22%; 24%; 27%;94.8;1.66;0;3.53;0;0;0;0;0;83;2.17;0;14.8;0;11.1;0;0;0;75.5;4.61;0;19.8;0;0;0;0;0;0.186;0.99;0.011;98.8;0;89.7;0;0;0;87.5;85.3;87.2;54.3;25.1 ;28.8 ;26.5 ;25.4 ;
2017-09-04;06:51:43.034;0.373;0.802;0.465;0.619;640;696;0.0809;0.212;0.00503;0.00547;51.5;40.7;1.27e+05;1.59e+05;2.13e+03;1.6;40.1;0.745;18.6;8.19e+04;75;0.293;0.00388;24.7;0;21.5;0;0;0;350;106;0.453;0.732;0.619;0.619;191;208;0.0781;0.212;0.00495;0.00537; 45360;3731;14726;11;7.69;40;0.566;0.914;0.619;0.619;248;270;0.0812;0.213;0.00514;0.0056; 48320;10366;14522;18.6;16.3;39;0.471;0.761;0.619;0.619;200;217;0.0779;0.213;0.00497;0.00539; 53680;4200;15337;11;7.68;43;0.00069;0.587;0.00118;0.598;0.0431;1.3;0.967;0.0672;0.000731;0.022; 49120;1;1;10.9;9.04;49;1.02e+04;7.03e+03;3.22e+03; 52%; 36%; 16%;1.03e+04;3.78e+03;1.03e+04; 52%; 19%; 52%;1.01e+04;6.9e+03;3.31e+03; 52%; 35%; 16%;5.36e+03;6.24e+03;5.16e+03; 27%; 31%; 26%;100;0.00602;0;0;0;0;0;0;0;100;0.00112;0;0;0;0;0;0;0;100;0.0129;0;0;0;0;0;0;0;0.197;1.15;0.0155;98.6;0;86;0;0;0;93.8;102;99.7;54.9;23.7 ;32.9 ;25.3 ;23.7 ;
2017-09-04;06:51:44.050;0.416;0.895;0.465;0.619;691;754;0.0844;0.221;0.00487;0.00532;54.7;41.1;1.42e+05;1.59e+05;2.13e+03;1.79;44.7;0.831;20.8;8.71e+04;75.1;0.291;0.00354;24.6;0;21.3;0;0;0;362;108;0.532;0.859;0.619;0.619;219;239;0.083;0.219;0.00482;0.00526; 45600;4318;16427;12;7.94;40;0.588;0.95;0.619;0.619;246;269;0.0839;0.225;0.00491;0.00536; 49200;9000;13756;18.8;15.9;39;0.542;0.876;0.619;0.619;226;246;0.0817;0.218;0.00488;0.00531; 54560;4876;17364;12;7.91;42;0.000926;0.731;0.00127;0.6;0.0386;1.31;0.97;0.0817;0.000489;0.0165; 49040;0;0;11.9;9.41;49;1.03e+04;7.87e+03;3.56e+03; 52%; 40%; 18%;1.08e+04;3.84e+03;1.07e+04; 55%; 19%; 54%;1.03e+04;7.75e+03;3.65e+03; 52%; 39%; 18%;6.06e+03;6.37e+03;5.85e+03; 31%; 32%; 30%;100;0.000354;0;0;0;0;0;0;0;100;0.000785;0;0;0;0;0;0;0;100;0.000123;0;0;0;0;0;0;0;0.211;1.16;0.0142;98.6;0;85.3;0;0;0;98.6;103;106;55.2;24.6 ;32.9 ;25.8 ;24.2 ;
2017-09-04;06:51:45.064;0.432;0.964;0.448;0.619;688;751;0.0843;0.233;0.00467;0.0051;53.8;40.1;1.47e+05;1.53e+05;2.13e+03;1.93;48.2;0.864;21.6;8.63e+04;72.3;1.71;0.00274;26;0;22.1;0;0;0;362;107;0.575;0.928;0.619;0.619;232;252;0.0798;0.224;0.00473;0.00514; 47280;4595;16855;12;7.77;40;0.575;1.04;0.552;0.619;219;242;0.0915;0.255;0.00448;0.00493; 49680;7924;13184;18.1;15.3;39;0.577;0.932;0.619;0.619;236;256;0.0786;0.222;0.0048;0.00521; 51040;4799;16786;11.9;7.75;41;0.000537;0.516;0.00104;0.6;0.0403;0.964;0.958;0.074;0.00088;0.0211; 49040;0;3;11.9;9.32;49;9.87e+03;8.07e+03;3.62e+03; 50%; 41%; 18%;1.07e+04;3.66e+03;1.06e+04; 54%; 18%; 54%;9.86e+03;8.02e+03;3.7e+03; 50%; 41%; 19%;6.21e+03;5.93e+03;6.08e+03; 31%; 30%; 31%;100;0;0;0;0;0;0;0;0;89.1;5.8;0;5.1;0;0;0;0;0;100;0.000455;0;0;0;0;0;0;0;0.174;1.03;0.011;98.8;0;88.3;0;0;0;99.8;101;107;55.2;24.5 ;32.2 ;25.8 ;24.3 ;
2017-09-04;06:51:46.086;0.269;0.898;0.3;0.619;393;440;0.107;0.254;0.00427;0.00478;31.1;25.8;9.21e+04;1.03e+05;2.13e+03;1.8;44.9;0.538;13.5;5.06e+04;48.4;6.14;0.00512;45.4;0;29.4;0;0;0;276;82;0.407;0.896;0.455;0.619;144;162;0.108;0.251;0.00414;0.00464; 50480;2740;10164;6.76;4.89;41;0.274;0.9;0.304;0.619;110;123;0.103;0.229;0.00472;0.00526; 49680;4489;6609;10.9;10;40;0.395;0.899;0.439;0.619;138;155;0.106;0.276;0.00409;0.00458; 46080;2818;10097;6.76;4.94;43;0.000326;0.337;0.000968;0.606;0.0636;0.647;0.902;0.0741;0.00228;0.0231; 49280;1;0;6.73;5.94;49;5.73e+03;4.83e+03;2.2e+03; 29%; 24%; 11%;6.27e+03;2.07e+03;6.48e+03; 32%; 10%; 33%;5.62e+03;4.88e+03;2.21e+03; 28%; 24%; 11%;3.55e+03;3.09e+03;3.62e+03; 18%; 15%; 18%;73.4;8.55;0.00127;18;0;0;0;0;0;49.2;5.73;0;45.1;0;19.3;0;0;0;70.9;9.45;0;19.6;0;3.96;0;0;0;0.16;0.838;0.0192;99;0;94.1;0;0;0;78.1;70.8;80.2;46.8;18.7 ;24.5 ;20.1 ;18.6 ;
2017-09-04;06:51:47.102;0.405;0.872;0.464;0.619;652;723;0.0982;0.222;0.0047;0.00522;51.5;41.8;1.39e+05;1.59e+05;2.14e+03;1.74;43.6;0.81;20.2;8.29e+04;75;0.47;0.00484;24.5;0;19.2;0;0;0;358;106;0.515;0.834;0.617;0.619;204;226;0.0969;0.223;0.00464;0.00513; 48000;4141;15721;11.1;8.04;40;0.594;0.959;0.619;0.619;240;266;0.0976;0.224;0.00473;0.00524; 53680;9005;14059;18.3;16.2;39;0.51;0.824;0.619;0.619;207;229;0.096;0.219;0.00475;0.00526; 50880;4389;16309;11.1;8.03;42;0.000618;0.554;0.00112;0.599;0.0405;1.14;0.965;0.0696;0.000768;0.0217; 49360;1;1;11;9.52;49;1e+04;7.31e+03;3.36e+03; 51%; 37%; 17%;1.04e+04;3.75e+03;1.04e+04; 53%; 19%; 53%;1e+04;7.28e+03;3.48e+03; 51%; 37%; 17%;5.5e+03;6.02e+03;5.36e+03; 28%; 30%; 27%;99.7;0.268;0;0;0;0;0;0;0;100;0.00273;0;0;0;0;0;0;0;100;0.00889;0;0;0;0;0;0;0;0.186;1.6;0.0194;98.2;0;76.7;0;0;0;97.3;103;102;55.1;24.1 ;32.9 ;25.6 ;23.9 ;
2017-09-04;06:51:48.115;0.452;0.973;0.465;0.619;686;765;0.103;0.233;0.00445;0.00496;53.6;40.9;1.54e+05;1.58e+05;2.13e+03;1.95;48.6;0.904;22.6;8.5e+04;75.1;0.28;0.00547;24.7;0;21.5;0;0;0;366;107;0.586;0.946;0.619;0.619;217;242;0.103;0.238;0.00434;0.00484; 50480;4448;16001;11.9;8.21;40;0.642;1.04;0.619;0.619;250;278;0.101;0.231;0.00458;0.00509; 48480;7640;12529;18;14.8;39;0.58;0.937;0.619;0.619;219;244;0.0995;0.233;0.00444;0.00493; 54960;4444;15695;11.9;8.21;42;0.000676;0.574;0.00118;0.598;0.0383;1.24;0.969;0.068;0.000666;0.0216; 49280;0;0;11.8;9.72;50;9.9e+03;7.71e+03;3.52e+03; 50%; 39%; 18%;1.03e+04;3.94e+03;1.02e+04; 53%; 20%; 52%;1e+04;7.7e+03;3.64e+03; 51%; 39%; 18%;5.89e+03;6.41e+03;5.75e+03; 30%; 32%; 29%;100;0;0;0;0;0;0;0;0;100;0.000649;0;0;0;0;0;0;0;100;0;0;0;0;0;0;0;0;0.197;1.12;0.0219;98.7;0;86.2;0;0;0;99.9;104;106;55.7;24.7 ;32 ;26.1 ;24.4 ;
2017-09-04;06:51:49.132;0.41;1.13;0.361;0.619;531;598;0.113;0.273;0.0038;0.00428;39.9;30.5;1.4e+05;1.23e+05;2.13e+03;2.27;56.7;0.819;20.5;6.48e+04;58.4;5.34;0.00473;36.3;0;25.1;0;0;0;324;91.6;0.595;1.13;0.529;0.619;195;220;0.112;0.267;0.00385;0.00433; 54160;3393;11974;9.11;6.19;43;0.432;1.17;0.37;0.619;132;150;0.119;0.303;0.00358;0.00406; 52800;4383;8302;12.7;10.7;42;0.612;1.12;0.547;0.619;204;228;0.106;0.258;0.0039;0.00437; 50480;4108;13935;9.1;6.11;45;0.000373;0.405;0.000921;0.605;0.04;0.617;0.935;0.0866;0.00126;0.0194; 49200;0;2;9.02;7.49;50;6.6e+03;6.72e+03;2.91e+03; 33%; 34%; 14%;7.98e+03;2.58e+03;7.75e+03; 40%; 13%; 39%;6.76e+03;6.62e+03;3.05e+03; 34%; 33%; 15%;5.1e+03;3.84e+03;4.87e+03; 26%; 19%; 24%;85.4;5.72;0;8.9;0;0;0;0;0;59.7;7.79;0;32.5;0;9.12;0;0;0;88.3;6.96;0;4.75;0;0;0;0;0;0.152;0.904;0.0189;98.9;0;91.4;0;0;0;91.5;83.4;97.8;51.3;21.4 ;26.4 ;22.6 ;21.2 ;
2017-09-04;06:51:50.161;0.0786;0.191;0.411;0.619;235;283;0.17;0.204;0.00867;0.0105;23.8;22.8;2.7e+04;1.42e+05;2.14e+03;0.382;9.55;0.157;3.93;3.45e+04;66.5;1.72;0.00901;31.8;0;24.6;0;0;0;273;74;0.0846;0.154;0.551;0.619;64;77.5;0.174;0.198;0.00882;0.0107; 48480;877;8469;2.21;2.22;42;0.113;0.206;0.55;0.619;101;119;0.154;0.181;0.0104;0.0122; 48480;10871;3536;17.4;16.1;40;0.116;0.213;0.545;0.619;69.7;84.6;0.176;0.244;0.00698;0.00846; 49280;974;8824;2.14;2.08;45;0.000683;0.521;0.00131;0.602;0.0792;1.49;0.947;0.0547;0.00135;0.0254; 49280;1;2;2.11;2.47;50;5.53e+03;1.46e+03;655; 28%;  7%;  3%;7.18e+03;1.28e+03;7.14e+03; 36%;  6%; 36%;5.56e+03;1.42e+03;735; 28%;  7%;  3%;1e+03;1.64e+03;895;  5%;  8%;  4%;88.9;0.783;0;10.3;0;3.41;0;0;0;88.8;0.647;0;10.5;0;4.53;0;0;0;88.1;4.44;0;7.47;0;0;0;0;0;0.218;0.984;0.0359;98.8;0;90.4;0;0;0;70.2;80.4;74.5;48.1;13.9 ;31.9 ;14.9 ;13.2 ;
2017-09-04;06:51:51.191;0.0773;0.166;0.465;0.619;261;312;0.164;0.185;0.00977;0.0117;26.4;25;2.67e+04;1.61e+05;2.16e+03;0.333;8.31;0.155;3.86;3.81e+04;75;0.284;0.00667;24.7;0;21.5;0;0;0;296;77.9;0.0874;0.141;0.619;0.619;72.4;86.4;0.162;0.195;0.00958;0.0114; 51200;963;9634;2.35;2.3;42;0.123;0.199;0.619;0.619;113;134;0.153;0.166;0.0106;0.0126; 52480;12295;3983;19.4;17.9;40;0.0977;0.158;0.619;0.619;75.2;90.6;0.17;0.204;0.0089;0.0107; 51040;1020;9761;2.35;2.25;45;0.000707;0.542;0.0013;0.597;0.0354;1.25;0.972;0.069;0.000579;0.0204; 49040;0;1;2.28;2.62;50;6.17e+03;1.53e+03;706; 31%;  7%;  3%;7.98e+03;1.44e+03;7.95e+03; 40%;  7%; 40%;6.17e+03;1.5e+03;762; 31%;  7%;  3%;1.05e+03;1.84e+03;968;  5%;  9%;  4%;100;0.000582;0;0;0;0;0;0;0;100;0.00242;0;0;0;0;0;0;0;100;0.00162;0;0;0;0;0;0;0;0.218;1.13;0.0267;98.6;0;86;0;0;0;75.8;88.2;80.3;51.4;14.3 ;34.3 ;15.5 ;13.8 ;
2017-09-04;06:51:52.217;0.0775;0.167;0.465;0.619;263;314;0.163;0.191;0.00983;0.0117;26.3;25;2.67e+04;1.6e+05;2.16e+03;0.333;8.33;0.155;3.87;3.8e+04;75.1;0.282;0.00516;24.6;0;21.5;0;0;0;295;77.7;0.0862;0.139;0.619;0.619;72.1;85.6;0.159;0.195;0.00968;0.0115; 55360;949;9570;2.35;2.3;43;0.126;0.204;0.619;0.619;115;136;0.154;0.179;0.0105;0.0124; 51840;12276;3989;19.3;17.8;40;0.0965;0.156;0.619;0.619;76;91.6;0.171;0.206;0.00912;0.011; 47520;1051;9747;2.37;2.27;45;0.000714;0.541;0.00132;0.6;0.0376;1.25;0.97;0.0694;0.000611;0.0204; 49040;0;1;2.28;2.61;50;6.16e+03;1.52e+03;696; 31%;  7%;  3%;7.94e+03;1.42e+03;7.93e+03; 40%;  7%; 40%;6.18e+03;1.49e+03;766; 31%;  7%;  3%;1.08e+03;1.82e+03;960;  5%;  9%;  4%;100;0.000481;0;0;0;0;0;0;0;100;0.000719;0;0;0;0;0;0;0;100;0;0;0;0;0;0;0;0;0.22;1.13;0.0207;98.6;0;85.9;0;0;0;75.5;88;80;51.2;14.2 ;34.4 ;15.5 ;13.7 ;
2017-09-04;06:51:53.247;0.0775;0.167;0.465;0.619;261;313;0.165;0.184;0.00975;0.0117;26.4;25;2.68e+04;1.61e+05;2.16e+03;0.334;8.34;0.155;3.88;3.82e+04;75;0.379;0.00597;24.6;0;20.6;0;0;0;296;78;0.0861;0.139;0.619;0.619;72.9;86.5;0.157;0.194;0.0098;0.0116; 51440;972;9660;2.38;2.32;43;0.122;0.197;0.619;0.619;113;133;0.155;0.163;0.0107;0.0127; 51680;12179;3960;19.4;17.8;40;0.101;0.164;0.619;0.619;75.9;92.1;0.176;0.206;0.00866;0.0105; 51280;1024;9887;2.34;2.24;45;0.000845;0.548;0.00154;0.601;0.0607;1.3;0.953;0.0842;0.00083;0.0178; 49520;1;2;2.29;2.62;50;6.21e+03;1.57e+03;717; 31%;  7%;  3%;7.99e+03;1.43e+03;7.98e+03; 40%;  7%; 40%;6.16e+03;1.52e+03;765; 31%;  7%;  3%;1.05e+03;1.84e+03;984;  5%;  9%;  4%;100;0.000395;0;0;0;0;0;0;0;100;0.00172;0;0;0;0;0;0;0;100;0.00229;0;0;0;0;0;0;0;0.257;1.51;0.0239;98.2;0;82.3;0;0;0;75.8;88.2;80.4;51.4;14.3 ;34.4 ;15.5 ;13.8 ;
2017-09-04;06:51:54.276;0.0765;0.165;0.465;0.619;260;312;0.166;0.182;0.00982;0.0118;26.3;25;2.64e+04;1.61e+05;2.16e+03;0.329;8.23;0.153;3.83;3.8e+04;75.1;0.323;0.00409;24.6;0;21.2;0;0;0;295;77.8;0.085;0.137;0.619;0.619;72.3;86.1;0.16;0.19;0.00984;0.0117; 50400;969;9692;2.35;2.3;43;0.124;0.2;0.619;0.619;113;133;0.152;0.17;0.0106;0.0125; 51280;12309;4005;19.4;17.8;40;0.0963;0.156;0.619;0.619;74.4;90.6;0.179;0.194;0.00894;0.0109; 52480;996;9759;2.33;2.24;45;0.00104;0.642;0.00162;0.597;0.0577;1.52;0.962;0.0775;0.000643;0.0169; 49680;0;1;2.26;2.59;50;6.24e+03;1.53e+03;701; 31%;  7%;  3%;7.95e+03;1.44e+03;7.99e+03; 40%;  7%; 40%;6.12e+03;1.51e+03;747; 30%;  7%;  3%;1.03e+03;1.84e+03;960;  5%;  9%;  4%;100;0.000788;0;0;0;0;0;0;0;100;0.0027;0;0;0;0;0;0;0;100;0;0;0;0;0;0;0;0;0.271;1.29;0.0164;98.4;0;85;0;0;0;75.7;88.2;80.1;51.4;14.2 ;34.4 ;15.4 ;13.8 ;
2017-09-04;06:51:55.302;0.0777;0.168;0.461;0.619;261;313;0.165;0.192;0.00975;0.0117;26.2;25;2.68e+04;1.59e+05;2.16e+03;0.337;8.42;0.155;3.88;3.8e+04;74.5;0.791;0.00385;24.7;0;22.5;0;0;0;295;77.7;0.0822;0.133;0.619;0.619;71.9;85.4;0.159;0.187;0.0101;0.012; 51520;973;9633;2.32;2.29;43;0.127;0.206;0.619;0.619;114;136;0.16;0.175;0.0104;0.0124; 50800;12134;3981;19.3;17.9;40;0.101;0.166;0.605;0.619;75.4;91.2;0.174;0.219;0.00867;0.0105; 51200;1030;9678;2.34;2.25;44;0.000459;0.404;0.00114;0.603;0.0567;0.751;0.924;0.0812;0.00143;0.0189; 49760;0;1;2.28;2.61;50;6.19e+03;1.51e+03;693; 31%;  7%;  3%;7.93e+03;1.42e+03;7.93e+03; 40%;  7%; 40%;6.2e+03;1.47e+03;769; 31%;  7%;  3%;1.07e+03;1.82e+03;949;  5%;  9%;  4%;100;0.000774;0;0;0;0;0;0;0;100;0.000168;0;0;0;0;0;0;0;97.8;2.21;0;0;0;0;0;0;0;0.189;0.954;0.0154;98.8;0;90;0;0;0;75.4;88;80.1;51.2;14.3 ;34.3 ;15.5 ;13.6 ;
2017-09-04;06:51:56.332;0.0762;0.165;0.461;0.619;260;309;0.16;0.188;0.00987;0.0117;26.3;25;2.63e+04;1.59e+05;2.16e+03;0.331;8.27;0.152;3.81;3.8e+04;74.4;0.818;0.00318;24.7;0;22.7;0;0;0;295;78;0.0844;0.136;0.619;0.619;71.6;85.1;0.158;0.189;0.00984;0.0117; 49520;973;9666;2.35;2.3;43;0.12;0.194;0.619;0.619;112;132;0.153;0.162;0.0108;0.0127; 49600;12232;3934;19.4;17.9;40;0.1;0.165;0.604;0.619;76.2;91.4;0.166;0.223;0.00882;0.0106; 49760;1018;9652;2.31;2.22;45;0.000381;0.361;0.00105;0.601;0.0578;0.574;0.899;0.09;0.00176;0.0174; 49760;1;1;2.27;2.59;50;6.15e+03;1.54e+03;702; 31%;  7%;  3%;7.97e+03;1.41e+03;7.93e+03; 40%;  7%; 40%;6.21e+03;1.5e+03;762; 31%;  7%;  3%;1.06e+03;1.81e+03;970;  5%;  9%;  4%;100;0.00123;0;0;0;0;0;0;0;100;0.00291;0;0;0;0;0;0;0;97.6;2.37;0;0;0;0;0;0;0;0.176;0.901;0.0127;98.9;0;90.9;0;0;0;75.7;88.1;80.3;51.4;14.3 ;34.5 ;15.4 ;13.7 ;
2017-09-04;06:51:57.360;0.0782;0.17;0.461;0.619;261;311;0.161;0.195;0.00964;0.0115;26.2;25;2.71e+04;1.59e+05;2.16e+03;0.339;8.48;0.156;3.91;3.8e+04;74.5;0.846;0.00323;24.7;0;22.3;0;0;0;295;77.8;0.0866;0.14;0.619;0.619;72.9;85.7;0.149;0.204;0.00974;0.0114; 54080;997;9646;2.34;2.3;43;0.124;0.2;0.619;0.619;112;134;0.159;0.167;0.0105;0.0125; 45840;12202;3908;19.3;17.9;40;0.102;0.168;0.604;0.619;75.5;90.9;0.169;0.224;0.00859;0.0103; 53440;1006;9548;2.35;2.26;45;0.000542;0.455;0.00119;0.602;0.0495;0.914;0.946;0.0756;0.00106;0.0195; 49680;0;3;2.27;2.6;50;6.19e+03;1.52e+03;707; 31%;  7%;  3%;7.96e+03;1.41e+03;7.94e+03; 40%;  7%; 40%;6.23e+03;1.49e+03;766; 31%;  7%;  3%;1.06e+03;1.8e+03;967;  5%;  9%;  4%;100;3.23e-05;0;0;0;0;0;0;0;100;0.000351;0;0;0;0;0;0;0;97.6;2.36;0;0;0;0;0;0;0;0.198;1.03;0.0129;98.8;0;89.1;0;0;0;75.6;88.1;80.2;51.3;14.3 ;34.4 ;15.4 ;13.6 ;
2017-09-04;06:51:58.387;0.0769;0.167;0.461;0.619;261;311;0.159;0.197;0.00984;0.0117;26.2;25;2.65e+04;1.59e+05;2.16e+03;0.334;8.35;0.154;3.85;3.79e+04;74.5;0.869;0.00301;24.7;0;22.2;0;0;0;295;77.9;0.0837;0.135;0.619;0.619;71.9;84.5;0.149;0.2;0.00995;0.0117; 50080;971;9573;2.36;2.31;43;0.123;0.199;0.619;0.619;113;134;0.156;0.171;0.0106;0.0126; 52640;12114;3990;19.3;17.9;40;0.1;0.166;0.604;0.619;76;91.2;0.166;0.231;0.0088;0.0105; 51680;1073;9480;2.3;2.2;45;0.000547;0.452;0.00121;0.603;0.0621;0.947;0.934;0.074;0.00132;0.0201; 49840;0;3;2.26;2.59;50;6.18e+03;1.52e+03;693; 31%;  7%;  3%;7.92e+03;1.42e+03;7.92e+03; 40%;  7%; 40%;6.19e+03;1.48e+03;754; 31%;  7%;  3%;1.04e+03;1.83e+03;949;  5%;  9%;  4%;100;0.000981;0;0;0;0;0;0;0;100;0.00216;0;0;0;0;0;0;0;97.6;2.41;0;0;0;0;0;0;0;0.201;1.06;0.012;98.7;0;88.6;0;0;0;75.5;88;80.2;51.2;14.2 ;34.5 ;15.4 ;13.8 ;
2017-09-04;06:51:59.418;0.0756;0.164;0.461;0.619;259;308;0.157;0.191;0.0099;0.0117;26.3;25;2.62e+04;1.59e+05;2.16e+03;0.328;8.21;0.151;3.78;3.8e+04;74.4;0.858;0.00314;24.7;0;22.4;0;0;0;296;77.8;0.0829;0.134;0.619;0.619;72.2;84.8;0.148;0.201;0.0101;0.0118; 49840;988;9648;2.33;2.28;43;0.12;0.193;0.619;0.619;111;132;0.154;0.162;0.0108;0.0127; 54080;12205;3890;19.4;17.9;40;0.0995;0.165;0.604;0.619;75.5;90.3;0.164;0.222;0.00877;0.0105; 45440;1053;9496;2.32;2.23;45;0.000461;0.4;0.00115;0.602;0.07;0.753;0.907;0.0826;0.00176;0.0189; 49760;1;0;2.26;2.58;50;6.18e+03;1.52e+03;700; 31%;  7%;  3%;7.97e+03;1.4e+03;7.95e+03; 40%;  7%; 40%;6.21e+03;1.49e+03;764; 31%;  7%;  3%;1.06e+03;1.8e+03;956;  5%;  9%;  4%;100;0.00187;0;0;0;0;0;0;0;100;0.00308;0;0;0;0;0;0;0;97.6;2.39;0;0;0;0;0;0;0;0.191;1.03;0.0126;98.8;0;89.6;0;0;0;75.8;88.2;80.4;51.4;14.2 ;34.4 ;15.5 ;13.7 ;
2017-09-04;06:52:00.447;0.0779;0.169;0.461;0.619;262;311;0.157;0.2;0.00973;0.0115;26.3;25.1;2.69e+04;1.6e+05;2.17e+03;0.338;8.44;0.156;3.89;3.81e+04;74.5;0.896;0.00339;24.6;0;21.9;0;0;0;295;77.9;0.0855;0.138;0.619;0.619;72.6;85.5;0.151;0.203;0.00981;0.0116; 56240;973;9682;2.35;2.3;43;0.124;0.2;0.619;0.619;113;134;0.156;0.171;0.0105;0.0125; 51120;12186;3943;19.3;17.9;40;0.102;0.168;0.604;0.619;76.6;90.7;0.155;0.238;0.00872;0.0103; 48000;925;9599;2.35;2.26;45;0.000601;0.442;0.00136;0.601;0.0641;1.04;0.938;0.0774;0.00123;0.02; 49760;0;2;2.28;2.61;50;6.18e+03;1.55e+03;706; 31%;  7%;  3%;7.97e+03;1.41e+03;7.93e+03; 40%;  7%; 40%;6.24e+03;1.52e+03;766; 31%;  7%;  3%;1.06e+03;1.82e+03;974;  5%;  9%;  4%;100;0.000236;0;0;0;0;0;0;0;100;0.000332;0;0;0;0;0;0;0;97.6;2.37;0;0;0;0;0;0;0;0.226;1.22;0.0136;98.5;0;87.8;0;0;0;75.6;88.1;80.2;51.4;14.3 ;34.4 ;15.5 ;13.7 ;
2017-09-04;06:52:01.476;0.0808;0.176;0.459;0.619;265;316;0.163;0.204;0.00947;0.0113;26.3;25.2;2.79e+04;1.59e+05;2.16e+03;0.352;8.81;0.162;4.04;3.82e+04;74.1;1.18;0.00229;24.7;0;22.3;0;0;0;296;78;0.0893;0.144;0.619;0.619;72.5;86.8;0.164;0.201;0.00939;0.0112; 47840;981;9611;2.37;2.32;43;0.135;0.221;0.611;0.619;116;137;0.155;0.191;0.00992;0.0117; 51920;12188;4150;19.3;17.9;40;0.098;0.162;0.604;0.619;75.9;91;0.166;0.226;0.00897;0.0107; 47280;876;9611;2.35;2.26;45;0.000536;0.402;0.00133;0.602;0.0732;0.925;0.921;0.0757;0.00158;0.02; 49920;0;3;2.33;2.65;50;6.18e+03;1.51e+03;712; 31%;  7%;  3%;7.97e+03;1.45e+03;7.94e+03; 40%;  7%; 40%;6.25e+03;1.49e+03;757; 31%;  7%;  3%;1.05e+03;1.87e+03;981;  5%;  9%;  4%;100;0.000301;0;0;0;0;0;0;0;98.8;1.22;0;0;0;0;0;0;0;97.6;2.45;0;0;0;0;0;0;0;0.221;1.07;0.00914;98.7;0;89.3;0;0;0;75.8;88.5;80.2;51.4;14.4 ;34.3 ;15.5 ;13.9 ;
2017-09-04;06:52:02.504;0.0857;0.189;0.453;0.619;268;318;0.159;0.22;0.00905;0.0108;26.3;25.3;2.96e+04;1.56e+05;2.16e+03;0.379;9.46;0.171;4.28;3.84e+04;73.1;2.14;0.00219;24.7;0;23.1;0;0;0;296;78.2;0.0856;0.138;0.619;0.619;71.9;86.3;0.167;0.19;0.00972;0.0117; 48400;971;9625;2.4;2.37;43;0.157;0.267;0.586;0.619;120;142;0.156;0.228;0.00886;0.0105; 46960;12111;4157;19.2;17.9;40;0.1;0.166;0.604;0.619;76;89.6;0.152;0.234;0.0088;0.0104; 50960;879;9714;2.39;2.32;45;0.000308;0.307;0.001;0.604;0.0589;0.454;0.87;0.0991;0.00222;0.0171; 49840;1;1;2.35;2.69;50;6.24e+03;1.53e+03;707; 31%;  7%;  3%;8.01e+03;1.48e+03;7.96e+03; 40%;  7%; 40%;6.29e+03;1.5e+03;759; 31%;  7%;  3%;1.04e+03;1.92e+03;970;  5%;  9%;  4%;100;0.000479;0;0;0;0;0;0;0;94.7;5.28;0;0;0;0;0;0;0;97.6;2.41;0;0;0;0;0;0;0;0.166;0.879;0.00876;98.9;0;92.6;0;0;0;75.5;88.9;80.1;51.3;14.4 ;34.3 ;15.6 ;14 ;
2017-09-04;06:52:03.528;0.104;0.239;0.436;0.619;280;335;0.166;0.269;0.00777;0.00932;26.5;25.8;3.6e+04;1.5e+05;2.16e+03;0.479;12;0.209;5.22;3.93e+04;70.4;4.63;0.00187;25;0;23.5;0;0;0;297;78.8;0.0835;0.135;0.619;0.619;71.5;84.8;0.156;0.193;0.00993;0.0118; 49680;972;9562;2.51;2.51;43;0.231;0.445;0.519;0.619;132;159;0.17;0.323;0.00663;0.00799; 53040;12176;4658;19;18;40;0.103;0.17;0.604;0.619;76.1;91.2;0.166;0.233;0.00861;0.0103; 50400;904;9546;2.53;2.48;45;0.000239;0.261;0.000914;0.606;0.0441;0.303;0.854;0.121;0.00214;0.0147; 49920;0;3;2.5;2.87;50;6.39e+03;1.53e+03;708; 32%;  7%;  3%;8.11e+03;1.63e+03;8.08e+03; 41%;  8%; 41%;6.43e+03;1.49e+03;781; 32%;  7%;  3%;1.08e+03;2.12e+03;963;  5%; 10%;  4%;100;0.000176;0;0;0;0;0;0;0;83.9;15.2;0;0.881;0;0;0;0;0;97.5;2.5;0;0;0;0;0;0;0;0.151;0.788;0.00749;99.1;0;94;0;0;0;75.3;90.4;80;51.1;14.6 ;34.2 ;15.9 ;14.1 ;
2017-09-04;06:52:04.548;0.126;0.332;0.379;0.619;273;336;0.187;0.353;0.00633;0.00778;25.4;26.7;4.32e+04;1.3e+05;2.15e+03;0.665;16.6;0.252;6.29;4.48e+04;61.2;6.06;0.00451;32.8;0;23.3;0;0;0;293;78.6;0.0986;0.159;0.619;0.619;86.9;103;0.152;0.186;0.0103;0.0121; 52640;1119;11596;2.59;2.54;43;0.288;0.991;0.29;0.619;94.8;125;0.241;0.511;0.00384;0.00506; 51680;7743;4149;17.6;18.6;41;0.116;0.193;0.604;0.619;91.6;108;0.155;0.212;0.00916;0.0109; 51600;1010;11603;2.62;2.54;45;0.000496;0.472;0.00105;0.607;0.0564;0.349;0.838;0.162;0.00133;0.0082; 50000;0;1;2.56;2.98;50;7.19e+03;1.8e+03;810; 36%;  9%;  4%;9.58e+03;1.61e+03;9.44e+03; 48%;  8%; 48%;7.33e+03;1.76e+03;879; 37%;  8%;  4%;1.22e+03;2.01e+03;1.13e+03;  6%; 10%;  5%;100;0;0;0;0;0;0;0;0;46.9;20.9;0;32.2;0;1.26;0;0;0;97.5;2.46;0;0;0;0;0;0;0;0.173;0.887;0.0181;98.9;0;91.9;0;0;0;76.2;85.1;81;51.1;14.6 ;33.9 ;15.9 ;14.3 ;
2017-09-04;06:52:05.568;0.0772;0.255;0.303;0.619;225;272;0.172;0.256;0.0085;0.0103;22.3;25.3;2.65e+04;1.04e+05;2.14e+03;0.51;12.8;0.154;3.86;4.72e+04;48.9;7.15;0.00571;44;0;25.7;0;0;0;278;74.5;0.117;0.19;0.617;0.619;106;126;0.16;0.173;0.0105;0.0125; 52640;1354;14175;2.13;1.9;43;0.0345;2.82;0.0122;0.619;2.82;7.65;0.631;0.768;0.000956;0.00259; 51760;92;237;16.1;19.3;41;0.157;0.27;0.58;0.619;116;138;0.157;0.233;0.00866;0.0103; 45200;1287;14321;2.08;1.77;45;0.00021;0.249;0.000841;0.605;0.0423;0.231;0.817;0.144;0.00235;0.0129; 49840;0;5;2.01;2.35;50;7.4e+03;2.12e+03;879; 37%; 10%;  4%;1.08e+04;970;1.06e+04; 55%;  4%; 54%;7.64e+03;2.05e+03;1.01e+03; 39%; 10%;  5%;1.44e+03;973;1.26e+03;  7%;  4%;  6%;99.7;0.342;0;0;0;0;0;0;0;1.98;21.2;0;76.9;0;8.71;0;0;0;93.7;6.31;0;0;0;0;0;0;0;0.139;0.797;0.0228;99;0;94.2;0;0;0;77.3;67.2;82.8;50.7;13.4 ;33.3 ;14.6 ;13.2 ;
2017-09-04;06:52:06.586;0.0921;0.32;0.288;0.619;236;285;0.17;0.28;0.00749;0.00903;22.4;25.7;3.15e+04;9.86e+04;2.14e+03;0.639;16;0.184;4.61;4.75e+04;46.6;9.86;0.178;43.4;0;24;0;0;0;280;75;0.133;0.221;0.602;0.619;109;129;0.157;0.2;0.00958;0.0114; 50320;1247;14348;2.21;2;43;0.0319;2.92;0.0109;0.619;2.61;5.69;0.541;0.699;0.000957;0.00209; 52000;80;226;15.9;19.3;41;0.203;0.377;0.539;0.619;124;149;0.165;0.303;0.00716;0.00858; 48560;1458;14059;2.22;1.89;45;0.000249;0.265;0.000939;0.603;0.0555;0.342;0.838;0.115;0.00261;0.0161; 50160;1;3;2.15;2.51;50;7.38e+03;2.28e+03;934; 37%; 11%;  4%;1.06e+04;939;1.05e+04; 54%;  4%; 53%;7.65e+03;2.21e+03;1.08e+03; 39%; 11%;  5%;1.53e+03;938;1.36e+03;  7%;  4%;  6%;97.3;2.75;0;0;0;0;0;0;0;1.76;24.1;0;74.1;0;3.04;0;0;0;87;11.7;0.684;0.627;0;0;0;0;0;0.156;0.891;0.0267;98.9;0;92.9;0;0;0;77.7;67.2;83.8;50.8;13.7 ;33 ;14.8 ;13.5 ;
2017-09-04;06:52:07.601;0.137;0.674;0.203;0.619;257;319;0.195;0.405;0.00548;0.0068;22;26.2;4.68e+04;6.95e+04;2.14e+03;1.35;33.7;0.274;6.86;4.63e+04;32.9;14;0.00652;53.1;0;24.2;0;0;0;276;75.5;0.237;0.435;0.545;0.619;164;193;0.154;0.283;0.00809;0.00956; 54560;1908;20098;2.49;2.11;43;0.0155;2.83;0.00549;0.619;1.31;2.79;0.532;0.808;0.000985;0.0021; 52080;42;115;14.6;18.9;42;0.296;1.13;0.262;0.619;91.6;122;0.251;0.513;0.00363;0.00484; 47440;1397;8909;2.49;2.34;45;0.000217;0.257;0.000847;0.608;0.0439;0.259;0.83;0.132;0.00237;0.0139; 50080;1;1;2.43;2.89;50;9.9e+03;2.49e+03;1.31e+03; 50%; 12%;  6%;5.77e+03;792;1.37e+04; 29%;  4%; 70%;4.54e+03;2.67e+03;1.03e+03; 23%; 13%;  5%;1.42e+03;793;1.88e+03;  7%;  4%;  9%;88;11.5;0;0.584;0;0;0;0;0;0.886;26.2;0;72.9;0;0;0;0;0;42.4;17.7;0;39.9;0;2.9;0;0;0;0.139;0.79;0.0261;99;0;94;0;0;0;81.6;66.3;77.8;50.8;13.9 ;32 ;15.6 ;14 ;
2017-09-04;06:52:08.624;0.115;0.618;0.186;0.619;211;248;0.151;0.377;0.00538;0.00634;23.7;31.8;3.92e+04;6.34e+04;2.1e+03;1.24;30.9;0.23;5.75;4.68e+04;30.1;15.1;0.00559;54.8;0;29.9;0;0;0;256;77.5;0.352;0.907;0.388;0.619;148;181;0.183;0.423;0.00497;0.00608; 50320;3189;17613;4.79;5.68;41;0.053;0.293;0.181;0.619;30.6;31.8;0.0377;0.122;0.00679;0.00706; 44960;2020;5868;9.31;12.7;42;0.0564;0.32;0.176;0.619;31.8;33.8;0.0576;0.274;0.00662;0.00703; 53760;1953;5894;4.82;6.3;43;0.000534;0.427;0.00125;0.608;0.0638;1.36;0.953;0.0399;0.0014;0.0298; 50000;0;1;4.74;7.1;50;8.57e+03;3.96e+03;2.36e+03; 44%; 20%; 12%;3.44e+03;1.8e+03;1.02e+04; 17%;  9%; 52%;3.47e+03;4.38e+03;1.63e+03; 17%; 22%;  8%;1.88e+03;2.05e+03;3.03e+03;  9%; 10%; 15%;62.7;18.7;0;18.6;0;3.4;0;0;0;29.2;25.4;0;45.4;0;0;0;0;0;28.5;15;0;56.5;0;30.7;0;0;0;0.206;1.28;0.0223;98.5;0;85.2;0;0;0;80.2;65;63.6;47.6;16.9 ;24.8 ;18.6 ;17.2 ;
2017-09-04;06:52:09.658;0.112;0.241;0.464;0.619;312;317;0.0175;0.0135;0.00801;0.00816;50.3;71.1;3.89e+04;1.61e+05;2.18e+03;0.482;12;0.224;5.59;9.57e+04;75;0.358;0.00504;24.6;0;21.6;0;0;0;344;122;0.139;0.225;0.618;0.619;97.2;98.7;0.015;0.0134;0.00804;0.00816; 48480;6443;19080;12.7;17.4;40;0.151;0.244;0.619;0.619;105;107;0.0138;0.0132;0.00804;0.00815; 49360;6888;20791;12.6;17;41;0.156;0.253;0.619;0.619;109;110;0.0136;0.0133;0.008;0.00811; 53520;7316;21598;12.5;16.7;43;0.00064;0.473;0.00135;0.601;0.0412;1.15;0.964;0.069;0.000741;0.0206; 49920;2;1;12.5;20;50;1.02e+04;1.04e+04;4.82e+03; 51%; 52%; 24%;1.08e+04;5.17e+03;1.02e+04; 54%; 26%; 51%;1.07e+04;1.03e+04;5.33e+03; 53%; 51%; 26%;6.21e+03;6.02e+03;5.6e+03; 31%; 30%; 28%;99.8;0.216;0;0;0;0;0;0;0;99.9;0.0532;0;0;0;0;0;0;0;100;0.042;0;0;0;0;0;0;0;0.225;1.12;0.0202;98.6;0;86.6;0;0;0;93.9;91.7;101;57.9;30.2 ;30.4 ;30.8 ;30.5 ;
2017-09-04;06:52:10.680;0.217;0.521;0.416;0.619;467;496;0.0588;0.151;0.00624;0.00663;47.1;51.8;7.48e+04;1.44e+05;2.17e+03;1.04;26.1;0.433;10.8;8.2e+04;67.2;2.35;0.00451;30.5;0;24.6;0;0;0;330;109;0.275;0.463;0.594;0.619;156;164;0.0499;0.132;0.00655;0.0069; 50800;5426;18534;10.8;11.1;41;0.321;0.589;0.545;0.619;171;182;0.0622;0.159;0.00615;0.00656; 46320;8189;16131;14.8;16;40;0.27;0.516;0.522;0.619;140;149;0.0587;0.161;0.00602;0.0064; 53600;4754;15567;10.8;11.5;43;0.000538;0.445;0.00121;0.601;0.047;0.955;0.951;0.0743;0.00101;0.0206; 49920;1;0;10.7;13.3;50;9.9e+03;8.04e+03;4.07e+03; 50%; 40%; 20%;9.23e+03;3.98e+03;1e+04; 46%; 20%; 50%;9.22e+03;8.07e+03;3.65e+03; 46%; 40%; 18%;4.92e+03;5.51e+03;5.38e+03; 24%; 27%; 27%;95.9;1.57;0;2.5;0;0;0;0;0;88;2.93;0;9.07;0;2.15;0;0;0;84.4;3.88;0;11.7;0;7.71;0;0;0;0.201;1.03;0.0181;98.8;0;88.7;0;0;0;90.5;91.9;92.5;55.2;25.5 ;30.9 ;27 ;25.6 ;
2017-09-04;06:52:11.697;0.381;0.819;0.465;0.619;653;710;0.0803;0.213;0.00501;0.00544;52.2;41.1;1.3e+05;1.59e+05;2.15e+03;1.64;41;0.761;19;8.37e+04;75.1;0.278;0.00428;24.7;0;21.5;0;0;0;355;106;0.479;0.773;0.619;0.619;207;224;0.0774;0.208;0.00505;0.00547; 54160;4018;16255;11.3;7.78;41;0.551;0.891;0.619;0.619;237;258;0.0806;0.216;0.00502;0.00546; 57360;9449;14360;18.6;16.4;40;0.492;0.795;0.619;0.619;209;226;0.0781;0.215;0.00495;0.00537; 47440;3865;14173;11.2;7.69;42;0.00066;0.584;0.00113;0.597;0.036;1.22;0.97;0.0689;0.000638;0.0216; 50000;0;0;11.2;9.19;49;1.04e+04;7.37e+03;3.35e+03; 53%; 37%; 17%;1.03e+04;3.69e+03;1.07e+04; 52%; 18%; 54%;1e+04;7.28e+03;3.46e+03; 51%; 37%; 17%;5.62e+03;6.07e+03;5.42e+03; 28%; 31%; 27%;100;0.00783;0;0;0;0;0;0;0;100;0;0;0;0;0;0;0;0;100;0.00489;0;0;0;0;0;0;0;0.189;1.1;0.0171;98.7;0;86;0;0;0;95.5;102;102;55.2;24.1 ;33 ;25.3 ;23.7 ;
2017-09-04;06:52:12.712;0.413;0.889;0.465;0.619;689;752;0.0827;0.218;0.00489;0.00533;55;41.7;1.41e+05;1.59e+05;2.14e+03;1.78;44.5;0.826;20.7;8.77e+04;75.1;0.275;0.00454;24.7;0;21.5;0;0;0;362;108;0.511;0.826;0.619;0.619;215;234;0.0794;0.212;0.00493;0.00536; 56080;4239;16656;12.1;8.13;40;0.604;0.976;0.619;0.619;252;275;0.0823;0.223;0.00488;0.00532; 44480;9511;15210;18.9;16;39;0.536;0.866;0.619;0.619;222;242;0.0815;0.219;0.00486;0.00529; 46960;4399;15873;12;8.03;42;0.000682;0.596;0.00114;0.596;0.0405;1.28;0.968;0.0679;0.000697;0.022; 49920;0;0;12;9.59;49;1.07e+04;7.84e+03;3.55e+03; 54%; 40%; 18%;1.06e+04;3.95e+03;1.09e+04; 54%; 20%; 56%;1.03e+04;7.69e+03;3.67e+03; 53%; 39%; 18%;6.05e+03;6.55e+03;5.79e+03; 31%; 33%; 29%;100;0.000214;0;0;0;0;0;0;0;100;0.000954;0;0;0;0;0;0;0;100;0;0;0;0;0;0;0;0;0.192;1.1;0.0182;98.7;0;86.1;0;0;0;98;103;105;55.4;24.7 ;33.2 ;25.9 ;24.2 ;
2017-09-04;06:52:13.727;0.412;0.978;0.422;0.619;649;710;0.0853;0.233;0.00462;0.00505;50.4;38.3;1.41e+05;1.44e+05;2.13e+03;1.96;48.9;0.824;20.6;8.21e+04;68.1;3.23;0.00309;28.7;0;23;0;0;0;354;103;0.578;0.937;0.617;0.619;241;261;0.0773;0.217;0.00488;0.00529; 37360;4677;18102;11.2;7.29;41;0.489;1.07;0.456;0.619;172;191;0.0985;0.264;0.00414;0.00459; 46960;5737;10256;16.9;14.9;41;0.582;0.95;0.612;0.619;236;257;0.0806;0.225;0.00476;0.00518; 40960;4582;16097;11.2;7.27;43;0.00048;0.486;0.000988;0.601;0.0409;0.867;0.953;0.0758;0.001;0.0212; 49840;0;2;11.1;8.87;50;9.3e+03;8.01e+03;3.56e+03; 47%; 41%; 18%;1e+04;3.22e+03;1.07e+04; 51%; 16%; 54%;8.73e+03;7.97e+03;3.59e+03; 44%; 40%; 18%;6.08e+03;4.99e+03;6.03e+03; 31%; 25%; 30%;99.6;0.41;0;0;0;0;0;0;0;73.7;10.5;0;15.8;0;2.26;0;0;0;98.9;1.11;0;0;0;0;0;0;0;0.164;0.937;0.0123;98.9;0;89.9;0;0;0;99.1;94.6;106;54.7;23.7 ;31.3 ;25.1 ;23.4 ;
2017-09-04;06:52:14.745;0.272;0.862;0.316;0.619;423;473;0.105;0.242;0.00454;0.00508;34.1;28.8;9.31e+04;1.08e+05;2.13e+03;1.72;43.1;0.545;13.6;5.54e+04;51.1;4.78;0.0035;44.2;0;32;0;0;0;280;84.8;0.399;0.876;0.455;0.619;145;162;0.109;0.248;0.00425;0.00477; 48720;3015;12077;7.36;5.5;41;0.322;0.88;0.366;0.619;141;156;0.099;0.225;0.00511;0.00567; 56480;6299;9821;12.1;11.2;40;0.368;0.833;0.442;0.619;138;154;0.103;0.253;0.00438;0.00488; 56720;2782;10010;7.32;5.49;42;0.000618;0.57;0.00108;0.603;0.0654;0.8;0.918;0.0934;0.00124;0.0152; 49840;0;3;7.33;6.59;50;6.58e+03;5.03e+03;2.32e+03; 33%; 25%; 11%;6.86e+03;2.39e+03;7.05e+03; 35%; 12%; 36%;6.53e+03;5.1e+03;2.4e+03; 33%; 26%; 12%;3.72e+03;3.71e+03;3.73e+03; 19%; 19%; 19%;73.5;8.7;0.000372;17.8;0;0;0;0;0;59.2;2.76;0;38.1;0;28.5;0;0;0;71.4;6.83;0;21.7;0;6.47;0;0;0;0.18;0.823;0.0136;99;0;93.2;0;0;0;78.1;74.6;80.2;47;19.4 ;25.7 ;20.6 ;19.2 ;
2017-09-04;06:52:15.763;0.388;0.842;0.461;0.619;653;724;0.0973;0.216;0.00493;0.00546;52.6;42.9;1.33e+05;1.57e+05;2.14e+03;1.68;42.1;0.776;19.4;8.45e+04;74.4;0.844;0.00405;24.7;0;22.5;0;0;0;358;108;0.498;0.825;0.604;0.619;200;222;0.0969;0.219;0.0047;0.00521; 49200;3817;15992;11.3;8.34;40;0.569;0.919;0.619;0.619;244;270;0.0965;0.218;0.00501;0.00555; 51360;8820;13982;18.7;16.5;39;0.484;0.783;0.619;0.619;209;231;0.0927;0.212;0.00506;0.00557; 49120;4078;14778;11.3;8.19;42;0.000692;0.586;0.00118;0.603;0.0769;1.59;0.952;0.0553;0.0013;0.0269; 49840;0;3;11.3;9.79;50;1.01e+04;7.41e+03;3.34e+03; 51%; 37%; 17%;1.07e+04;3.87e+03;1.04e+04; 54%; 19%; 53%;1.04e+04;7.36e+03;3.61e+03; 53%; 37%; 18%;5.66e+03;6.2e+03;5.35e+03; 28%; 31%; 27%;97.6;2.41;0;0;0;0;0;0;0;100;0.00129;0;0;0;0;0;0;0;100;0.00494;0;0;0;0;0;0;0;0.196;0.955;0.0162;98.8;0;89.9;0;0;0;97;102;103;55.4;24.5 ;33.3 ;25.7 ;24.2 ;
2017-09-04;06:52:16.778;0.414;0.892;0.465;0.619;677;752;0.099;0.222;0.00479;0.00531;54.2;42.8;1.42e+05;1.59e+05;2.14e+03;1.78;44.6;0.829;20.7;8.69e+04;75.1;0.281;0.00227;24.7;0;21.5;0;0;0;362;108;0.524;0.847;0.619;0.619;211;233;0.0959;0.219;0.00471;0.00521; 53040;3775;15867;11.8;8.42;40;0.607;0.981;0.619;0.619;252;279;0.0986;0.224;0.00485;0.00538; 47280;7993;13490;18.9;16.1;39;0.525;0.848;0.619;0.619;215;238;0.0978;0.222;0.0048;0.00532; 50640;4197;15002;11.8;8.37;41;0.000676;0.595;0.00114;0.597;0.0409;1.28;0.968;0.0686;0.000709;0.0221; 49840;0;1;11.7;9.92;50;1.05e+04;7.71e+03;3.51e+03; 53%; 39%; 17%;1.07e+04;3.98e+03;1.08e+04; 54%; 20%; 55%;1.04e+04;7.65e+03;3.69e+03; 53%; 39%; 18%;5.88e+03;6.46e+03;5.63e+03; 30%; 33%; 28%;100;0.000374;0;0;0;0;0;0;0;100;0.000385;0;0;0;0;0;0;0;100;0;0;0;0;0;0;0;0;0.19;1.13;0.00907;98.7;0;85.9;0;0;0;98.3;104;105;55.7;24.8 ;33 ;26 ;24.3 ;
2017-09-04;06:52:17.793;0.396;1.02;0.387;0.619;589;657;0.104;0.243;0.00436;0.00486;45.6;36.4;1.35e+05;1.32e+05;2.13e+03;2.05;51.1;0.792;19.8;7.53e+04;62.6;3.72;0.00204;33.7;0;22.9;0;0;0;342;99.9;0.573;0.995;0.576;0.619;214;238;0.0995;0.236;0.00439;0.00487; 52320;3494;14420;10.1;7.03;41;0.409;1.12;0.366;0.619;136;154;0.115;0.27;0.0039;0.0044; 50160;5074;9289;15.4;14;41;0.602;0.992;0.607;0.619;239;265;0.0987;0.233;0.00465;0.00516; 48800;4347;15226;10.1;6.85;42;0.000415;0.439;0.000945;0.603;0.0427;0.753;0.943;0.0813;0.00121;0.0213; 49840;0;2;10;8.52;50;7.89e+03;7.75e+03;3.27e+03; 40%; 39%; 16%;9.83e+03;2.8e+03;9.34e+03; 50%; 14%; 47%;8.11e+03;7.45e+03;3.53e+03; 41%; 38%; 18%;5.91e+03;4.11e+03;5.34e+03; 30%; 21%; 27%;93;3.86;0;3.13;0;0;0;0;0;59.1;8.16;0;32.7;0;0.232;0;0;0;98;1.98;0;0.04;0;0;0;0;0;0.157;0.894;0.00818;98.9;0;91.4;0;0;0;96.6;87;104;54;22.9 ;30.1 ;24.1 ;22.8 ;
2017-09-04;06:52:18.826;0.0829;0.226;0.366;0.619;209;251;0.167;0.217;0.00733;0.0088;21.1;20.3;2.86e+04;1.26e+05;2.13e+03;0.453;11.3;0.166;4.15;3.06e+04;59.1;2.99;0.00327;37.9;0;27;0;0;0;261;69.9;0.0879;0.185;0.476;0.619;56.8;68.3;0.168;0.21;0.00753;0.00906; 52000;660;7378;2.03;2.06;42;0.0926;0.197;0.47;0.619;84.5;99.7;0.152;0.163;0.0106;0.0125; 55840;9318;3156;15.1;14.1;41;0.151;0.291;0.518;0.619;67.9;82.3;0.175;0.281;0.00522;0.00633; 49120;972;8032;1.99;1.9;45;0.000559;0.447;0.00125;0.598;0.0553;0.996;0.944;0.0739;0.00115;0.0206; 49920;1;1;1.92;2.28;50;4.8e+03;1.44e+03;598; 24%;  7%;  3%;6.37e+03;1.09e+03;6.17e+03; 32%;  5%; 31%;4.9e+03;1.36e+03;735; 24%;  6%;  3%;1.01e+03;1.39e+03;798;  5%;  7%;  4%;76.9;2.44;0;20.6;0;2.71;0;0;0;75.9;2.33;0;21.7;0;14.9;0;0;0;83.7;6.24;0;10.1;0;0;0;0;0;0.209;0.959;0.013;98.8;0;90;0;0;0;66.8;74.5;73.3;46.9;13.4 ;29.1 ;14.4 ;13 ;
2017-09-04;06:52:19.856;0.0768;0.165;0.465;0.619;261;311;0.162;0.187;0.00981;0.0117;26.4;25;2.66e+04;1.61e+05;2.17e+03;0.33;8.26;0.154;3.84;3.82e+04;75.1;0.276;0.00272;24.7;0;21.5;0;0;0;296;77.9;0.0847;0.137;0.619;0.619;72.5;85.6;0.154;0.196;0.00987;0.0117; 52560;791;9683;2.35;2.3;42;0.126;0.204;0.619;0.619;113;134;0.155;0.171;0.0104;0.0123; 51760;12413;4249;19.4;17.9;41;0.0955;0.154;0.619;0.619;75.3;90.4;0.167;0.203;0.0091;0.0109; 49600;924;9588;2.34;2.24;45;0.000735;0.553;0.00133;0.601;0.0405;1.33;0.97;0.0688;0.000637;0.021; 49840;0;2;2.29;2.62;50;6.2e+03;1.54e+03;704; 31%;  7%;  3%;7.99e+03;1.42e+03;7.97e+03; 40%;  7%; 40%;6.2e+03;1.5e+03;774; 31%;  7%;  3%;1.07e+03;1.83e+03;966;  5%;  9%;  4%;100;0.000989;0;0;0;0;0;0;0;100;0.00066;0;0;0;0;0;0;0;100;0.000959;0;0;0;0;0;0;0;0.221;1.1;0.0109;98.7;0;86;0;0;0;75.8;88.2;80.2;51.5;14.3 ;34.4 ;15.5 ;13.7 ;
2017-09-04;06:52:20.885;0.0769;0.165;0.465;0.619;263;315;0.166;0.188;0.00988;0.0118;26.4;25;2.66e+04;1.61e+05;2.16e+03;0.331;8.27;0.154;3.84;3.81e+04;75.1;0.279;0.00197;24.7;0;21.5;0;0;0;295;77.8;0.0849;0.137;0.619;0.619;72.2;85.9;0.159;0.19;0.00984;0.0117; 53040;776;9680;2.37;2.31;43;0.126;0.203;0.619;0.619;115;136;0.155;0.176;0.0106;0.0125; 52000;12409;4275;19.4;17.8;40;0.096;0.155;0.619;0.619;75.5;91.8;0.177;0.204;0.00909;0.0111; 51280;950;9515;2.37;2.26;44;0.000728;0.546;0.00133;0.603;0.038;1.32;0.971;0.0681;0.000604;0.021; 49840;0;1;2.29;2.62;50;6.21e+03;1.54e+03;707; 31%;  7%;  3%;7.95e+03;1.43e+03;7.96e+03; 40%;  7%; 40%;6.16e+03;1.5e+03;768; 31%;  7%;  3%;1.08e+03;1.83e+03;966;  5%;  9%;  4%;100;0.000833;0;0;0;0;0;0;0;100;0.00115;0;0;0;0;0;0;0;100;0;0;0;0;0;0;0;0;0.221;1.12;0.00788;98.7;0;86.2;0;0;0;75.7;88.2;80.2;51.4;14.2 ;34.4 ;15.5 ;13.7 ;
2017-09-04;06:52:21.915;0.0779;0.168;0.465;0.619;262;314;0.167;0.184;0.0097;0.0116;26.4;25;2.7e+04;1.61e+05;2.16e+03;0.335;8.39;0.156;3.9;3.82e+04;75.1;0.28;0.00221;24.7;0;21.5;0;0;0;296;77.9;0.0882;0.142;0.619;0.619;72.8;87;0.163;0.193;0.00954;0.0114; 50800;793;9672;2.36;2.31;42;0.123;0.198;0.619;0.619;113;134;0.156;0.163;0.0106;0.0126; 51760;12427;4207;19.4;17.8;40;0.0999;0.161;0.619;0.619;76;92;0.175;0.206;0.00878;0.0106; 49520;935;9655;2.35;2.25;44;0.00074;0.544;0.00136;0.604;0.0373;1.34;0.972;0.0696;0.000582;0.0209; 49840;0;1;2.28;2.62;50;6.19e+03;1.57e+03;714; 31%;  7%;  3%;7.98e+03;1.43e+03;7.97e+03; 40%;  7%; 40%;6.15e+03;1.52e+03;766; 31%;  7%;  3%;1.06e+03;1.83e+03;984;  5%;  9%;  4%;100;0.000439;0;0;0;0;0;0;0;100;0.00272;0;0;0;0;0;0;0;100;0.000698;0;0;0;0;0;0;0;0.225;1.12;0.00883;98.6;0;86;0;0;0;75.8;88.2;80.3;51.5;14.3 ;34.5 ;15.4 ;13.7 ;
2017-09-04;06:52:22.943;0.0769;0.166;0.465;0.619;261;312;0.162;0.186;0.00982;0.0117;26.4;25;2.66e+04;1.61e+05;2.16e+03;0.331;8.28;0.154;3.85;3.81e+04;75.1;0.323;0.00248;24.6;0;21.3;0;0;0;295;77.9;0.0852;0.138;0.619;0.619;72.7;85.7;0.151;0.198;0.00987;0.0116; 48080;809;9704;2.37;2.31;43;0.123;0.198;0.619;0.619;113;134;0.156;0.166;0.0106;0.0126; 50560;12373;4186;19.4;17.8;40;0.0988;0.16;0.619;0.619;75.6;91;0.169;0.206;0.00885;0.0107; 51120;941;9584;2.34;2.24;45;0.000787;0.534;0.00148;0.604;0.0521;1.45;0.964;0.0695;0.000765;0.0213; 49840;0;1;2.29;2.62;50;6.2e+03;1.54e+03;706; 31%;  7%;  3%;7.97e+03;1.43e+03;7.97e+03; 40%;  7%; 40%;6.16e+03;1.5e+03;770; 31%;  7%;  3%;1.08e+03;1.83e+03;967;  5%;  9%;  4%;100;0.00102;0;0;0;0;0;0;0;100;0.000612;0;0;0;0;0;0;0;100;0.000881;0;0;0;0;0;0;0;0.244;1.29;0.00992;98.5;0;85.1;0;0;0;75.6;88;80.2;51.5;14.3 ;34.4 ;15.5 ;13.8 ;
2017-09-04;06:52:23.971;0.0784;0.17;0.462;0.619;262;314;0.165;0.193;0.00968;0.0116;26.3;25;2.71e+04;1.59e+05;2.16e+03;0.34;8.49;0.157;3.92;3.81e+04;74.6;0.772;0.00495;24.6;0;22.3;0;0;0;295;77.9;0.0875;0.141;0.619;0.619;72.6;86.3;0.159;0.199;0.00961;0.0114; 51920;795;9681;2.37;2.31;43;0.128;0.207;0.619;0.619;114;136;0.157;0.176;0.0103;0.0123; 44080;12312;4281;19.3;17.8;40;0.0976;0.161;0.607;0.619;75.1;90.9;0.173;0.215;0.00891;0.0108; 54320;929;9603;2.35;2.25;45;0.000637;0.441;0.00145;0.61;0.0577;1.14;0.949;0.0735;0.00105;0.0207; 50000;0;2;2.29;2.62;50;6.18e+03;1.53e+03;710; 31%;  7%;  3%;7.95e+03;1.43e+03;7.94e+03; 40%;  7%; 40%;6.2e+03;1.5e+03;765; 31%;  7%;  3%;1.06e+03;1.84e+03;973;  5%;  9%;  4%;100;1.37e-05;0;0;0;0;0;0;0;100;0.00202;0;0;0;0;0;0;0;98.1;1.93;0;0;0;0;0;0;0;0.237;1.16;0.0198;98.6;0;89.2;0;0;0;75.6;88.2;80.1;51.4;14.3 ;34.4 ;15.4 ;13.7 ;
2017-09-04;06:52:24.000;0.0787;0.171;0.461;0.619;262;313;0.164;0.194;0.00962;0.0115;26.3;25;2.72e+04;1.59e+05;2.16e+03;0.341;8.53;0.157;3.93;3.8e+04;74.5;0.828;0.00302;24.7;0;22.2;0;0;0;295;78;0.0862;0.139;0.619;0.619;72;86.6;0.168;0.191;0.00968;0.0116; 49520;790;9647;2.34;2.29;43;0.126;0.203;0.619;0.619;113;134;0.154;0.173;0.0104;0.0123; 50560;12336;4227;19.3;17.9;40;0.102;0.169;0.605;0.619;76.2;91.5;0.167;0.225;0.00866;0.0104; 50560;976;9770;2.35;2.25;45;0.000741;0.582;0.00127;0.604;0.065;0.867;0.925;0.1;0.00102;0.0136; 49840;0;4;2.29;2.61;50;6.15e+03;1.55e+03;697; 31%;  7%;  3%;7.96e+03;1.42e+03;7.92e+03; 40%;  7%; 40%;6.22e+03;1.52e+03;770; 31%;  7%;  3%;1.07e+03;1.82e+03;957;  5%;  9%;  4%;100;0.000975;0;0;0;0;0;0;0;100;0.00238;0;0;0;0;0;0;0;97.7;2.3;0;0;0;0;0;0;0;0.211;1.01;0.0121;98.8;0;89;0;0;0;75.6;88.2;80.2;51.5;14.3 ;34.5 ;15.5 ;13.8 ;
2017-09-04;06:52:26.030;0.0783;0.17;0.461;0.619;261;313;0.164;0.192;0.00966;0.0116;26.3;25.1;2.71e+04;1.59e+05;2.16e+03;0.34;8.49;0.157;3.91;3.81e+04;74.4;0.809;0.00304;24.7;0;22.8;0;0;0;296;78.1;0.0882;0.142;0.619;0.619;72.5;87.1;0.168;0.194;0.0095;0.0114; 49200;797;9625;2.37;2.32;43;0.126;0.203;0.619;0.619;113;134;0.154;0.171;0.0104;0.0123; 54240;12340;4246;19.3;17.9;40;0.099;0.164;0.605;0.619;75.9;91.6;0.172;0.22;0.00886;0.0107; 48400;965;9766;2.33;2.23;45;0.00033;0.328;0.00101;0.604;0.0493;0.477;0.897;0.103;0.00173;0.0167; 49840;0;2;2.3;2.62;50;6.19e+03;1.54e+03;704; 31%;  7%;  3%;7.96e+03;1.43e+03;7.94e+03; 40%;  7%; 40%;6.22e+03;1.51e+03;768; 31%;  7%;  3%;1.07e+03;1.83e+03;972;  5%;  9%;  4%;100;0.00107;0;0;0;0;0;0;0;100;0.00182;0;0;0;0;0;0;0;97.7;2.32;0;0;0;0;0;0;0;0.166;0.907;0.0122;98.9;0;91.3;0;0;0;75.8;88.3;80.3;51.5;14.4 ;34.4 ;15.5 ;13.8 ;
2017-09-04;06:52:27.056;0.0785;0.17;0.461;0.619;261;314;0.169;0.188;0.00964;0.0116;26.2;25;2.71e+04;1.59e+05;2.16e+03;0.34;8.51;0.157;3.92;3.8e+04;74.5;0.809;0.00271;24.7;0;23;0;0;0;295;77.7;0.0888;0.144;0.619;0.619;72.3;87.2;0.17;0.193;0.00942;0.0114; 53280;778;9642;2.34;2.28;42;0.123;0.199;0.619;0.619;113;135;0.164;0.161;0.0106;0.0127; 53520;12313;4193;19.3;17.8;40;0.101;0.168;0.605;0.619;76.2;91.7;0.169;0.222;0.00871;0.0105; 50960;964;9706;2.35;2.25;45;0.000376;0.366;0.00103;0.605;0.052;0.593;0.912;0.0888;0.0016;0.0183; 49920;2;0;2.29;2.61;50;6.14e+03;1.53e+03;705; 31%;  7%;  3%;7.97e+03;1.42e+03;7.91e+03; 40%;  7%; 40%;6.21e+03;1.5e+03;771; 31%;  7%;  3%;1.07e+03;1.82e+03;963;  5%;  9%;  4%;100;0.000505;0;0;0;0;0;0;0;100;0.000322;0;0;0;0;0;0;0;97.7;2.35;0;0;0;0;0;0;0;0.17;0.89;0.0109;98.9;0;92.3;0;0;0;75.4;87.9;80;51.3;14.2 ;34.3 ;15.5 ;13.7 ;
2017-09-04;06:52:28.085;0.081;0.176;0.461;0.619;263;317;0.171;0.194;0.00941;0.0113;26.4;25.1;2.79e+04;1.59e+05;2.15e+03;0.351;8.78;0.162;4.05;3.81e+04;74.5;0.814;0.00302;24.7;0;22.7;0;0;0;296;78;0.0951;0.154;0.619;0.619;73;88.9;0.179;0.198;0.00891;0.0109; 52160;834;9606;2.37;2.31;43;0.129;0.209;0.619;0.619;114;136;0.159;0.174;0.0102;0.0122; 53200;12339;4285;19.3;17.9;41;0.0991;0.164;0.605;0.619;75.6;91.5;0.174;0.218;0.00883;0.0107; 52800;1011;9714;2.37;2.27;45;0.000443;0.4;0.00111;0.606;0.0574;0.715;0.92;0.0828;0.0015;0.0187; 49760;0;3;2.3;2.63;50;6.15e+03;1.52e+03;714; 31%;  7%;  3%;7.97e+03;1.43e+03;7.93e+03; 40%;  7%; 40%;6.24e+03;1.51e+03;761; 31%;  7%;  3%;1.07e+03;1.83e+03;986;  5%;  9%;  4%;100;0.000941;0;0;0;0;0;0;0;100;0.00285;0;0;0;0;0;0;0;97.7;2.33;0;0;0;0;0;0;0;0.183;0.921;0.0121;98.9;0;90.6;0;0;0;75.9;88.2;80.2;51.4;14.4 ;34.3 ;15.6 ;13.8 ;
2017-09-04;06:52:29.114;0.0784;0.17;0.46;0.619;261;313;0.164;0.19;0.00963;0.0115;26.3;25.1;2.71e+04;1.59e+05;2.16e+03;0.341;8.52;0.157;3.92;3.81e+04;74.3;0.974;0.00349;24.7;0;22.4;0;0;0;296;77.9;0.0875;0.141;0.619;0.619;72.6;86.8;0.164;0.193;0.00959;0.0115; 49840;784;9643;2.37;2.31;43;0.126;0.205;0.616;0.619;113;134;0.155;0.172;0.0104;0.0123; 53200;12402;4300;19.3;17.9;41;0.0994;0.165;0.604;0.619;75.3;90.7;0.17;0.214;0.00875;0.0105; 51440;944;9593;2.32;2.23;45;0.000492;0.425;0.00116;0.605;0.0589;0.81;0.927;0.0793;0.00138;0.019; 49600;0;3;2.28;2.6;50;6.2e+03;1.54e+03;706; 31%;  7%;  3%;7.95e+03;1.43e+03;7.95e+03; 40%;  7%; 40%;6.19e+03;1.5e+03;760; 31%;  7%;  3%;1.04e+03;1.83e+03;961;  5%;  9%;  4%;100;0.000312;0;0;0;0;0;0;0;99.5;0.467;0;0;0;0;0;0;0;97.6;2.42;0;0;0;0;0;0;0;0.191;1;0.014;98.8;0;89.4;0;0;0;75.7;88.2;80.1;51.5;14.2 ;34.4 ;15.5 ;13.8 ;
2017-09-04;06:52:30.142;0.0829;0.183;0.454;0.619;267;318;0.161;0.213;0.00931;0.0111;26.3;25.3;2.87e+04;1.57e+05;2.16e+03;0.366;9.14;0.166;4.15;3.82e+04;73.3;2.15;0.00355;24.6;0;20.3;0;0;0;295;78;0.0855;0.138;0.619;0.619;72;86.3;0.166;0.189;0.00973;0.0117; 51760;780;9560;2.36;2.34;43;0.149;0.253;0.59;0.619;119;141;0.155;0.22;0.00924;0.0109; 47920;12422;4466;19.2;17.9;40;0.0965;0.16;0.604;0.619;75.7;90.5;0.163;0.224;0.00909;0.0109; 49120;947;9377;2.37;2.3;45;0.000295;0.298;0.000992;0.607;0.0546;0.401;0.864;0.109;0.00214;0.0157; 49760;3;2;2.35;2.68;50;6.2e+03;1.52e+03;694; 31%;  7%;  3%;7.96e+03;1.47e+03;7.93e+03; 40%;  7%; 40%;6.27e+03;1.5e+03;762; 31%;  7%;  3%;1.06e+03;1.91e+03;951;  5%;  9%;  4%;100;0.000686;0;0;0;0;0;0;0;95.3;4.68;0;0;0;0;0;0;0;97.6;2.43;0;0;0;0;0;0;0;0.163;1.48;0.0142;98.3;0;81.1;0;0;0;75.5;88.6;80;51.4;14.3 ;34.2 ;15.6 ;13.8 ;
2017-09-04;06:52:31.170;0.0897;0.2;0.449;0.619;271;323;0.163;0.225;0.00873;0.0104;26.5;25.5;3.1e+04;1.55e+05;2.16e+03;0.399;9.99;0.179;4.48;3.88e+04;72.5;2.68;0.00386;24.8;0;23.5;0;0;0;297;78.7;0.0876;0.142;0.619;0.619;72.3;87;0.169;0.19;0.00955;0.0115; 50080;797;9649;2.46;2.43;43;0.173;0.302;0.573;0.619;123;146;0.161;0.248;0.00822;0.00979; 52480;12545;4707;19.2;18;40;0.098;0.162;0.604;0.619;75.3;89.6;0.159;0.22;0.00891;0.0106; 49040;822;9250;2.41;2.34;45;0.00023;0.254;0.000906;0.607;0.0473;0.242;0.804;0.147;0.00238;0.0122; 49920;1;1;2.42;2.76;50;6.27e+03;1.54e+03;721; 31%;  7%;  3%;8.05e+03;1.53e+03;8e+03; 40%;  7%; 40%;6.33e+03;1.5e+03;772; 32%;  7%;  3%;1.06e+03;2e+03;991;  5%; 10%;  5%;100;0.00116;0;0;0;0;0;0;0;92.5;7.51;0;0;0;0;0;0;0;97.6;2.45;0;0;0;0;0;0;0;0.149;0.775;0.0154;99.1;0;93.9;0;0;0;75.6;89.4;80.2;51.5;14.5 ;34.4 ;15.7 ;14 ;
2017-09-04;06:52:32.196;0.111;0.258;0.431;0.619;285;343;0.167;0.282;0.00745;0.00894;26.7;26.3;3.83e+04;1.49e+05;2.16e+03;0.516;12.9;0.222;5.55;4.01e+04;69.5;5.42;0.0024;25;0;23.3;0;0;0;298;79.6;0.0808;0.13;0.619;0.619;72.2;85;0.151;0.191;0.0104;0.0122; 48080;781;9652;2.6;2.63;43;0.265;0.533;0.498;0.619;137;167;0.18;0.345;0.00598;0.00729; 49840;12241;5780;18.9;18.1;39;0.0976;0.162;0.604;0.619;76.4;90.3;0.154;0.227;0.00908;0.0107; 47840;806;9222;2.63;2.61;44;0.000248;0.263;0.000943;0.603;0.0502;0.312;0.839;0.124;0.00234;0.0146; 49840;0;0;2.59;2.99;50;6.54e+03;1.54e+03;715; 33%;  7%;  3%;8.24e+03;1.71e+03;8.17e+03; 41%;  8%; 41%;6.62e+03;1.52e+03;780; 33%;  7%;  3%;1.07e+03;2.25e+03;977;  5%; 11%;  4%;100;0.000277;0;0;0;0;0;0;0;80.5;18.4;0;1.13;0;0;0;0;0;97.5;2.49;0;0;0;0;0;0;0;0.156;0.792;0.00961;99;0;93.4;0;0;0;75.4;91.4;80.1;51.4;14.8 ;34.2 ;16.2 ;14.3 ;
2017-09-04;06:52:33.216;0.116;0.345;0.337;0.619;253;312;0.189;0.33;0.00635;0.00783;23.9;26.5;3.98e+04;1.16e+05;2.15e+03;0.689;17.2;0.232;5.8;4.81e+04;54.4;6.19;0.00251;39.4;0;27.3;0;0;0;288;77.1;0.115;0.186;0.617;0.619;100;119;0.156;0.184;0.0102;0.012; 53600;1084;13376;2.48;2.35;43;0.224;1.8;0.124;0.619;45.9;67.7;0.323;0.583;0.00239;0.00353; 51200;2593;2631;16.6;19.1;41;0.125;0.207;0.604;0.619;107;125;0.148;0.204;0.00995;0.0117; 49920;1067;13047;2.48;2.29;45;0.000209;0.254;0.000823;0.606;0.039;0.228;0.829;0.15;0.00218;0.0127; 49840;0;2;2.41;2.81;50;7.62e+03;2.03e+03;885; 38%; 10%;  4%;1.07e+04;1.38e+03;1.04e+04; 54%;  7%; 53%;7.85e+03;1.99e+03;977; 39%; 10%;  4%;1.38e+03;1.61e+03;1.24e+03;  7%;  8%;  6%;99.7;0.313;0;0;0;0;0;0;0;20.1;21.2;0;58.7;0;15;0;0;0;97.5;2.49;0;0;0;0;0;0;0;0.136;0.75;0.0101;99.1;0;94.3;0;0;0;77.2;77.5;81.8;51.1;14.3 ;33.4 ;15.5 ;13.9 ;
2017-09-04;06:52:34.235;0.0783;0.261;0.3;0.619;228;274;0.167;0.273;0.0085;0.0102;22.2;25.3;2.68e+04;1.03e+05;2.14e+03;0.522;13;0.157;3.91;4.71e+04;48.5;10.3;0.00143;41.3;0;23.3;0;0;0;279;74.4;0.134;0.224;0.598;0.619;110;130;0.155;0.206;0.00958;0.0113; 52720;1188;14146;2.11;1.87;43;0.0306;2.8;0.0109;0.619;2.53;6.21;0.594;0.828;0.000963;0.00237; 51360;88;208;16;19.3;41;0.148;0.251;0.59;0.619;115;137;0.157;0.22;0.0091;0.0108; 48480;1148;13935;2.08;1.78;45;0.000515;0.509;0.00101;0.607;0.0522;0.443;0.882;0.139;0.00118;0.0101; 49840;1;1;2.02;2.35;50;7.43e+03;2.13e+03;911; 37%; 10%;  4%;1.08e+04;951;1.06e+04; 55%;  4%; 53%;7.6e+03;2.08e+03;979; 38%; 10%;  4%;1.41e+03;954;1.31e+03;  7%;  4%;  6%;96.7;3.33;0;0;0;0;0;0;0;1.77;32.1;0;66.1;0;0;0;0;0;95.3;4.74;0;0;0;0;0;0;0;0.167;0.831;0.00574;99;0;93.4;0;0;0;77.6;68;82.5;51;13.5 ;33.3 ;14.5 ;13.1 ;
2017-09-04;06:52:35.254;0.0903;0.316;0.286;0.619;235;284;0.172;0.301;0.00761;0.0092;22.4;25.7;3.09e+04;9.8e+04;2.14e+03;0.631;15.8;0.181;4.52;4.74e+04;46.2;7.66;0.00445;46.1;0;25.7;0;0;0;279;75.2;0.159;0.277;0.575;0.619;113;136;0.165;0.249;0.00831;0.00995; 47040;1411;14281;2.23;1.98;43;0.0286;2.82;0.0101;0.619;2.35;5.27;0.555;0.84;0.000961;0.00216; 51760;70;209;15.9;19.3;42;0.173;0.31;0.559;0.619;120;143;0.164;0.257;0.00808;0.00966; 48000;1278;13821;2.2;1.89;45;0.000266;0.285;0.000932;0.605;0.0548;0.364;0.85;0.119;0.00241;0.016; 49920;0;4;2.15;2.5;50;7.38e+03;2.24e+03;969; 37%; 11%;  4%;1.07e+04;934;1.04e+04; 54%;  4%; 53%;7.65e+03;2.19e+03;1.05e+03; 39%; 11%;  5%;1.51e+03;931;1.39e+03;  7%;  4%;  7%;92.9;6.68;0;0.377;0;0;0;0;0;1.63;14.6;0;83.7;0;9.2;0;0;0;90.2;8.52;0;1.24;0;0;0;0;0;0.154;0.788;0.0178;99;0;93.7;0;0;0;78.3;66.5;83.1;50.9;13.6 ;33.3 ;14.8 ;13.4 ;
2017-09-04;06:52:36.269;0.16;0.684;0.234;0.619;277;347;0.201;0.421;0.00505;0.00632;23.2;27.5;5.48e+04;8.01e+04;2.14e+03;1.37;34.2;0.321;8.02;4.86e+04;37.9;19.7;0.00594;42.4;0;23.5;0;0;0;287;77.6;0.27;0.54;0.5;0.619;139;170;0.18;0.357;0.00602;0.00734; 52320;1808;15531;2.77;2.48;42;0.0238;2.86;0.00831;0.619;1.95;4.11;0.526;0.799;0.00096;0.00202; 52080;62;170;14.9;19.4;42;0.347;0.811;0.428;0.619;136;173;0.213;0.45;0.00458;0.00582; 46960;1671;13394;2.78;2.42;44;0.000235;0.283;0.000831;0.608;0.0509;0.326;0.844;0.119;0.00254;0.0163; 49840;1;0;2.72;3.2;50;7.97e+03;2.87e+03;1.23e+03; 40%; 14%;  6%;9.2e+03;831;1.08e+04; 47%;  4%; 55%;6.93e+03;2.84e+03;1.36e+03; 35%; 14%;  6%;1.93e+03;833;1.76e+03;  9%;  4%;  9%;80.8;18.4;0;0.755;0;0;0;0;0;1.34;36.5;0;62.2;0;0;0;0;0;69.2;23.2;0;7.56;0;0;0;0;0;0.137;0.789;0.0238;99.1;0;94.2;0;0;0;81.9;67.3;86.4;50.9;14.6 ;32.7 ;15.9 ;14.4 ;
2017-09-04;06:52:37.303;0.0636;1.58;0.0404;0.618;78.9;106;0.257;0.525;0.00359;0.00483;5.74;7.71;2.2e+04;1.4e+04;2.13e+03;3.15;78.8;0.127;3.18;1.16e+04;6.54;10.6;0.0182;82.8;0;40.1;0;0;0;159;47.4;0.219;1.79;0.122;0.619;59.6;82.7;0.279;0.559;0.00316;0.00438; 50400;930;5537;1.05;1.13;45;0.00725;0.506;0.0143;0.613;0.338;1.19;0.716;0.61;0.000541;0.00191; 51040;14;29;2.65;3.96;44;0.0286;1.17;0.0244;0.619;18.8;21.9;0.142;0.324;0.00761;0.00887; 56640;935;2794;1.02;1.13;48;0.000252;0.27;0.000932;0.606;0.0441;0.345;0.872;0.116;0.00202;0.0158; 49680;0;2;1.01;1.48;51;2.32e+03;1.07e+03;560; 11%;  5%;  2%;642;125;2.94e+03;  3%;  0%; 14%;627;1.28e+03;561;  3%;  6%;  2%;580;125;802;  2%;  0%;  4%;19.8;14.7;0.0208;65.5;0;12.1;0;0;0;2.33;20.2;0.00888;77.5;0;42.2;0;0;0;3.94;6.92;0.0156;89.1;0;11.4;0;0;0;0.154;0.756;0.0276;99.1;0;94.3;0;0;0;48.6;38;38.5;34.1;10.9 ;14.2 ;11.6 ;10.6 ;