System;;;;;;;;;;;;;;;;;;;;;;System Core C-States;;;;;System Pack C-States;;;;;;Socket0;;;;;;;;;;;;;;;;Socket1;;;;;;;;;;;;;;;;Socket2;;;;;;;;;;;;;;;;Socket3;;;;;;;;;;;;;;;;SKT0trafficOut;;;SKT0trafficOut (percent);;;SKT1trafficOut;;;SKT1trafficOut (percent);;;SKT2trafficOut;;;SKT2trafficOut (percent);;;SKT3trafficOut;;;SKT3trafficOut (percent);;;SKT0 Core C-State;;;;;SKT0 Package C-State;;;;SKT1 Core C-State;;;;;SKT1 Package C-State;;;;SKT2 Core C-State;;;;;SKT2 Package C-State;;;;SKT3 Core C-State;;;;;SKT3 Package C-State;;;;Proc Energy (Joules);;;;DRAM Energy (Joules);;;;
Date;Time;EXEC;IPC;FREQ;AFREQ;L3MISS;L2MISS;L3HIT;L2HIT;L3MPI;L2MPI;READ;WRITE;INST;ACYC;TIME(ticks);PhysIPC;PhysIPC%;INSTnom;INSTnom%;TotalQPIout;C0res%;C1res%;C3res%;C6res%;C7res%;C2res%;C3res%;C6res%;C7res%;Proc Energy (Joules);DRAM Energy (Joules);EXEC;IPC;FREQ;AFREQ;L3MISS;L2MISS;L3HIT;L2HIT;L3MPI;L2MPI;L3OCC;LMB;RMB;READ;WRITE;TEMP;EXEC;IPC;FREQ;AFREQ;L3MISS;L2MISS;L3HIT;L2HIT;L3MPI;L2MPI;L3OCC;LMB;RMB;READ;WRITE;TEMP;EXEC;IPC;FREQ;AFREQ;L3MISS;L2MISS;L3HIT;L2HIT;L3MPI;L2MPI;L3OCC;LMB;RMB;READ;WRITE;TEMP;EXEC;IPC;FREQ;AFREQ;L3MISS;L2MISS;L3HIT;L2HIT;L3MPI;L2MPI;L3OCC;LMB;RMB;READ;WRITE;TEMP;QPI0;QPI1;QPI2;QPI0;QPI1;QPI2;QPI0;QPI1;QPI2;QPI0;QPI1;QPI2;QPI0;QPI1;QPI2;QPI0;QPI1;QPI2;QPI0;QPI1;QPI2;QPI0;QPI1;QPI2;C0res%;C1res%;C3res%;C6res%;C7res%;C2res%;C3res%;C6res%;C7res%;C0res%;C1res%;C3res%;C6res%;C7res%;C2res%;C3res%;C6res%;C7res%;C0res%;C1res%;C3res%;C6res%;C7res%;C2res%;C3res%;C6res%;C7res%;C0res%;C1res%;C3res%;C6res%;C7res%;C2res%;C3res%;C6res%;C7res%;SKT0;SKT1;SKT2;SKT3;SKT0;SKT1;SKT2;SKT3;
2017-11-12;07:30:49.930;0.412;1.19;0.346;0.762;1.98;368;0.995;0.447;1.18e-05;0.00219;0.207;0.137;1.68e+05;1.41e+05;2.14e+03;2.38;59.6;0.824;20.6;214;45.4;21.7;0.023;32.9;0;7.34;0;0;0;270;40;0.811;1.22;0.664;0.762;0.98;185;0.995;0.426;1.27e-05;0.00239; 47440;42;86;0.0447;0.0399;48;0.887;1.17;0.759;0.762;0.926;180;0.995;0.469;1.03e-05;0.002; 34000;20;60;0.0432;0.0376;49;0.00082;1.03;0.000797;0.741;0.0442;2.21;0.98;0.028;0.000515;0.0258; 22160;0;4;0.0756;0.0259;57;6.4e-05;0.365;0.000175;0.762;0.0243;0.132;0.816;0.0783;0.00362;0.0197; 21680;0;0;0.0438;0.0332;55;66.1;19.4;13.7;  0%;  0%;  0%;9;3.78;56.4;  0%;  0%;  0%;9.98;12.1;3.82;  0%;  0%;  0%;3.67;6.33;9.5;  0%;  0%;  0%;87.2;10.1;0.0974;2.7;0;0;0;0;0;99.6;0.382;0.000753;0.0209;0;0;0;0;0;0.107;32.9;0;67;0;28.5;0;0;0;0.023;41.7;0;58.3;0;0;0;0;0;89.5;90.3;45;44.9;10.1 ;10.1 ;9.98 ;9.81 ;
2017-11-12;07:30:51.254;0.445;1.17;0.381;0.762;1.16;397;0.997;0.469;5.89e-06;0.00201;0.168;0.0997;1.98e+05;1.69e+05;2.78e+03;2.34;58.5;0.89;22.3;116;49.9;33.5;0.000532;16.5;0;0.637;0;0;0;279;39.5;0.889;1.17;0.761;0.762;0.527;197;0.997;0.474;5.35e-06;0.00199; 47280;12;1;0.0337;0.0257;47;0.89;1.17;0.761;0.762;0.529;197;0.997;0.47;5.35e-06;0.00199; 34320;20;49;0.0284;0.0249;49;0.00127;1.09;0.00117;0.762;0.0483;3.61;0.987;0.0307;0.000342;0.0255; 22080;0;2;0.0726;0.0241;56;9.19e-05;0.332;0.000277;0.752;0.0585;0.198;0.705;0.0744;0.00572;0.0194; 21440;0;3;0.0328;0.025;55;31.4;7.82;3.34;  0%;  0%;  0%;6.93;1.97;29.8;  0%;  0%;  0%;7.9;8.62;3.07;  0%;  0%;  0%;3.48;4.97;6.73;  0%;  0%;  0%;99.8;0.159;0;0;0;0;0;0;0;99.8;0.159;0;0;0;0;0;0;0;0.154;70.7;0;29.1;0;0;0;0;0;0.0368;63;0.00213;37;0;2.55;0;0;0;92.3;90.3;49.5;47.4;10 ;9.99 ;9.81 ;9.69 ;
2017-11-12;07:30:51.941;0.467;1.17;0.399;0.762;0.725;254;0.997;0.467;5.74e-06;0.00201;0.084;0.0499;1.26e+05;1.08e+05;2.1e+03;2.34;58.5;0.934;23.3;54.9;52.4;46.9;0;0.678;0;0;0;0;0;149;20.6;0.889;1.17;0.761;0.762;0.355;132;0.997;0.469;5.37e-06;0.00199; 47520;9;3;0.0166;0.0127;47;0.89;1.17;0.761;0.762;0.318;120;0.997;0.47;5.29e-06;0.00199; 34720;12;35;0.0141;0.0124;49;0.00141;1.15;0.00123;0.762;0.0333;2.27;0.985;0.0413;0.000366;0.025; 22080;0;2;0.0372;0.0121;57;0.0001;0.375;0.000268;0.762;0.0184;0.109;0.831;0.111;0.00285;0.0168; 21680;0;0;0.0161;0.0127;55;16.1;3.74;1.04;  0%;  0%;  0%;3.46;0.657;15.3;  0%;  0%;  0%;3.95;4.14;0.956;  0%;  0%;  0%;1.06;2.05;2.48;  0%;  0%;  0%;99.8;0.159;0;0;0;0;0;0;0;99.8;0.159;0;0;0;0;0;0;0;0.161;97;0;2.85;0;0;0;0;0;0.0352;100;0;0;0;0;0;0;0;47.9;46.8;27.4;27.1;5.23 ;5.21 ;5.16 ;5 ;
2017-11-12;07:30:52.951;0.445;1.17;0.381;0.762;0.889;303;0.997;0.467;5.88e-06;0.00201;0.126;0.0749;1.51e+05;1.29e+05;2.12e+03;2.34;58.5;0.89;22.3;85.3;50;49.4;0;0.649;0;0;0;0;0;220;30.4;0.889;1.17;0.761;0.762;0.406;150;0.997;0.469;5.39e-06;0.00199; 47040;10;0;0.0253;0.0192;47;0.89;1.17;0.761;0.762;0.403;150;0.997;0.47;5.34e-06;0.00199; 34240;13;38;0.0212;0.0186;49;0.00127;1.18;0.00108;0.762;0.0367;2.68;0.986;0.0369;0.00034;0.0249; 22080;0;3;0.0551;0.018;57;0.000376;1.2;0.000313;0.762;0.0422;0.198;0.787;0.192;0.00132;0.0062; 21600;1;0;0.0246;0.019;55;23.9;5.69;2.29;  0%;  0%;  0%;5.15;1.39;22.7;  0%;  0%;  0%;5.82;6.27;1.84;  0%;  0%;  0%;2.01;3.58;4.65;  0%;  0%;  0%;99.8;0.16;0;0;0;0;0;0;0;99.8;0.16;0;0;0;0;0;0;0;0.142;97.7;0;2.12;0;0;0;0;0;0.0411;99.5;0;0.476;0;0;0;0;0;70.4;68.9;40.6;39.9;7.73 ;7.66 ;7.58 ;7.39 ;
2017-11-12;07:30:53.960;0.446;1.16;0.385;0.762;0.849;303;0.997;0.467;5.61e-06;0.002;0.123;0.0734;1.51e+05;1.31e+05;2.12e+03;2.32;58;0.893;22.3;81.3;50.5;49.5;0;0;0;0;0;0;0;221;30.2;0.889;1.17;0.761;0.762;0.398;150;0.997;0.469;5.28e-06;0.00199; 47600;9;4;0.0245;0.0188;47;0.89;1.17;0.761;0.762;0.397;150;0.997;0.47;5.26e-06;0.00199; 35040;9;41;0.0207;0.0183;48;0.0055;0.313;0.0176;0.762;0.0299;2.67;0.989;0.0417;6.4e-05;0.00572; 22000;0;2;0.0544;0.0177;56;7.72e-05;0.389;0.000198;0.762;0.0244;0.0901;0.73;0.161;0.00372;0.0138; 21680;0;0;0.0239;0.0186;55;23.6;5.63;1.74;  0%;  0%;  0%;5.12;0.992;22.4;  0%;  0%;  0%;5.84;6.29;1.33;  0%;  0%;  0%;1.38;3.05;4.01;  0%;  0%;  0%;99.8;0.159;0;0;0;0;0;0;0;99.8;0.16;0;0;0;0;0;0;0;2.31;97.7;0;0;0;0;0;0;0;0.026;100;0;0;0;0;0;0;0;70.4;68.8;41.5;39.9;7.71 ;7.63 ;7.51 ;7.36 ;
2017-11-12;07:30:54.969;0.446;1.16;0.385;0.762;0.859;303;0.997;0.467;5.68e-06;0.002;0.125;0.0742;1.51e+05;1.3e+05;2.12e+03;2.32;58;0.893;22.3;83.7;50.5;49.5;0;0;0;0;0;0;0;221;30.2;0.889;1.17;0.761;0.762;0.4;150;0.997;0.469;5.3e-06;0.00199; 47520;10;0;0.0247;0.0189;47;0.89;1.17;0.761;0.762;0.397;150;0.997;0.47;5.26e-06;0.00199; 34560;11;38;0.0209;0.0184;48;0.00556;0.313;0.0177;0.762;0.0319;2.67;0.988;0.0423;6.77e-05;0.00566; 22080;0;5;0.0549;0.0179;56;8.18e-05;0.367;0.000223;0.762;0.0307;0.103;0.702;0.16;0.00444;0.0149; 21600;1;1;0.0246;0.0189;54;23.7;5.72;2.05;  0%;  0%;  0%;5.11;1.19;22.5;  0%;  0%;  0%;5.78;6.3;1.69;  0%;  0%;  0%;1.96;3.3;4.37;  0%;  0%;  0%;99.8;0.161;0;0;0;0;0;0;0;99.8;0.16;0;0;0;0;0;0;0;2.33;97.7;0;0;0;0;0;0;0;0.0292;100;0;0;0;0;0;0;0;70.4;68.8;41.6;39.9;7.68 ;7.63 ;7.55 ;7.39 ;
2017-11-12;07:30:55.978;0.445;1.17;0.381;0.762;0.88;303;0.997;0.467;5.83e-06;0.00201;0.125;0.0743;1.51e+05;1.29e+05;2.12e+03;2.34;58.4;0.891;22.3;84.1;50;50;0;0;0;0;0;0;0;220;30.2;0.889;1.17;0.761;0.762;0.406;150;0.997;0.469;5.38e-06;0.00199; 47520;11;4;0.0252;0.0191;47;0.89;1.17;0.761;0.762;0.402;150;0.997;0.469;5.33e-06;0.00199; 34720;12;35;0.0211;0.0185;48;0.00179;0.56;0.0032;0.762;0.0375;2.74;0.986;0.0432;0.000247;0.018; 22160;0;3;0.0545;0.0177;56;0.000108;0.257;0.000421;0.762;0.0343;0.139;0.753;0.151;0.00375;0.0152; 21920;0;0;0.0247;0.0189;54;23.8;5.8;2.1;  0%;  0%;  0%;5.18;1.2;22.6;  0%;  0%;  0%;5.92;6.47;1.66;  0%;  0%;  0%;1.58;3.28;4.46;  0%;  0%;  0%;99.8;0.16;0;0;0;0;0;0;0;99.8;0.16;0;0;0;0;0;0;0;0.42;99.6;0;0;0;0;0;0;0;0.0553;99.9;0;0;0;0;0;0;0;70.4;68.9;40.6;39.7;7.67 ;7.58 ;7.55 ;7.43 ;
2017-11-12;07:30:56.987;0.446;1.16;0.385;0.762;0.876;303;0.997;0.467;5.79e-06;0.002;0.125;0.0744;1.51e+05;1.31e+05;2.12e+03;2.32;58;0.892;22.3;83.7;50.5;49.5;0;0;0;0;0;0;0;221;30.2;0.889;1.17;0.761;0.762;0.404;150;0.997;0.469;5.36e-06;0.00199; 47920;12;0;0.0249;0.019;47;0.89;1.17;0.761;0.762;0.399;150;0.997;0.469;5.29e-06;0.00199; 34400;10;42;0.021;0.0185;48;0.00569;0.314;0.0181;0.762;0.037;2.68;0.986;0.0422;7.68e-05;0.00555; 22000;0;3;0.0547;0.0179;56;9.19e-05;0.377;0.000244;0.762;0.0349;0.115;0.698;0.157;0.00447;0.0148; 21760;0;2;0.0245;0.0189;54;23.6;5.65;2.09;  0%;  0%;  0%;5.16;1.17;22.5;  0%;  0%;  0%;5.89;6.25;1.73;  0%;  0%;  0%;1.93;3.31;4.41;  0%;  0%;  0%;99.8;0.161;0;0;0;0;0;0;0;99.8;0.16;0;0;0;0;0;0;0;2.38;97.6;0;0;0;0;0;0;0;0.032;100;0;0;0;0;0;0;0;70.4;68.8;41.5;39.8;7.72 ;7.6 ;7.49 ;7.38 ;
2017-11-12;07:30:57.996;0.445;1.17;0.381;0.762;0.849;303;0.997;0.467;5.63e-06;0.00201;0.124;0.0735;1.51e+05;1.29e+05;2.12e+03;2.34;58.5;0.891;22.3;81.8;50;50;0;0;0;0;0;0;0;220;30.2;0.89;1.17;0.761;0.762;0.397;150;0.997;0.469;5.27e-06;0.00199; 47600;7;6;0.0245;0.0188;47;0.89;1.17;0.761;0.762;0.397;150;0.997;0.47;5.27e-06;0.00199; 34720;13;34;0.0208;0.0183;48;0.00128;1.23;0.00104;0.762;0.0291;2.68;0.989;0.0427;0.000269;0.0247; 22000;0;3;0.0547;0.0177;56;8.48e-05;0.414;0.000205;0.762;0.0259;0.0982;0.737;0.171;0.0036;0.0137; 21840;1;0;0.024;0.0187;55;23.6;5.58;1.75;  0%;  0%;  0%;5.13;1.02;22.4;  0%;  0%;  0%;5.85;6.21;1.46;  0%;  0%;  0%;1.62;3.1;3.98;  0%;  0%;  0%;99.8;0.16;0;0;0;0;0;0;0;99.8;0.159;0;0;0;0;0;0;0;0.136;99.9;0;0;0;0;0;0;0;0.0269;100;0;0;0;0;0;0;0;70.4;68.8;40.8;39.9;7.67 ;7.6 ;7.52 ;7.42 ;
2017-11-12;07:30:59.006;0.445;1.17;0.381;0.762;0.898;303;0.997;0.467;5.94e-06;0.00201;0.127;0.0752;1.51e+05;1.29e+05;2.12e+03;2.34;58.5;0.89;22.3;86.4;50;50;0;0;0;0;0;0;0;220;30.2;0.889;1.17;0.761;0.762;0.407;150;0.997;0.469;5.39e-06;0.00199; 47360;10;0;0.0255;0.0194;47;0.89;1.17;0.761;0.762;0.404;150;0.997;0.47;5.36e-06;0.00199; 34880;14;38;0.0214;0.0188;48;0.00127;1.16;0.00109;0.762;0.042;2.67;0.984;0.0424;0.00039;0.0248; 22080;0;4;0.0552;0.0181;56;0.000106;0.391;0.00027;0.762;0.0447;0.139;0.678;0.16;0.00499;0.0155; 21680;0;3;0.0246;0.019;55;23.9;5.75;2.38;  0%;  0%;  0%;5.27;1.46;22.7;  0%;  0%;  0%;5.96;6.38;2.02;  0%;  0%;  0%;2.23;3.63;4.75;  0%;  0%;  0%;99.8;0.158;0;0;0;0;0;0;0;99.8;0.159;0;0;0;0;0;0;0;0.143;99.9;0;0;0;0;0;0;0;0.0355;100;0;0;0;0;0;0;0;70.3;68.8;40.8;39.9;7.67 ;7.58 ;7.56 ;7.43 ;
2017-11-12;07:31:00.015;0.445;1.17;0.381;0.762;0.858;303;0.997;0.467;5.68e-06;0.00201;0.124;0.0738;1.51e+05;1.29e+05;2.12e+03;2.34;58.5;0.891;22.3;82.2;50;50;0;0.00139;0;0;0;0;0;220;30.3;0.889;1.17;0.761;0.762;0.397;150;0.997;0.469;5.26e-06;0.00199; 47600;12;0;0.0245;0.0188;47;0.89;1.17;0.761;0.762;0.397;150;0.997;0.469;5.25e-06;0.00199; 34480;13;37;0.0208;0.0183;48;0.0013;1.13;0.00116;0.762;0.0355;2.73;0.987;0.0433;0.000322;0.0248; 22000;0;3;0.0547;0.0178;56;0.000112;0.38;0.000295;0.762;0.0294;0.127;0.767;0.146;0.0031;0.0133; 21840;0;1;0.0243;0.0188;55;23.6;5.66;1.73;  0%;  0%;  0%;5.16;0.976;22.4;  0%;  0%;  0%;5.86;6.27;1.77;  0%;  0%;  0%;1.75;3.07;3.94;  0%;  0%;  0%;99.8;0.16;0;0;0;0;0;0;0;99.8;0.16;0;0;0;0;0;0;0;0.152;99.8;0;0;0;0;0;0;0;0.0387;100;0;0.00557;0;0;0;0;0;70.4;68.9;40.7;39.8;7.7 ;7.69 ;7.52 ;7.38 ;
2017-11-12;07:31:01.024;0.445;1.17;0.381;0.762;0.87;303;0.997;0.467;5.76e-06;0.00201;0.125;0.0745;1.51e+05;1.29e+05;2.12e+03;2.34;58.5;0.89;22.3;84.1;50;50;0;0;0;0;0;0;0;220;30.2;0.889;1.17;0.761;0.762;0.4;150;0.997;0.469;5.3e-06;0.00199; 47840;13;0;0.025;0.0191;46;0.89;1.17;0.761;0.762;0.401;150;0.997;0.469;5.31e-06;0.00199; 34720;13;39;0.0211;0.0186;47;0.00128;1.09;0.00117;0.762;0.0355;2.68;0.987;0.0431;0.000328;0.0248; 22000;0;3;0.0549;0.0179;56;9.12e-05;0.285;0.000321;0.762;0.034;0.115;0.704;0.162;0.0044;0.0149; 21760;0;1;0.0244;0.0189;54;23.7;5.65;2.01;  0%;  0%;  0%;5.2;1.21;22.5;  0%;  0%;  0%;5.93;6.3;1.8;  0%;  0%;  0%;2.09;3.37;4.31;  0%;  0%;  0%;99.8;0.161;0;0;0;0;0;0;0;99.8;0.159;0;0;0;0;0;0;0;0.154;99.8;0;0;0;0;0;0;0;0.0421;100;0;0;0;0;0;0;0;70.4;68.8;40.6;39.8;7.64 ;7.62 ;7.57 ;7.41 ;
2017-11-12;07:31:02.033;0.445;1.17;0.381;0.762;0.876;303;0.997;0.467;5.8e-06;0.00201;0.125;0.075;1.51e+05;1.29e+05;2.12e+03;2.34;58.5;0.891;22.3;85.2;50;50;0;0;0;0;0;0;0;220;30.2;0.89;1.17;0.761;0.762;0.4;150;0.997;0.469;5.31e-06;0.00199; 47280;9;4;0.0253;0.0192;47;0.89;1.17;0.761;0.762;0.401;150;0.997;0.469;5.32e-06;0.00199; 34640;12;34;0.0211;0.0186;48;0.00127;1.22;0.00104;0.762;0.0343;2.67;0.987;0.0429;0.000318;0.0247; 22240;0;5;0.0548;0.0179;56;0.000377;1.08;0.000351;0.762;0.0399;0.2;0.8;0.209;0.00125;0.00625; 22000;1;0;0.0242;0.0192;54;23.9;5.69;2.71;  0%;  0%;  0%;5.17;1.33;22.6;  0%;  0%;  0%;5.88;6.26;1.83;  0%;  0%;  0%;1.88;3.43;4.53;  0%;  0%;  0%;99.8;0.161;0;0;0;0;0;0;0;99.8;0.159;0;0;0;0;0;0;0;0.136;99.9;0;0;0;0;0;0;0;0.046;100;0;0;0;0;0;0;0;70.3;68.9;40.8;39.9;7.67 ;7.65 ;7.52 ;7.34 ;
2017-11-12;07:31:03.043;0.445;1.17;0.381;0.762;0.866;303;0.997;0.467;5.73e-06;0.00201;0.125;0.074;1.51e+05;1.29e+05;2.12e+03;2.34;58.5;0.891;22.3;82.7;50;48.9;0;1.09;0;0;0;0;0;219;30.2;0.889;1.17;0.761;0.762;0.398;150;0.997;0.469;5.28e-06;0.00199; 47600;11;0;0.0247;0.0189;46;0.89;1.17;0.761;0.762;0.399;150;0.997;0.469;5.29e-06;0.00199; 34560;11;42;0.0209;0.0184;48;0.00128;1.16;0.00111;0.762;0.036;2.69;0.987;0.0432;0.000331;0.0248; 22000;0;3;0.0547;0.0179;56;9.04e-05;0.421;0.000215;0.762;0.0329;0.11;0.701;0.163;0.0043;0.0144; 22000;0;2;0.0242;0.0188;54;23.6;5.55;1.91;  0%;  0%;  0%;5.11;1.15;22.3;  0%;  0%;  0%;5.8;6.15;1.69;  0%;  0%;  0%;1.9;3.32;4.24;  0%;  0%;  0%;99.8;0.16;0;0;0;0;0;0;0;99.8;0.159;0;0;0;0;0;0;0;0.145;99.9;0;0;0;0;0;0;0;0.0282;95.6;0;4.37;0;0;0;0;0;70.4;68.9;40.8;39.3;7.69 ;7.61 ;7.46 ;7.42 ;
2017-11-12;07:31:04.052;0.445;1.17;0.381;0.762;0.865;303;0.997;0.467;5.73e-06;0.00201;0.125;0.074;1.51e+05;1.29e+05;2.12e+03;2.34;58.5;0.891;22.3;83.2;50;47.7;0;2.3;0;0;0;0;0;219;30.1;0.89;1.17;0.761;0.762;0.398;150;0.997;0.469;5.28e-06;0.00199; 47680;12;2;0.0247;0.0188;46;0.89;1.17;0.761;0.762;0.397;150;0.997;0.469;5.26e-06;0.00199; 34160;12;38;0.0208;0.0184;48;0.00129;1.17;0.0011;0.762;0.0361;2.72;0.987;0.0436;0.000329;0.0248; 22080;0;3;0.0548;0.0179;56;0.000106;0.429;0.000246;0.762;0.0334;0.139;0.76;0.145;0.00373;0.0156; 22000;0;0;0.0245;0.0189;54;23.7;5.65;1.87;  0%;  0%;  0%;5.16;1.05;22.5;  0%;  0%;  0%;5.81;6.21;1.94;  0%;  0%;  0%;2;3.17;4.19;  0%;  0%;  0%;99.8;0.159;0;0;0;0;0;0;0;99.8;0.159;0;0;0;0;0;0;0;0.145;95.3;0;4.59;0;0;0;0;0;0.0323;95.4;0;4.6;0;0;0;0;0;70.3;68.8;40.4;39.3;7.7 ;7.6 ;7.48 ;7.36 ;
2017-11-12;07:31:05.061;0.445;1.17;0.381;0.762;0.865;303;0.997;0.467;5.73e-06;0.00201;0.125;0.0742;1.51e+05;1.29e+05;2.12e+03;2.34;58.5;0.89;22.3;83.3;50;50;0;0;0;0;0;0;0;220;30.3;0.889;1.17;0.761;0.762;0.399;150;0.997;0.469;5.3e-06;0.00199; 47920;8;3;0.0248;0.0189;46;0.89;1.17;0.761;0.762;0.398;150;0.997;0.47;5.28e-06;0.00199; 34640;13;34;0.021;0.0185;48;0.00127;1.09;0.00117;0.762;0.034;2.68;0.987;0.0427;0.000315;0.0248; 22160;0;2;0.0549;0.0179;56;9.26e-05;0.282;0.000329;0.762;0.0334;0.12;0.721;0.151;0.00425;0.0152; 21760;1;1;0.0243;0.0189;54;23.7;5.59;1.9;  0%;  0%;  0%;5.15;1.14;22.5;  0%;  0%;  0%;5.85;6.19;1.83;  0%;  0%;  0%;1.94;3.24;4.18;  0%;  0%;  0%;99.8;0.16;0;0;0;0;0;0;0;99.8;0.16;0;0;0;0;0;0;0;0.154;99.8;0;0;0;0;0;0;0;0.0431;100;0;0;0;0;0;0;0;70.4;68.8;40.7;39.9;7.67 ;7.64 ;7.55 ;7.43 ;
2017-11-12;07:31:06.070;0.445;1.17;0.381;0.762;0.876;303;0.997;0.467;5.8e-06;0.00201;0.125;0.0744;1.51e+05;1.29e+05;2.12e+03;2.34;58.5;0.89;22.3;83.9;50;49.6;0;0.479;0;0;0;0;0;220;30.1;0.889;1.17;0.761;0.762;0.4;150;0.997;0.469;5.3e-06;0.00199; 47840;9;2;0.025;0.0191;46;0.89;1.17;0.761;0.762;0.401;150;0.997;0.469;5.31e-06;0.00199; 34480;10;39;0.0211;0.0185;47;0.00128;1.11;0.00116;0.762;0.0382;2.69;0.986;0.0431;0.000352;0.0247; 22160;0;4;0.0549;0.0179;56;9.49e-05;0.314;0.000303;0.762;0.0369;0.116;0.682;0.161;0.00459;0.0144; 21920;0;1;0.0243;0.0188;54;23.7;5.59;2.01;  0%;  0%;  0%;5.16;1.24;22.5;  0%;  0%;  0%;5.87;6.21;1.81;  0%;  0%;  0%;2.06;3.39;4.29;  0%;  0%;  0%;99.8;0.159;0;0;0;0;0;0;0;99.8;0.159;0;0;0;0;0;0;0;0.152;99.8;0;0;0;0;0;0;0;0.0397;98;0;1.92;0;0;0;0;0;70.4;68.9;40.7;39.6;7.69 ;7.6 ;7.49 ;7.36 ;
2017-11-12;07:31:07.079;0.445;1.17;0.381;0.762;0.843;303;0.997;0.467;5.58e-06;0.00201;0.123;0.0731;1.51e+05;1.29e+05;2.12e+03;2.34;58.5;0.89;22.3;80.6;50;48.9;0;1.12;0;0;0;0;0;219;30.3;0.89;1.17;0.761;0.762;0.394;150;0.997;0.469;5.23e-06;0.00199; 47840;9;2;0.0242;0.0186;46;0.89;1.17;0.761;0.762;0.395;150;0.997;0.47;5.23e-06;0.00199; 34000;12;37;0.0206;0.0182;47;0.00127;1.15;0.00111;0.762;0.0295;2.67;0.989;0.0429;0.000274;0.0247; 22080;0;3;0.0545;0.0177;56;8.2e-05;0.323;0.000254;0.762;0.0245;0.0921;0.734;0.177;0.00352;0.0132; 21840;1;1;0.0239;0.0186;53;23.5;5.53;1.57;  0%;  0%;  0%;5.12;0.888;22.4;  0%;  0%;  0%;5.81;6.14;1.47;  0%;  0%;  0%;1.42;2.93;3.78;  0%;  0%;  0%;99.8;0.16;0;0;0;0;0;0;0;99.8;0.161;0;0;0;0;0;0;0;0.145;99.9;0;0;0;0;0;0;0;0.0334;95.5;0;4.48;0;0;0;0;0;70.4;68.9;40.7;39.3;7.67 ;7.64 ;7.57 ;7.38 ;
2017-11-12;07:31:08.089;0.445;1.17;0.381;0.762;0.889;303;0.997;0.467;5.89e-06;0.00201;0.127;0.0752;1.51e+05;1.29e+05;2.12e+03;2.34;58.5;0.89;22.3;86.2;50;49;0;0.982;0;0;0;0;0;219;30.2;0.889;1.17;0.761;0.762;0.405;150;0.997;0.47;5.37e-06;0.00199; 47840;12;0;0.0257;0.0194;46;0.89;1.17;0.761;0.762;0.402;150;0.997;0.47;5.33e-06;0.00199; 35120;11;42;0.0214;0.0187;47;0.00129;1.08;0.0012;0.762;0.0397;2.72;0.985;0.0437;0.000362;0.0248; 22080;0;2;0.055;0.018;56;0.000111;0.314;0.000355;0.762;0.0427;0.15;0.715;0.152;0.00452;0.0159; 21920;0;0;0.0248;0.0191;54;23.8;5.73;2.28;  0%;  0%;  0%;5.23;1.38;22.6;  0%;  0%;  0%;5.96;6.4;2.12;  0%;  0%;  0%;2.41;3.57;4.62;  0%;  0%;  0%;99.8;0.159;0;0;0;0;0;0;0;99.8;0.159;0;0;0;0;0;0;0;0.158;99.8;0;0.0467;0;0;0;0;0;0.0466;96.1;0;3.88;0;0;0;0;0;70.4;68.8;40.6;39.4;7.71 ;7.6 ;7.52 ;7.4 ;
2017-11-12;07:31:09.098;0.445;1.17;0.381;0.762;0.87;303;0.997;0.467;5.76e-06;0.00201;0.125;0.0742;1.51e+05;1.29e+05;2.12e+03;2.34;58.5;0.89;22.3;83.3;50;48.9;0;1.09;0;0;0;0;0;220;30.1;0.889;1.17;0.761;0.762;0.399;150;0.997;0.469;5.28e-06;0.00199; 47680;9;0;0.0247;0.019;46;0.89;1.17;0.761;0.762;0.4;150;0.997;0.469;5.3e-06;0.00199; 34800;12;36;0.021;0.0185;47;0.00128;1.15;0.00111;0.762;0.0378;2.68;0.986;0.043;0.000349;0.0248; 22080;0;3;0.0548;0.0179;55;9.36e-05;0.36;0.00026;0.762;0.0336;0.111;0.699;0.169;0.00423;0.014; 21840;0;1;0.0242;0.0188;54;23.7;5.62;1.92;  0%;  0%;  0%;5.21;1.18;22.5;  0%;  0%;  0%;5.92;6.23;1.7;  0%;  0%;  0%;1.91;3.3;4.15;  0%;  0%;  0%;99.8;0.16;0;0;0;0;0;0;0;99.8;0.159;0;0;0;0;0;0;0;0.146;95.5;0;4.36;0;0;0;0;0;0.0341;100;0;0;0;0;0;0;0;70.4;68.8;40.4;40;7.64 ;7.58 ;7.55 ;7.36 ;
2017-11-12;07:31:10.107;0.445;1.17;0.381;0.762;0.844;303;0.997;0.467;5.59e-06;0.00201;0.123;0.0733;1.51e+05;1.29e+05;2.12e+03;2.34;58.5;0.891;22.3;80.8;50;48.3;0;1.71;0;0;0;0;0;219;30.2;0.89;1.17;0.761;0.762;0.394;150;0.997;0.469;5.22e-06;0.00199; 47840;12;3;0.0243;0.0187;46;0.89;1.17;0.761;0.762;0.394;150;0.997;0.47;5.22e-06;0.00199; 35120;11;36;0.0206;0.0183;47;0.00127;1.17;0.00109;0.762;0.0306;2.67;0.989;0.0429;0.000284;0.0247; 22080;0;2;0.0545;0.0177;56;8.77e-05;0.357;0.000246;0.762;0.0262;0.101;0.74;0.172;0.00352;0.0135; 22000;1;0;0.0239;0.0186;54;23.5;5.51;1.64;  0%;  0%;  0%;5.1;0.946;22.3;  0%;  0%;  0%;5.79;6.14;1.52;  0%;  0%;  0%;1.53;3;3.88;  0%;  0%;  0%;99.8;0.158;0;0;0;0;0;0;0;99.8;0.16;0;0;0;0;0;0;0;0.143;93;0;6.84;0;0;0;0;0;0.0322;100;0;0;0;0;0;0;0;70.4;68.9;39.9;40;7.66 ;7.6 ;7.55 ;7.43 ;
2017-11-12;07:31:11.116;0.445;1.17;0.381;0.762;0.861;303;0.997;0.467;5.71e-06;0.00201;0.125;0.0741;1.51e+05;1.29e+05;2.12e+03;2.34;58.5;0.89;22.3;83.1;50;49;0;1.08;0;0;0;0;0;219;30.3;0.889;1.17;0.761;0.762;0.398;150;0.997;0.469;5.28e-06;0.00199; 47280;12;0;0.0249;0.0189;46;0.89;1.17;0.761;0.762;0.398;150;0.997;0.469;5.27e-06;0.00199; 34720;11;39;0.021;0.0185;47;0.00128;1.16;0.0011;0.762;0.0323;2.68;0.988;0.0425;0.000299;0.0247; 22080;0;4;0.0548;0.0179;56;9.49e-05;0.356;0.000266;0.762;0.0334;0.114;0.706;0.171;0.00416;0.0141; 21920;0;1;0.0242;0.0188;54;23.6;5.53;1.97;  0%;  0%;  0%;5.13;1.21;22.5;  0%;  0%;  0%;5.84;6.16;1.73;  0%;  0%;  0%;1.97;3.31;4.19;  0%;  0%;  0%;99.8;0.16;0;0;0;0;0;0;0;99.8;0.159;0;0;0;0;0;0;0;0.144;95.5;0;4.32;0;0;0;0;0;0.035;100;0;0;0;0;0;0;0;70.4;68.9;40.3;39.9;7.68 ;7.64 ;7.55 ;7.39 ;
2017-11-12;07:31:12.126;0.445;1.17;0.381;0.762;0.862;303;0.997;0.467;5.71e-06;0.00201;0.124;0.0739;1.51e+05;1.29e+05;2.12e+03;2.34;58.5;0.891;22.3;82.5;50;44.7;0.00232;5.3;0;0;0;0;0;218;30.2;0.89;1.17;0.761;0.762;0.396;150;0.997;0.469;5.25e-06;0.00199; 47280;5;6;0.0247;0.0189;46;0.89;1.17;0.761;0.762;0.398;150;0.997;0.469;5.28e-06;0.00199; 34960;11;41;0.0209;0.0184;47;0.00129;1.2;0.00108;0.762;0.0354;2.71;0.987;0.043;0.000323;0.0248; 22160;0;1;0.0548;0.0178;56;0.000376;0.998;0.000377;0.762;0.0323;0.218;0.852;0.18;0.00101;0.00686; 22080;0;1;0.0241;0.0187;54;23.7;5.66;1.69;  0%;  0%;  0%;5.21;1.03;22.4;  0%;  0%;  0%;5.92;6.3;1.82;  0%;  0%;  0%;1.72;3.11;3.92;  0%;  0%;  0%;99.8;0.16;0;0;0;0;0;0;0;99.8;0.16;0;0;0;0;0;0;0;0.141;86.4;0;13.4;0;0;0;0;0;0.0494;92.2;0.00927;7.76;0;0;0;0;0;70.5;68.9;39.5;39.4;7.67 ;7.63 ;7.52 ;7.37 ;
2017-11-12;07:31:13.135;0.445;1.17;0.381;0.762;0.851;303;0.997;0.467;5.63e-06;0.00201;0.124;0.0734;1.51e+05;1.29e+05;2.12e+03;2.34;58.5;0.891;22.3;81.2;50;48.4;0;1.68;0;0;0;0;0;219;30.2;0.89;1.17;0.761;0.762;0.393;150;0.997;0.469;5.21e-06;0.00199; 47200;7;1;0.0243;0.0187;46;0.89;1.17;0.761;0.762;0.397;150;0.997;0.47;5.26e-06;0.00199; 34320;12;34;0.0207;0.0183;47;0.00128;1.23;0.00104;0.762;0.0318;2.69;0.988;0.0423;0.000293;0.0247; 22160;0;2;0.0546;0.0178;56;8.93e-05;0.491;0.000182;0.762;0.0285;0.106;0.732;0.163;0.00376;0.014; 21840;1;0;0.024;0.0186;54;23.6;5.44;1.71;  0%;  0%;  0%;5.08;1.04;22.4;  0%;  0%;  0%;5.75;6.02;1.53;  0%;  0%;  0%;1.67;3.15;3.91;  0%;  0%;  0%;99.8;0.16;0;0;0;0;0;0;0;99.8;0.158;0;0;0;0;0;0;0;0.136;93.2;0;6.71;0;0;0;0;0;0.0239;100;0;0;0;0;0;0;0;70.4;68.8;40;40;7.68 ;7.6 ;7.5 ;7.4 ;
2017-11-12;07:31:14.144;0.445;1.17;0.381;0.762;0.842;303;0.997;0.467;5.58e-06;0.00201;0.123;0.0732;1.51e+05;1.29e+05;2.12e+03;2.34;58.5;0.891;22.3;80.9;50;48.6;0;1.46;0;0;0;0;0;219;30.2;0.89;1.17;0.761;0.762;0.392;150;0.997;0.469;5.2e-06;0.00199; 47360;12;0;0.0242;0.0186;46;0.89;1.17;0.761;0.762;0.395;150;0.997;0.47;5.23e-06;0.00199; 34720;12;38;0.0206;0.0182;47;0.00128;1.19;0.00107;0.762;0.0283;2.68;0.989;0.0424;0.000262;0.0247; 22160;0;2;0.0546;0.0178;56;8.96e-05;0.385;0.000233;0.762;0.0266;0.104;0.744;0.177;0.00351;0.0137; 22000;0;2;0.024;0.0187;54;23.5;5.42;1.67;  0%;  0%;  0%;5.04;1;22.3;  0%;  0%;  0%;5.68;5.99;1.57;  0%;  0%;  0%;1.73;3.07;3.87;  0%;  0%;  0%;99.8;0.159;0;0;0;0;0;0;0;99.8;0.159;0;0;0;0;0;0;0;0.141;94;0;5.86;0;0;0;0;0;0.0305;100;0;0;0;0;0;0;0;70.4;68.8;40.1;39.9;7.65 ;7.64 ;7.51 ;7.39 ;
2017-11-12;07:31:15.154;0.445;1.17;0.381;0.762;0.856;303;0.997;0.467;5.67e-06;0.00201;0.124;0.0737;1.51e+05;1.29e+05;2.12e+03;2.34;58.5;0.89;22.3;82;50;49.6;0;0.405;0;0;0;0;0;220;30.2;0.889;1.17;0.761;0.762;0.394;150;0.997;0.469;5.23e-06;0.00199; 47840;14;0;0.0246;0.0189;46;0.89;1.17;0.761;0.762;0.398;150;0.997;0.47;5.27e-06;0.00199; 34960;10;33;0.0209;0.0185;47;0.00127;1.22;0.00105;0.762;0.0332;2.67;0.988;0.0426;0.000307;0.0247; 22160;0;4;0.0547;0.0178;56;9.76e-05;0.44;0.000222;0.762;0.0305;0.114;0.732;0.172;0.00368;0.0138; 21760;0;0;0.0238;0.0186;54;23.6;5.59;1.72;  0%;  0%;  0%;5.19;1.07;22.4;  0%;  0%;  0%;5.94;6.25;1.57;  0%;  0%;  0%;1.64;3.13;3.89;  0%;  0%;  0%;99.8;0.16;0;0;0;0;0;0;0;99.8;0.159;0;0;0;0;0;0;0;0.137;98.2;0;1.62;0;0;0;0;0;0.0291;100;0;0;0;0;0;0;0;70.4;68.9;40.7;40;7.7 ;7.58 ;7.49 ;7.39 ;
2017-11-12;07:31:16.164;0.445;1.17;0.381;0.762;0.953;304;0.997;0.467;6.31e-06;0.00201;0.123;0.0703;1.51e+05;1.29e+05;2.12e+03;2.34;58.5;0.89;22.3;94.6;50;12.6;0.00763;37.4;0;12.9;0;0;0;205;30.2;0.889;1.17;0.761;0.762;0.437;150;0.997;0.469;5.79e-06;0.00199; 48000;11;8;0.0278;0.0206;46;0.89;1.17;0.761;0.762;0.405;150;0.997;0.469;5.37e-06;0.00199; 34800;14;35;0.0217;0.0191;47;0.00133;1.02;0.0013;0.727;0.0539;2.89;0.981;0.0304;0.000479;0.0257; 21840;1;1;0.0517;0.0145;56;0.000195;0.442;0.000442;0.724;0.057;0.229;0.751;0.224;0.00344;0.0138; 22320;3;0;0.0219;0.0161;54;24.5;7.02;4.11;  0%;  0%;  0%;5.33;1.69;23.2;  0%;  0%;  0%;6.07;7.19;2.75;  0%;  0%;  0%;3.07;3.83;5.85;  0%;  0%;  0%;99.8;0.161;0;0;0;0;0;0;0;99.8;0.159;0;0;0;0;0;0;0;0.179;25.3;0;74.6;0;24.9;0;0;0;0.0611;24.8;0.0305;75.1;0;26.5;0;0;0;70.5;68.9;33.3;32.3;7.72 ;7.66 ;7.46 ;7.37 ;
2017-11-12;07:31:17.173;0.445;1.17;0.381;0.762;0.855;303;0.997;0.467;5.66e-06;0.00201;0.124;0.0738;1.51e+05;1.29e+05;2.12e+03;2.34;58.5;0.891;22.3;82.1;50;50;0;0;0;0;0;0;0;220;30.3;0.889;1.17;0.761;0.762;0.396;150;0.997;0.469;5.25e-06;0.00199; 48000;14;0;0.0245;0.0188;46;0.89;1.17;0.761;0.762;0.397;150;0.997;0.469;5.26e-06;0.00199; 35040;10;44;0.0208;0.0184;47;0.00127;1.17;0.00109;0.762;0.0322;2.68;0.988;0.0379;0.000299;0.0248; 21840;0;2;0.0548;0.0178;56;9.71e-05;0.381;0.000255;0.762;0.0296;0.127;0.766;0.132;0.0036;0.0154; 22160;0;1;0.0241;0.0187;53;23.6;5.57;1.73;  0%;  0%;  0%;5.16;1.04;22.5;  0%;  0%;  0%;5.86;6.21;1.71;  0%;  0%;  0%;1.71;3.15;3.93;  0%;  0%;  0%;99.8;0.159;0;0;0;0;0;0;0;99.8;0.16;0;0;0;0;0;0;0;0.143;99.9;0;0;0;0;0;0;0;0.0335;100;0;0;0;0;0;0;0;70.4;68.9;40.8;39.9;7.65 ;7.7 ;7.5 ;7.42 ;
2017-11-12;07:31:18.182;0.445;1.17;0.381;0.762;0.872;303;0.997;0.467;5.77e-06;0.00201;0.125;0.0744;1.51e+05;1.29e+05;2.12e+03;2.34;58.5;0.891;22.3;83.5;50;50;0;0;0;0;0;0;0;220;30.3;0.889;1.17;0.761;0.762;0.398;150;0.997;0.469;5.28e-06;0.00199; 47680;8;1;0.025;0.0191;46;0.89;1.17;0.761;0.762;0.401;150;0.997;0.47;5.31e-06;0.00199; 35600;12;38;0.0211;0.0186;47;0.00128;1.18;0.00108;0.762;0.0391;2.68;0.985;0.0397;0.00036;0.0247; 21760;0;4;0.0549;0.0179;56;9.81e-05;0.42;0.000234;0.762;0.0335;0.128;0.739;0.154;0.00402;0.0154; 22480;0;1;0.0241;0.0188;54;23.7;5.62;1.9;  0%;  0%;  0%;5.2;1.18;22.5;  0%;  0%;  0%;5.98;6.29;1.69;  0%;  0%;  0%;2.05;3.3;4.13;  0%;  0%;  0%;99.8;0.159;0;0;0;0;0;0;0;99.8;0.159;0;0;0;0;0;0;0;0.142;99.9;0;0;0;0;0;0;0;0.0307;100;0;0;0;0;0;0;0;70.5;68.9;40.8;39.9;7.7 ;7.66 ;7.55 ;7.4 ;
2017-11-12;07:31:19.192;0.445;1.17;0.381;0.762;0.846;303;0.997;0.467;5.6e-06;0.00201;0.124;0.0735;1.51e+05;1.29e+05;2.12e+03;2.34;58.5;0.891;22.3;81.6;50;50;0;0.00149;0;0;0;0;0;220;30.2;0.889;1.17;0.761;0.762;0.392;150;0.997;0.469;5.19e-06;0.00199; 47680;12;0;0.0243;0.0187;46;0.89;1.17;0.761;0.762;0.396;150;0.997;0.469;5.25e-06;0.00199; 35040;10;39;0.0207;0.0183;47;0.00129;1.19;0.00108;0.762;0.0309;2.7;0.989;0.0402;0.000283;0.0248; 21760;0;3;0.0546;0.0178;56;0.000104;0.428;0.000243;0.762;0.0274;0.141;0.805;0.148;0.00311;0.016; 22320;0;1;0.0241;0.0187;54;23.5;5.5;1.65;  0%;  0%;  0%;5.17;1.04;22.3;  0%;  0%;  0%;5.86;6.12;1.69;  0%;  0%;  0%;1.78;3.1;3.86;  0%;  0%;  0%;99.8;0.16;0;0;0;0;0;0;0;99.8;0.16;0;0;0;0;0;0;0;0.142;99.9;0;0;0;0;0;0;0;0.0319;100;0;0.00598;0;0;0;0;0;70.4;68.9;40.8;39.9;7.66 ;7.61 ;7.56 ;7.41 ;
2017-11-12;07:31:20.201;0.445;1.17;0.381;0.762;0.851;303;0.997;0.467;5.63e-06;0.00201;0.124;0.0734;1.51e+05;1.29e+05;2.12e+03;2.34;58.5;0.891;22.3;81;50;44.6;0;5.39;0;0;0;0;0;218;30.3;0.89;1.17;0.761;0.762;0.395;150;0.997;0.469;5.24e-06;0.00199; 47520;11;0;0.0244;0.0187;46;0.89;1.17;0.761;0.762;0.396;150;0.997;0.47;5.24e-06;0.00199; 35120;13;37;0.0207;0.0183;47;0.00128;1.21;0.00106;0.762;0.0315;2.7;0.988;0.0399;0.000289;0.0248; 21840;0;1;0.0547;0.0178;56;0.000109;0.475;0.000229;0.762;0.0291;0.147;0.802;0.15;0.00315;0.0159; 22400;0;1;0.024;0.0186;54;23.6;5.5;1.65;  0%;  0%;  0%;5.08;0.976;22.4;  0%;  0%;  0%;5.74;6.09;1.56;  0%;  0%;  0%;1.58;3.03;3.83;  0%;  0%;  0%;99.8;0.159;0;0;0;0;0;0;0;99.8;0.16;0;0;0;0;0;0;0;0.139;87.1;0;12.7;0;0;0;0;0;0.0301;91.1;0;8.85;0;0;0;0;0;70.5;68.9;39.4;38.9;7.68 ;7.62 ;7.59 ;7.42 ;
2017-11-12;07:31:21.210;0.445;1.17;0.381;0.762;0.881;303;0.997;0.467;5.84e-06;0.00201;0.126;0.0747;1.51e+05;1.29e+05;2.12e+03;2.34;58.5;0.891;22.3;84.6;50;50;0;0;0;0;0;0;0;220;30.4;0.89;1.17;0.761;0.762;0.398;150;0.997;0.469;5.28e-06;0.00199; 47600;9;3;0.0251;0.0192;46;0.89;1.17;0.761;0.762;0.401;150;0.997;0.469;5.32e-06;0.00199; 35200;11;38;0.0213;0.0186;47;0.00129;1.17;0.0011;0.762;0.0428;2.7;0.984;0.0394;0.000393;0.0248; 21920;0;4;0.055;0.0181;56;0.000107;0.431;0.000247;0.762;0.0388;0.142;0.726;0.152;0.00429;0.0157; 22080;1;1;0.0244;0.0189;54;23.7;5.6;2.03;  0%;  0%;  0%;5.23;1.26;22.5;  0%;  0%;  0%;5.96;6.26;1.96;  0%;  0%;  0%;2.39;3.45;4.29;  0%;  0%;  0%;99.8;0.158;0;0;0;0;0;0;0;99.8;0.159;0;0;0;0;0;0;0;0.144;99.9;0;0;0;0;0;0;0;0.0325;100;0;0;0;0;0;0;0;70.4;68.8;40.8;39.9;7.68 ;7.69 ;7.61 ;7.44 ;
2017-11-12;07:31:22.220;0.445;1.17;0.381;0.762;0.874;303;0.997;0.467;5.79e-06;0.00201;0.125;0.0744;1.51e+05;1.29e+05;2.12e+03;2.34;58.5;0.891;22.3;84.1;50;50;0;0;0;0;0;0;0;220;30.3;0.889;1.17;0.761;0.762;0.4;150;0.997;0.47;5.3e-06;0.00199; 47680;10;4;0.025;0.0191;46;0.89;1.17;0.761;0.762;0.399;150;0.997;0.47;5.29e-06;0.00199; 35200;11;34;0.021;0.0185;47;0.00128;1.18;0.00108;0.762;0.0349;2.68;0.987;0.0396;0.000322;0.0247; 21760;0;3;0.0549;0.018;56;0.000379;1;0.000378;0.762;0.0398;0.227;0.824;0.184;0.00124;0.00704; 22400;1;0;0.0244;0.0189;54;23.7;5.51;2.14;  0%;  0%;  0%;5.11;1.3;22.5;  0%;  0%;  0%;5.78;6.12;1.88;  0%;  0%;  0%;2.17;3.47;4.42;  0%;  0%;  0%;99.8;0.16;0;0;0;0;0;0;0;99.8;0.158;0;0;0;0;0;0;0;0.142;99.9;0;0;0;0;0;0;0;0.0496;100;0;0;0;0;0;0;0;70.4;68.8;40.8;40;7.73 ;7.59 ;7.56 ;7.43 ;
2017-11-12;07:31:23.229;0.445;1.17;0.381;0.762;0.88;303;0.997;0.467;5.83e-06;0.00201;0.126;0.075;1.51e+05;1.29e+05;2.12e+03;2.34;58.5;0.89;22.3;85.2;50;50;0;0;0;0;0;0;0;220;30.4;0.889;1.17;0.761;0.762;0.399;150;0.997;0.469;5.29e-06;0.00199; 47920;12;0;0.0252;0.0192;46;0.89;1.17;0.761;0.762;0.4;150;0.997;0.47;5.3e-06;0.00199; 35040;14;35;0.0213;0.0187;47;0.00129;1.16;0.00112;0.762;0.0403;2.72;0.985;0.0405;0.000367;0.0248; 21760;0;3;0.0549;0.0181;56;0.000122;0.428;0.000286;0.762;0.0401;0.169;0.763;0.151;0.00386;0.0163; 22080;0;2;0.0248;0.0191;54;23.7;5.65;2.08;  0%;  0%;  0%;5.23;1.3;22.5;  0%;  0%;  0%;5.95;6.3;2.17;  0%;  0%;  0%;2.41;3.45;4.41;  0%;  0%;  0%;99.8;0.16;0;0;0;0;0;0;0;99.8;0.159;0;0;0;0;0;0;0;0.147;99.9;0;0;0;0;0;0;0;0.0375;100;0;0;0;0;0;0;0;70.5;68.9;40.8;39.9;7.66 ;7.67 ;7.59 ;7.47 ;
2017-11-12;07:31:24.238;0.445;1.17;0.381;0.762;0.853;303;0.997;0.467;5.65e-06;0.00201;0.124;0.0734;1.51e+05;1.29e+05;2.12e+03;2.34;58.5;0.891;22.3;81.3;50;48.8;0;1.25;0;0;0;0;0;220;30.2;0.89;1.17;0.761;0.762;0.395;150;0.997;0.469;5.23e-06;0.00199; 48320;11;2;0.0244;0.0187;46;0.89;1.17;0.761;0.762;0.397;150;0.997;0.47;5.26e-06;0.00199; 35360;12;33;0.0206;0.0183;47;0.00128;1.2;0.00107;0.762;0.0318;2.69;0.988;0.0397;0.000292;0.0247; 21760;0;3;0.0546;0.0178;55;0.000103;0.423;0.000243;0.762;0.0297;0.127;0.767;0.159;0.0034;0.0146; 22240;0;0;0.024;0.0186;53;23.6;5.42;1.74;  0%;  0%;  0%;5.05;1.06;22.4;  0%;  0%;  0%;5.72;6;1.49;  0%;  0%;  0%;1.64;3.12;3.96;  0%;  0%;  0%;99.8;0.158;0;0;0;0;0;0;0;99.8;0.159;0;0;0;0;0;0;0;0.14;99.9;0;0;0;0;0;0;0;0.0319;95;0;5;0;0;0;0;0;70.4;68.8;40.8;39.5;7.67 ;7.62 ;7.53 ;7.39 ;
2017-11-12;07:31:25.247;0.445;1.17;0.381;0.762;0.864;303;0.997;0.467;5.72e-06;0.00201;0.125;0.0739;1.51e+05;1.29e+05;2.12e+03;2.34;58.5;0.891;22.3;82.8;50;49.1;0;0.919;0;0;0;0;0;220;30.3;0.889;1.17;0.761;0.762;0.397;150;0.997;0.47;5.26e-06;0.00199; 48320;8;2;0.0248;0.0189;46;0.89;1.17;0.761;0.762;0.399;150;0.997;0.47;5.29e-06;0.00199; 35200;13;39;0.0209;0.0184;47;0.00128;1.18;0.00108;0.762;0.0333;2.68;0.988;0.0397;0.000308;0.0247; 21760;0;2;0.0547;0.0178;56;0.000108;0.394;0.000275;0.762;0.0343;0.141;0.758;0.155;0.00373;0.0154; 22160;1;1;0.0242;0.0187;53;23.7;5.53;1.88;  0%;  0%;  0%;5.14;1.15;22.5;  0%;  0%;  0%;5.85;6.16;1.76;  0%;  0%;  0%;1.82;3.23;4.09;  0%;  0%;  0%;99.8;0.161;0;0;0;0;0;0;0;99.8;0.159;0;0;0;0;0;0;0;0.142;99.9;0;0;0;0;0;0;0;0.0361;96.3;0;3.67;0;0;0;0;0;70.4;68.8;40.8;39.4;7.69 ;7.7 ;7.51 ;7.42 ;
2017-11-12;07:31:26.257;0.445;1.17;0.381;0.762;0.851;303;0.997;0.467;5.63e-06;0.00201;0.124;0.0737;1.51e+05;1.29e+05;2.12e+03;2.34;58.5;0.89;22.3;82;50;48.2;0.00204;1.82;0;0;0;0;0;220;30.2;0.889;1.17;0.761;0.762;0.394;150;0.997;0.469;5.22e-06;0.00199; 47840;11;0;0.0246;0.0189;46;0.89;1.17;0.761;0.762;0.396;150;0.997;0.47;5.25e-06;0.00199; 34800;11;37;0.0208;0.0184;47;0.00128;1.21;0.00105;0.762;0.0302;2.68;0.989;0.0399;0.000278;0.0247; 21760;0;3;0.0546;0.0178;56;0.000109;0.458;0.000237;0.762;0.0309;0.142;0.782;0.158;0.00336;0.0154; 22160;0;1;0.0242;0.0187;54;23.6;5.46;1.82;  0%;  0%;  0%;5.08;1.14;22.4;  0%;  0%;  0%;5.79;6.09;1.59;  0%;  0%;  0%;1.83;3.21;3.98;  0%;  0%;  0%;99.8;0.159;0;0;0;0;0;0;0;99.8;0.16;0;0;0;0;0;0;0;0.138;99.9;0;0;0;0;0;0;0;0.0311;92.7;0.00816;7.26;0;0;0;0;0;70.5;68.9;40.8;39.3;7.68 ;7.66 ;7.46 ;7.39 ;
2017-11-12;07:31:27.266;0.445;1.17;0.381;0.762;0.864;303;0.997;0.467;5.72e-06;0.00201;0.124;0.0738;1.51e+05;1.29e+05;2.12e+03;2.34;58.4;0.891;22.3;82.4;50;47.8;0.00193;2.13;0;0;0;0;0;219;30.2;0.889;1.17;0.761;0.762;0.397;150;0.997;0.469;5.26e-06;0.00199; 47840;9;0;0.0247;0.0189;45;0.89;1.17;0.761;0.762;0.398;150;0.997;0.47;5.28e-06;0.00199; 34960;11;38;0.0208;0.0184;47;0.00181;0.568;0.00318;0.762;0.0355;2.87;0.988;0.0294;0.000231;0.0187; 22000;0;5;0.0547;0.0178;56;0.000127;0.46;0.000276;0.762;0.0334;0.174;0.808;0.142;0.00311;0.0162; 22240;0;2;0.0242;0.0188;54;23.7;5.53;1.78;  0%;  0%;  0%;5.14;1.08;22.5;  0%;  0%;  0%;5.87;6.12;1.74;  0%;  0%;  0%;1.78;3.16;4.01;  0%;  0%;  0%;99.8;0.16;0;0;0;0;0;0;0;99.8;0.159;0;0;0;0;0;0;0;0.418;96.1;0;3.51;0;0;0;0;0;0.0362;94.9;0.00774;5.02;0;0;0;0;0;70.4;68.8;40.5;39.4;7.69 ;7.6 ;7.48 ;7.4 ;
2017-11-12;07:31:28.275;0.445;1.17;0.381;0.762;0.879;303;0.997;0.467;5.82e-06;0.00201;0.126;0.0748;1.51e+05;1.29e+05;2.12e+03;2.34;58.5;0.891;22.3;84.6;50;47.7;0.00181;2.28;0;0;0;0;0;219;30.2;0.89;1.17;0.761;0.762;0.4;150;0.997;0.469;5.3e-06;0.00199; 47760;9;1;0.0253;0.0192;46;0.89;1.17;0.761;0.762;0.401;150;0.997;0.469;5.32e-06;0.00199; 35040;13;33;0.0212;0.0186;47;0.00129;1.04;0.00124;0.762;0.0376;2.81;0.987;0.0297;0.000344;0.0258; 22000;0;3;0.0549;0.018;55;0.000124;0.411;0.000302;0.762;0.0395;0.181;0.782;0.14;0.00376;0.0172; 22400;0;2;0.0244;0.0189;53;23.7;5.57;2.1;  0%;  0%;  0%;5.17;1.33;22.6;  0%;  0%;  0%;5.87;6.21;1.9;  0%;  0%;  0%;2.22;3.49;4.4;  0%;  0%;  0%;99.8;0.159;0;0;0;0;0;0;0;99.8;0.159;0;0;0;0;0;0;0;0.163;94.2;0;5.59;0;0;0;0;0;0.0396;96.4;0.00725;3.54;0;0;0;0;0;70.5;68.9;40;39.4;7.7 ;7.61 ;7.53 ;7.39 ;
2017-11-12;07:31:29.285;0.445;1.17;0.381;0.762;0.848;303;0.997;0.467;5.61e-06;0.00201;0.124;0.0737;1.51e+05;1.29e+05;2.12e+03;2.34;58.5;0.89;22.3;81.7;50;48.9;0.00165;1.12;0;0;0;0;0;219;30.2;0.889;1.17;0.761;0.762;0.391;150;0.997;0.469;5.19e-06;0.00199; 47920;12;2;0.0244;0.0188;46;0.89;1.17;0.761;0.762;0.395;150;0.997;0.47;5.23e-06;0.00199; 35120;11;37;0.0207;0.0183;47;0.00129;1.13;0.00115;0.762;0.0316;2.69;0.988;0.0433;0.000288;0.0246; 22000;0;4;0.0547;0.0178;56;0.000108;0.357;0.000303;0.762;0.0299;0.143;0.791;0.155;0.00325;0.0156; 22160;1;1;0.024;0.0187;54;23.5;5.51;1.72;  0%;  0%;  0%;5.14;1.04;22.4;  0%;  0%;  0%;5.85;6.13;1.63;  0%;  0%;  0%;1.85;3.08;3.83;  0%;  0%;  0%;99.8;0.16;0;0;0;0;0;0;0;99.8;0.158;0;0;0;0;0;0;0;0.151;98.9;0;0.982;0;0;0;0;0;0.0398;96.5;0.00659;3.49;0;0;0;0;0;70.4;68.8;40.6;39.4;7.67 ;7.64 ;7.52 ;7.4 ;
2017-11-12;07:31:30.294;0.445;1.17;0.381;0.762;0.869;303;0.997;0.467;5.76e-06;0.00201;0.125;0.0741;1.51e+05;1.29e+05;2.12e+03;2.34;58.5;0.891;22.3;83.2;50;48.1;0;1.97;0;0;0;0;0;219;30.1;0.89;1.17;0.761;0.762;0.397;150;0.997;0.469;5.26e-06;0.00199; 48000;9;1;0.0249;0.019;45;0.89;1.17;0.761;0.762;0.4;150;0.997;0.47;5.3e-06;0.00199; 35040;12;42;0.021;0.0185;47;0.0013;1.2;0.00108;0.762;0.0387;2.7;0.986;0.0435;0.000352;0.0246; 22000;0;5;0.0548;0.0179;56;0.00012;0.49;0.000245;0.762;0.0338;0.166;0.797;0.149;0.00332;0.0163; 22400;0;0;0.0242;0.0187;53;23.7;5.58;1.82;  0%;  0%;  0%;5.24;1.14;22.5;  0%;  0%;  0%;5.95;6.21;1.81;  0%;  0%;  0%;1.93;3.24;4.05;  0%;  0%;  0%;99.8;0.16;0;0;0;0;0;0;0;99.8;0.159;0;0;0;0;0;0;0;0.142;95.4;0;4.42;0;0;0;0;0;0.0322;96.5;0;3.46;0;0;0;0;0;70.4;68.8;40.2;39.5;7.65 ;7.59 ;7.51 ;7.4 ;
2017-11-12;07:31:31.303;0.445;1.17;0.381;0.762;0.865;303;0.997;0.467;5.73e-06;0.00201;0.125;0.0741;1.51e+05;1.29e+05;2.12e+03;2.34;58.5;0.891;22.3;83;50;47.5;0;2.54;0;0;0;0;0;219;30.3;0.889;1.17;0.761;0.762;0.395;150;0.997;0.469;5.24e-06;0.00199; 48000;8;1;0.0247;0.0189;45;0.89;1.17;0.761;0.762;0.398;150;0.997;0.469;5.28e-06;0.00199; 34560;12;34;0.0209;0.0184;47;0.0013;1.18;0.0011;0.762;0.0366;2.71;0.987;0.0437;0.000333;0.0247; 22000;0;3;0.0549;0.0179;56;0.000129;0.487;0.000264;0.762;0.0356;0.188;0.811;0.142;0.00326;0.0173; 22240;1;2;0.0245;0.0189;54;23.7;5.51;1.78;  0%;  0%;  0%;5.16;1.12;22.5;  0%;  0%;  0%;5.83;6.11;2.01;  0%;  0%;  0%;2.12;3.22;4;  0%;  0%;  0%;99.8;0.16;0;0;0;0;0;0;0;99.8;0.16;0;0;0;0;0;0;0;0.144;93.7;0;6.2;0;0;0;0;0;0.0347;96;0;3.96;0;0;0;0;0;70.5;68.9;39.9;39.4;7.65 ;7.65 ;7.56 ;7.41 ;
2017-11-12;07:31:32.313;0.445;1.17;0.381;0.762;0.856;303;0.997;0.467;5.67e-06;0.00201;0.125;0.0738;1.51e+05;1.29e+05;2.12e+03;2.34;58.5;0.891;22.3;82.4;50;47.7;0;2.37;0;0;0;0;0;219;30.3;0.89;1.17;0.761;0.762;0.394;150;0.997;0.469;5.22e-06;0.00199; 48080;14;0;0.0247;0.0188;45;0.89;1.17;0.761;0.762;0.398;150;0.997;0.469;5.28e-06;0.00199; 35200;12;39;0.0208;0.0184;46;0.00128;1.19;0.00107;0.762;0.0305;2.67;0.989;0.0432;0.000281;0.0246; 22080;0;3;0.0549;0.0179;56;0.000385;1.02;0.000376;0.762;0.0335;0.238;0.859;0.181;0.00103;0.00729; 22400;0;0;0.0241;0.0187;54;23.7;5.42;1.84;  0%;  0%;  0%;5.1;1.15;22.5;  0%;  0%;  0%;5.77;6;1.74;  0%;  0%;  0%;1.94;3.24;4;  0%;  0%;  0%;99.8;0.159;0;0;0;0;0;0;0;99.8;0.159;0;0;0;0;0;0;0;0.141;93.7;0;6.11;0;0;0;0;0;0.0494;96.6;0;3.38;0;0;0;0;0;70.5;68.8;40;39.5;7.66 ;7.58 ;7.62 ;7.43 ;
2017-11-12;07:31:33.322;0.446;1.17;0.383;0.762;0.854;303;0.997;0.467;5.65e-06;0.00201;0.124;0.0735;1.51e+05;1.3e+05;2.12e+03;2.33;58.3;0.891;22.3;81.4;50.2;48.5;0;1.31;0;0;0;0;0;220;30.3;0.889;1.17;0.761;0.762;0.391;150;0.997;0.469;5.19e-06;0.00199; 47840;6;7;0.0244;0.0187;45;0.89;1.17;0.761;0.762;0.397;150;0.997;0.47;5.26e-06;0.00199; 35280;14;34;0.0207;0.0183;46;0.00321;0.383;0.00839;0.762;0.0328;2.66;0.988;0.0434;0.00012;0.00979; 22080;0;4;0.0546;0.0178;56;0.000112;0.456;0.000246;0.762;0.0328;0.14;0.766;0.16;0.00344;0.0147; 22320;1;0;0.0241;0.0187;54;23.5;5.38;1.71;  0%;  0%;  0%;5.08;1.05;22.3;  0%;  0%;  0%;5.74;5.94;1.72;  0%;  0%;  0%;1.77;3.21;3.93;  0%;  0%;  0%;99.8;0.159;0;0;0;0;0;0;0;99.8;0.16;0;0;0;0;0;0;0;1.1;97;0;1.91;0;0;0;0;0;0.0323;96.6;0;3.32;0;0;0;0;0;70.5;68.9;40.9;39.5;7.67 ;7.62 ;7.55 ;7.44 ;
2017-11-12;07:31:34.331;0.445;1.17;0.381;0.762;0.855;303;0.997;0.467;5.66e-06;0.00201;0.124;0.0735;1.51e+05;1.29e+05;2.12e+03;2.34;58.5;0.891;22.3;81.8;50;48.4;0;1.64;0;0;0;0;0;219;30.2;0.89;1.17;0.761;0.762;0.393;150;0.997;0.469;5.21e-06;0.00199; 48160;12;0;0.0247;0.0188;45;0.89;1.17;0.761;0.762;0.398;150;0.997;0.47;5.27e-06;0.00199; 35120;11;40;0.0208;0.0183;47;0.00128;1.2;0.00107;0.762;0.0318;2.67;0.988;0.0435;0.000292;0.0246; 22080;0;3;0.0546;0.0178;56;0.000116;0.469;0.000247;0.762;0.0324;0.142;0.772;0.165;0.00331;0.0145; 22400;0;2;0.024;0.0186;54;23.6;5.45;1.76;  0%;  0%;  0%;5.11;1.08;22.4;  0%;  0%;  0%;5.76;6.01;1.72;  0%;  0%;  0%;1.72;3.2;3.97;  0%;  0%;  0%;99.8;0.16;0;0;0;0;0;0;0;99.8;0.159;0;0;0;0;0;0;0;0.14;96.6;0;3.27;0;0;0;0;0;0.0324;96.7;0;3.27;0;0;0;0;0;70.4;68.8;40.4;39.4;7.67 ;7.64 ;7.49 ;7.42 ;
2017-11-12;07:31:35.341;0.445;1.17;0.381;0.762;0.857;303;0.997;0.467;5.68e-06;0.00201;0.125;0.074;1.51e+05;1.29e+05;2.12e+03;2.34;58.5;0.89;22.3;82.7;50;47.9;0;2.16;0;0;0;0;0;219;30.4;0.889;1.17;0.761;0.762;0.391;150;0.997;0.469;5.19e-06;0.00199; 48320;12;0;0.0246;0.0188;45;0.89;1.17;0.761;0.762;0.396;150;0.997;0.469;5.25e-06;0.00199; 35040;12;40;0.0209;0.0184;46;0.0013;1.13;0.00115;0.762;0.0357;2.72;0.987;0.0435;0.000324;0.0246; 22000;0;2;0.0549;0.018;56;0.000122;0.363;0.000335;0.762;0.0342;0.157;0.782;0.155;0.00332;0.0152; 22240;0;0;0.0244;0.0189;54;23.5;5.46;1.77;  0%;  0%;  0%;5.15;1.11;22.4;  0%;  0%;  0%;5.81;6.07;2.01;  0%;  0%;  0%;2.25;3.23;3.93;  0%;  0%;  0%;99.8;0.158;0;0;0;0;0;0;0;99.8;0.158;0;0;0;0;0;0;0;0.151;95.2;0;4.69;0;0;0;0;0;0.044;96;0;3.96;0;0;0;0;0;70.5;68.8;40.3;39.4;7.69 ;7.7 ;7.55 ;7.43 ;
2017-11-12;07:31:36.350;0.445;1.17;0.381;0.762;0.84;303;0.997;0.467;5.56e-06;0.00201;0.123;0.0729;1.51e+05;1.29e+05;2.12e+03;2.34;58.5;0.891;22.3;79.7;50;47.2;0;2.82;0;0;0;0;0;219;30.4;0.89;1.17;0.761;0.762;0.389;150;0.997;0.47;5.15e-06;0.00199; 48080;8;4;0.0241;0.0186;45;0.89;1.17;0.761;0.762;0.395;150;0.997;0.47;5.23e-06;0.00199; 34800;12;33;0.0205;0.0182;47;0.00128;1.2;0.00107;0.762;0.03;2.67;0.989;0.0431;0.000276;0.0245; 22160;0;3;0.0545;0.0177;55;0.000115;0.432;0.000266;0.762;0.027;0.134;0.798;0.166;0.00277;0.0138; 22480;0;2;0.0235;0.0184;54;23.5;5.42;1.45;  0%;  0%;  0%;5.08;0.89;22.3;  0%;  0%;  0%;5.76;5.99;1.48;  0%;  0%;  0%;1.34;2.95;3.59;  0%;  0%;  0%;99.8;0.16;0;0;0;0;0;0;0;99.8;0.159;0;0;0;0;0;0;0;0.141;91.8;0;8.09;0;0;0;0;0;0.0349;96.8;0;3.19;0;0;0;0;0;70.5;68.9;39.9;39.5;7.7 ;7.69 ;7.54 ;7.43 ;
2017-11-12;07:31:37.359;0.445;1.17;0.381;0.762;0.871;303;0.997;0.467;5.77e-06;0.00201;0.125;0.0746;1.51e+05;1.29e+05;2.12e+03;2.34;58.5;0.891;22.3;83.9;50;47.2;0.00185;2.83;0;0;0;0;0;219;30.3;0.889;1.17;0.761;0.762;0.395;150;0.997;0.469;5.24e-06;0.00199; 48240;11;1;0.0249;0.0191;46;0.89;1.17;0.761;0.762;0.4;150;0.997;0.469;5.31e-06;0.00199; 34240;13;41;0.0211;0.0186;47;0.00128;1.17;0.00109;0.762;0.0375;2.67;0.986;0.0429;0.000347;0.0247; 22080;0;4;0.055;0.018;55;0.00012;0.378;0.000319;0.762;0.0382;0.168;0.773;0.143;0.00374;0.0164; 22400;2;0;0.0244;0.0189;54;23.7;5.51;1.94;  0%;  0%;  0%;5.18;1.27;22.4;  0%;  0%;  0%;5.89;6.13;1.98;  0%;  0%;  0%;2.32;3.43;4.18;  0%;  0%;  0%;99.8;0.159;0;0;0;0;0;0;0;99.8;0.159;0;0;0;0;0;0;0;0.143;96.7;0;3.14;0;0;0;0;0;0.0419;91.8;0.0074;8.17;0;0;0;0;0;70.4;68.8;40.5;39.2;7.68 ;7.64 ;7.58 ;7.39 ;
2017-11-12;07:31:38.369;0.445;1.17;0.381;0.762;0.85;303;0.997;0.467;5.63e-06;0.00201;0.124;0.0737;1.51e+05;1.29e+05;2.12e+03;2.34;58.5;0.891;22.3;82;50;46.5;0.00318;3.58;0;0;0;0;0;219;30.1;0.89;1.17;0.761;0.762;0.39;150;0.997;0.469;5.18e-06;0.00199; 47920;9;0;0.0245;0.0187;45;0.89;1.17;0.761;0.762;0.396;150;0.997;0.469;5.25e-06;0.00199; 34480;10;38;0.0207;0.0183;46;0.00128;1.2;0.00107;0.762;0.0315;2.67;0.988;0.0433;0.000291;0.0246; 22080;0;4;0.0549;0.0179;56;0.000116;0.43;0.00027;0.762;0.0321;0.15;0.786;0.151;0.00326;0.0152; 22320;0;2;0.0242;0.0188;53;23.6;5.36;1.72;  0%;  0%;  0%;5.06;1.1;22.4;  0%;  0%;  0%;5.69;5.94;1.84;  0%;  0%;  0%;2.11;3.21;3.9;  0%;  0%;  0%;99.8;0.16;0;0;0;0;0;0;0;99.8;0.16;0;0;0;0;0;0;0;0.14;94.3;0;5.57;0;0;0;0;0;0.0354;91.2;0.0127;8.73;0;0;0;0;0;70.5;68.9;40;39.1;7.62 ;7.61 ;7.49 ;7.41 ;
2017-11-12;07:31:39.378;0.445;1.17;0.381;0.762;0.867;303;0.997;0.467;5.74e-06;0.00201;0.125;0.0741;1.51e+05;1.29e+05;2.12e+03;2.34;58.5;0.891;22.3;82.7;50;47.1;0.00314;2.89;0;0;0;0;0;219;30.1;0.89;1.17;0.761;0.762;0.393;150;0.997;0.469;5.21e-06;0.00199; 47360;10;0;0.0246;0.0188;45;0.89;1.17;0.761;0.762;0.397;150;0.997;0.47;5.27e-06;0.00199; 35040;15;37;0.0209;0.0184;47;0.0013;1.21;0.00107;0.762;0.0382;2.71;0.986;0.0437;0.000348;0.0247; 22000;0;3;0.0548;0.0179;56;0.000134;0.501;0.000268;0.762;0.0379;0.179;0.789;0.134;0.00334;0.0158; 22560;0;0;0.0244;0.0189;53;23.6;5.44;1.74;  0%;  0%;  0%;5.14;1.13;22.4;  0%;  0%;  0%;5.79;6;2.04;  0%;  0%;  0%;2.14;3.28;4.03;  0%;  0%;  0%;99.8;0.16;0;0;0;0;0;0;0;99.8;0.16;0;0;0;0;0;0;0;0.14;99.2;0;0.626;0;0;0;0;0;0.0351;89;0.0126;10.9;0;0;0;0;0;70.5;68.8;40.8;38.9;7.69 ;7.55 ;7.43 ;7.39 ;
2017-11-12;07:31:40.388;0.445;1.17;0.381;0.762;0.866;303;0.997;0.467;5.73e-06;0.00201;0.125;0.0741;1.51e+05;1.29e+05;2.12e+03;2.34;58.5;0.891;22.3;83.1;50;46.2;0.00275;3.85;0;0;0;0;0;218;30.1;0.89;1.17;0.761;0.762;0.396;150;0.997;0.469;5.25e-06;0.00199; 47520;11;0;0.0249;0.019;45;0.89;1.17;0.761;0.762;0.4;150;0.997;0.47;5.3e-06;0.00199; 35280;8;39;0.0209;0.0184;46;0.00128;1.19;0.00107;0.762;0.0353;2.67;0.987;0.0436;0.000325;0.0247; 22000;0;4;0.0549;0.018;56;0.000122;0.443;0.000276;0.762;0.0345;0.152;0.773;0.149;0.00332;0.0147; 22720;0;1;0.0242;0.0187;54;23.8;5.5;1.81;  0%;  0%;  0%;5.17;1.17;22.6;  0%;  0%;  0%;5.8;6.07;1.86;  0%;  0%;  0%;2.01;3.33;4.05;  0%;  0%;  0%;99.8;0.16;0;0;0;0;0;0;0;99.8;0.159;0;0;0;0;0;0;0;0.141;97.4;0;2.47;0;0;0;0;0;0.0362;87;0.011;12.9;0;0;0;0;0;70.5;68.9;40.5;38.4;7.66 ;7.65 ;7.42 ;7.4 ;
2017-11-12;07:31:41.397;0.445;1.17;0.381;0.762;0.864;303;0.997;0.467;5.72e-06;0.00201;0.125;0.0744;1.51e+05;1.29e+05;2.12e+03;2.34;58.5;0.89;22.3;83.4;50;47.3;0.00239;2.7;0;0;0;0;0;219;30.2;0.889;1.17;0.761;0.762;0.393;150;0.997;0.469;5.22e-06;0.00199; 47280;12;3;0.0248;0.019;45;0.89;1.17;0.761;0.762;0.398;150;0.997;0.47;5.27e-06;0.00199; 35360;13;39;0.021;0.0185;46;0.00128;1.1;0.00117;0.762;0.0375;2.67;0.986;0.0433;0.000346;0.0247; 22000;0;2;0.055;0.018;55;0.000118;0.355;0.000334;0.762;0.0352;0.159;0.778;0.144;0.00351;0.0158; 22480;0;2;0.0243;0.0189;53;23.6;5.51;1.83;  0%;  0%;  0%;5.18;1.21;22.4;  0%;  0%;  0%;5.91;6.19;1.92;  0%;  0%;  0%;2.39;3.32;3.97;  0%;  0%;  0%;99.8;0.158;0;0;0;0;0;0;0;99.8;0.158;0;0;0;0;0;0;0;0.153;99.8;0;0;0;0;0;0;0;0.0438;89.2;0.00956;10.8;0;0;0;0;0;70.5;68.8;40.8;38.7;7.67 ;7.66 ;7.51 ;7.38 ;
2017-11-12;07:31:42.396;0.445;1.17;0.381;0.762;0.85;300;0.997;0.467;5.69e-06;0.00201;0.123;0.0732;1.5e+05;1.28e+05;2.1e+03;2.34;58.5;0.891;22.3;81.7;50;48;0.000949;2.08;0;0;0;0;0;217;29.9;0.89;1.17;0.761;0.762;0.388;149;0.997;0.469;5.19e-06;0.00199; 47360;7;1;0.0243;0.0186;45;0.89;1.17;0.761;0.762;0.394;149;0.997;0.469;5.27e-06;0.00199; 35280;11;36;0.0207;0.0182;46;0.00128;1.19;0.00107;0.762;0.034;2.65;0.987;0.0436;0.000316;0.0246; 22080;0;3;0.0543;0.0178;56;0.000393;0.964;0.000408;0.762;0.0349;0.231;0.849;0.18;0.00106;0.00699; 22800;3;0;0.0239;0.0185;54;23.3;5.34;1.75;  0%;  0%;  0%;5.06;1.15;22.1;  0%;  0%;  0%;5.68;5.89;1.86;  0%;  0%;  0%;2.12;3.35;3.98;  0%;  0%;  0%;99.8;0.16;0;0;0;0;0;0;0;99.8;0.16;0;0;0;0;0;0;0;0.141;99.9;0;0;0;0;0;0;0;0.0535;91.6;0.0038;8.32;0;0;0;0;0;69.8;68.2;40.4;38.8;7.59 ;7.54 ;7.44 ;7.35 ;
2017-11-12;07:31:43.406;0.446;1.17;0.383;0.762;0.861;303;0.997;0.467;5.69e-06;0.00201;0.125;0.074;1.51e+05;1.3e+05;2.12e+03;2.33;58.3;0.892;22.3;82.5;50.2;47.5;0.000271;2.31;0;0;0;0;0;220;30.4;0.89;1.17;0.761;0.762;0.392;150;0.997;0.469;5.19e-06;0.00199; 47360;11;2;0.0246;0.0189;45;0.89;1.17;0.761;0.762;0.397;150;0.997;0.469;5.26e-06;0.00199; 35360;11;39;0.0209;0.0184;46;0.00129;1.16;0.00112;0.762;0.0371;2.71;0.986;0.044;0.000338;0.0247; 22000;0;3;0.0549;0.0179;55;0.00208;0.271;0.00765;0.762;0.0352;0.171;0.795;0.141;0.0002;0.000973; 22640;0;1;0.0242;0.0188;53;23.6;5.48;1.68;  0%;  0%;  0%;5.17;1.08;22.4;  0%;  0%;  0%;5.89;6.11;1.97;  0%;  0%;  0%;2.05;3.18;3.86;  0%;  0%;  0%;99.8;0.16;0;0;0;0;0;0;0;99.8;0.159;0;0;0;0;0;0;0;0.147;97;0;2.87;0;0;0;0;0;1;92.6;0.00109;6.39;0;0;0;0;0;70.5;68.8;40.5;39.6;7.64 ;7.63 ;7.63 ;7.45 ;
2017-11-12;07:31:44.415;0.445;1.17;0.381;0.762;0.869;303;0.997;0.467;5.76e-06;0.00201;0.125;0.0742;1.51e+05;1.29e+05;2.12e+03;2.34;58.5;0.891;22.3;83.1;50;48;0.000391;2.07;0;0;0;0;0;219;30.3;0.889;1.17;0.761;0.762;0.395;150;0.997;0.469;5.24e-06;0.00199; 47680;9;2;0.0248;0.019;45;0.89;1.17;0.761;0.762;0.4;150;0.997;0.469;5.31e-06;0.00199; 35040;9;41;0.021;0.0185;46;0.00129;1.13;0.00114;0.762;0.0386;2.69;0.986;0.0435;0.000353;0.0246; 22240;0;5;0.055;0.018;56;0.000115;0.366;0.000316;0.762;0.0354;0.148;0.76;0.154;0.00362;0.0151; 22720;0;2;0.0241;0.0187;53;23.7;5.5;1.78;  0%;  0%;  0%;5.19;1.18;22.5;  0%;  0%;  0%;5.87;6.09;1.89;  0%;  0%;  0%;2.08;3.33;4.04;  0%;  0%;  0%;99.8;0.158;0;0;0;0;0;0;0;99.8;0.159;0;0;0;0;0;0;0;0.15;97.3;0;2.57;0;0;0;0;0;0.0415;94.3;0.00156;5.7;0;0;0;0;0;70.5;68.8;40.5;39.5;7.7 ;7.62 ;7.52 ;7.41 ;
2017-11-12;07:31:45.424;0.445;1.17;0.381;0.762;0.868;303;0.997;0.467;5.75e-06;0.00201;0.125;0.0747;1.51e+05;1.29e+05;2.12e+03;2.34;58.5;0.891;22.3;84;50;48.6;0.000473;1.41;0;0;0;0;0;220;30.2;0.889;1.17;0.761;0.762;0.4;150;0.997;0.469;5.3e-06;0.00199; 47600;9;0;0.0249;0.019;45;0.89;1.17;0.761;0.762;0.398;150;0.997;0.47;5.27e-06;0.00199; 35120;14;39;0.0211;0.0186;46;0.00128;1.2;0.00107;0.762;0.0354;2.68;0.987;0.0428;0.000326;0.0247; 22000;0;4;0.0551;0.0181;55;0.000124;0.478;0.000259;0.762;0.0349;0.158;0.779;0.151;0.00333;0.015; 22560;1;1;0.0245;0.019;54;23.7;5.59;1.91;  0%;  0%;  0%;5.17;1.17;22.6;  0%;  0%;  0%;5.84;6.22;2;  0%;  0%;  0%;2.33;3.32;4.14;  0%;  0%;  0%;99.8;0.159;0;0;0;0;0;0;0;99.8;0.16;0;0;0;0;0;0;0;0.141;97;0;2.83;0;0;0;0;0;0.0339;97.1;0.00189;2.82;0;0;0;0;0;70.5;68.9;40.5;39.5;7.69 ;7.64 ;7.47 ;7.42 ;
2017-11-12;07:31:46.434;0.446;1.16;0.385;0.762;0.866;303;0.997;0.467;5.72e-06;0.002;0.125;0.0741;1.51e+05;1.3e+05;2.12e+03;2.32;58;0.893;22.3;83;50.5;47.4;0.000417;2.07;0;0;0;0;0;220;30.2;0.89;1.17;0.761;0.762;0.394;150;0.997;0.469;5.22e-06;0.00199; 47760;11;0;0.0248;0.019;45;0.89;1.17;0.761;0.762;0.398;150;0.997;0.469;5.27e-06;0.00199; 34880;11;40;0.0211;0.0185;46;0.00128;1.24;0.00103;0.762;0.037;2.68;0.986;0.0427;0.000341;0.0247; 22080;0;3;0.0549;0.018;55;0.00437;0.267;0.0164;0.762;0.0375;0.179;0.791;0.152;0.000101;0.000483; 22560;1;1;0.0241;0.0187;54;23.6;5.54;1.77;  0%;  0%;  0%;5.19;1.15;22.4;  0%;  0%;  0%;5.86;6.16;1.98;  0%;  0%;  0%;2.05;3.3;3.99;  0%;  0%;  0%;99.8;0.16;0;0;0;0;0;0;0;99.8;0.16;0;0;0;0;0;0;0;0.136;94.4;0;5.51;0;0;0;0;0;2.15;95.1;0.00167;2.77;0;0;0;0;0;70.5;68.8;40;40.4;7.62 ;7.63 ;7.55 ;7.4 ;
2017-11-12;07:31:47.443;0.445;1.17;0.381;0.762;0.884;303;0.997;0.467;5.85e-06;0.00201;0.126;0.0749;1.51e+05;1.29e+05;2.12e+03;2.34;58.5;0.891;22.3;84.9;50;48;0.000355;1.99;0;0;0;0;0;219;30.3;0.889;1.17;0.761;0.762;0.396;150;0.997;0.469;5.25e-06;0.00199; 47440;9;0;0.0252;0.0192;45;0.89;1.17;0.761;0.762;0.402;150;0.997;0.469;5.33e-06;0.00199; 35440;13;36;0.0212;0.0187;46;0.00131;1.19;0.00111;0.762;0.0441;2.74;0.984;0.044;0.000397;0.0247; 22080;0;3;0.0551;0.0181;56;0.000153;0.516;0.000296;0.762;0.0418;0.222;0.812;0.146;0.00323;0.0172; 22640;0;0;0.0245;0.0189;53;23.8;5.61;1.94;  0%;  0%;  0%;5.26;1.28;22.5;  0%;  0%;  0%;5.97;6.25;2.24;  0%;  0%;  0%;2.49;3.41;4.12;  0%;  0%;  0%;99.8;0.159;0;0;0;0;0;0;0;99.8;0.16;0;0;0;0;0;0;0;0.145;95.9;0;3.98;0;0;0;0;0;0.0388;96;0.00142;3.97;0;0;0;0;0;70.5;68.9;40.4;39.4;7.69 ;7.69 ;7.51 ;7.43 ;
2017-11-12;07:31:48.452;0.445;1.17;0.381;0.762;0.856;303;0.997;0.467;5.67e-06;0.00201;0.125;0.0739;1.51e+05;1.29e+05;2.12e+03;2.34;58.5;0.891;22.3;82.6;50;48.1;0.00137;1.95;0;0;0;0;0;219;30.1;0.89;1.17;0.761;0.762;0.39;150;0.997;0.469;5.17e-06;0.00199; 47280;10;3;0.0248;0.0189;45;0.89;1.17;0.761;0.762;0.398;150;0.997;0.469;5.28e-06;0.00199; 35040;12;42;0.0209;0.0184;46;0.00128;1.17;0.00109;0.762;0.0345;2.68;0.987;0.043;0.000317;0.0247; 22160;0;4;0.0548;0.0179;56;0.000143;0.448;0.000319;0.762;0.0335;0.198;0.831;0.153;0.00276;0.0163; 23120;0;1;0.0242;0.0187;53;23.7;5.46;1.71;  0%;  0%;  0%;5.17;1.11;22.5;  0%;  0%;  0%;5.88;6.06;1.88;  0%;  0%;  0%;2.15;3.23;3.74;  0%;  0%;  0%;99.8;0.159;0;0;0;0;0;0;0;99.8;0.159;0;0;0;0;0;0;0;0.143;97.2;0;2.65;0;0;0;0;0;0.0419;94.8;0.00547;5.16;0;0;0;0;0;70.5;68.8;40.6;39.5;7.68 ;7.59 ;7.45 ;7.35 ;
2017-11-12;07:31:49.461;0.445;1.17;0.381;0.762;0.865;303;0.997;0.467;5.73e-06;0.00201;0.125;0.0742;1.51e+05;1.29e+05;2.12e+03;2.34;58.5;0.89;22.3;83;50;48.1;0.00213;1.92;0;0;0;0;0;219;30.2;0.889;1.17;0.761;0.762;0.392;150;0.997;0.47;5.2e-06;0.00199; 47440;12;0;0.0248;0.019;45;0.89;1.17;0.761;0.762;0.399;150;0.997;0.469;5.29e-06;0.00199; 34640;13;32;0.021;0.0185;46;0.00128;1.1;0.00116;0.762;0.0375;2.68;0.986;0.0433;0.000346;0.0247; 22000;0;3;0.0549;0.0179;56;0.000156;0.39;0.000398;0.762;0.0362;0.222;0.837;0.148;0.00275;0.0169; 22960;0;0;0.0241;0.0187;53;23.7;5.5;1.66;  0%;  0%;  0%;5.21;1.15;22.4;  0%;  0%;  0%;5.96;6.18;1.98;  0%;  0%;  0%;2.14;3.28;3.8;  0%;  0%;  0%;99.8;0.158;0;0;0;0;0;0;0;99.8;0.159;0;0;0;0;0;0;0;0.153;97.3;0;2.59;0;0;0;0;0;0.0523;94.8;0.00853;5.1;0;0;0;0;0;70.5;68.8;40.5;39.5;7.69 ;7.64 ;7.49 ;7.43 ;
2017-11-12;07:31:50.471;0.445;1.17;0.381;0.762;0.867;303;0.997;0.467;5.74e-06;0.00201;0.125;0.0741;1.51e+05;1.29e+05;2.12e+03;2.34;58.5;0.891;22.3;83;50;48.8;0.000215;1.27;0;0;0;0;0;219;30.3;0.889;1.17;0.761;0.762;0.392;150;0.997;0.469;5.19e-06;0.00199; 47440;8;4;0.0248;0.019;45;0.89;1.17;0.761;0.762;0.401;150;0.997;0.47;5.31e-06;0.00199; 35040;13;40;0.0209;0.0185;46;0.00129;1.1;0.00117;0.762;0.0399;2.69;0.985;0.0432;0.000365;0.0247; 22080;0;4;0.0549;0.0179;56;0.000154;0.381;0.000404;0.762;0.0346;0.215;0.839;0.151;0.00265;0.0165; 23120;0;1;0.0242;0.0187;53;23.7;5.5;1.65;  0%;  0%;  0%;5.24;1.13;22.5;  0%;  0%;  0%;5.97;6.15;2;  0%;  0%;  0%;2.18;3.23;3.78;  0%;  0%;  0%;99.8;0.16;0;0;0;0;0;0;0;99.8;0.16;0;0;0;0;0;0;0;0.154;97.4;0;2.47;0;0;0;0;0;0.0531;97.4;0.000859;2.59;0;0;0;0;0;70.6;68.9;40.4;39.5;7.69 ;7.67 ;7.5 ;7.41 ;
2017-11-12;07:31:51.480;0.445;1.17;0.381;0.762;0.874;303;0.997;0.467;5.79e-06;0.00201;0.126;0.0749;1.51e+05;1.29e+05;2.12e+03;2.34;58.5;0.89;22.3;85.1;50;46.6;0.00308;3.45;0;0;0;0;0;219;30.2;0.889;1.17;0.761;0.762;0.394;150;0.997;0.469;5.22e-06;0.00199; 47600;10;0;0.0251;0.0191;45;0.89;1.17;0.761;0.762;0.4;150;0.997;0.469;5.3e-06;0.00199; 35200;13;36;0.0211;0.0185;46;0.0013;1.17;0.00111;0.762;0.0399;2.71;0.985;0.0436;0.000363;0.0247; 22000;0;5;0.0551;0.0181;56;0.000162;0.479;0.000338;0.762;0.0402;0.215;0.813;0.16;0.00293;0.0157; 23040;1;0;0.0251;0.0192;53;23.8;5.48;1.86;  0%;  0%;  0%;5.18;1.31;22.6;  0%;  0%;  0%;5.87;6.12;2.57;  0%;  0%;  0%;2.88;3.45;4.08;  0%;  0%;  0%;99.8;0.16;0;0;0;0;0;0;0;99.8;0.159;0;0;0;0;0;0;0;0.145;95.9;0;3.92;0;0;0;0;0;0.0444;90.1;0.0123;9.89;0;0;0;0;0;70.5;68.8;40.5;38.8;7.68 ;7.63 ;7.43 ;7.42 ;
2017-11-12;07:31:52.490;0.445;1.17;0.381;0.762;0.868;304;0.997;0.467;5.74e-06;0.00201;0.125;0.074;1.51e+05;1.29e+05;2.12e+03;2.34;58.5;0.891;22.3;83;50;43.8;0.00316;6.26;0;0;0;0;0;217;30.2;0.89;1.17;0.761;0.762;0.39;150;0.997;0.469;5.17e-06;0.00199; 47520;8;3;0.0248;0.019;45;0.89;1.17;0.761;0.762;0.399;150;0.997;0.469;5.29e-06;0.00199; 34960;11;37;0.0209;0.0184;46;0.00129;1.12;0.00116;0.762;0.0385;2.69;0.986;0.0433;0.000351;0.0245; 22080;0;4;0.0548;0.0179;55;0.000466;0.859;0.000542;0.762;0.0401;0.362;0.889;0.161;0.00102;0.00917; 23200;1;0;0.0244;0.0187;54;23.7;5.44;1.73;  0%;  0%;  0%;5.12;1.2;22.5;  0%;  0%;  0%;5.8;6.05;2.07;  0%;  0%;  0%;2.17;3.32;3.9;  0%;  0%;  0%;99.8;0.158;0;0;0;0;0;0;0;99.8;0.159;0;0;0;0;0;0;0;0.152;94.8;0;5.06;0;0;0;0;0;0.0711;79.9;0.0127;20;0;0;0;0;0;70.6;68.9;40.1;38;7.69 ;7.67 ;7.53 ;7.36 ;
2017-11-12;07:31:53.499;0.445;1.17;0.381;0.762;0.87;303;0.997;0.467;5.76e-06;0.00201;0.125;0.0742;1.51e+05;1.29e+05;2.12e+03;2.34;58.5;0.89;22.3;82.8;50;41.9;0;8.15;0;0;0;0;0;217;30.2;0.889;1.17;0.761;0.762;0.394;150;0.997;0.469;5.22e-06;0.00199; 46960;10;0;0.0249;0.019;45;0.89;1.17;0.761;0.762;0.399;150;0.997;0.469;5.28e-06;0.00199; 34960;11;42;0.021;0.0185;46;0.00129;1.11;0.00116;0.762;0.0389;2.69;0.986;0.0424;0.000357;0.0247; 22000;0;2;0.0547;0.0179;56;0.000174;0.401;0.000434;0.762;0.0388;0.248;0.843;0.149;0.00263;0.0168; 23040;0;0;0.0242;0.0187;53;23.6;5.33;1.72;  0%;  0%;  0%;5.09;1.23;22.4;  0%;  0%;  0%;5.79;5.98;1.96;  0%;  0%;  0%;2.38;3.36;3.89;  0%;  0%;  0%;99.8;0.161;0;0;0;0;0;0;0;99.8;0.159;0;0;0;0;0;0;0;0.152;79.7;0;20.2;0;0;0;0;0;0.0569;87.5;0;12.4;0;0;0;0;0;70.6;68.9;38.6;38.8;7.71 ;7.61 ;7.51 ;7.4 ;
2017-11-12;07:31:54.509;0.445;1.17;0.381;0.762;0.86;303;0.997;0.468;5.69e-06;0.00201;0.125;0.0741;1.51e+05;1.29e+05;2.12e+03;2.34;58.5;0.89;22.3;83;50;39.9;0.00133;10.1;0;0;0;0;0;216;30.2;0.889;1.17;0.761;0.762;0.389;150;0.997;0.47;5.16e-06;0.00199; 47120;9;2;0.0249;0.019;45;0.89;1.17;0.761;0.762;0.398;150;0.997;0.47;5.27e-06;0.00199; 34800;12;37;0.0209;0.0184;46;0.00127;1.14;0.00112;0.762;0.0349;2.67;0.987;0.0426;0.000322;0.0247; 22000;0;3;0.0548;0.0179;55;0.000157;0.423;0.000371;0.762;0.0379;0.21;0.82;0.157;0.00284;0.0158; 23200;1;1;0.0242;0.0187;53;23.6;5.38;1.73;  0%;  0%;  0%;5.12;1.23;22.5;  0%;  0%;  0%;5.79;5.98;2.09;  0%;  0%;  0%;2.37;3.38;3.89;  0%;  0%;  0%;99.8;0.159;0;0;0;0;0;0;0;99.8;0.16;0;0;0;0;0;0;0;0.146;83.9;0;15.9;0;0;0;0;0;0.0487;75.4;0.00532;24.5;0;0;0;0;0;70.5;68.8;39.1;37.6;7.66 ;7.62 ;7.54 ;7.42 ;
2017-11-12;07:31:55.519;0.445;1.17;0.381;0.762;0.868;303;0.997;0.467;5.75e-06;0.00201;0.125;0.0742;1.51e+05;1.29e+05;2.12e+03;2.34;58.5;0.891;22.3;82.9;50;38.1;0.00233;11.9;0;0;0;0;0;215;30.4;0.89;1.17;0.761;0.762;0.391;150;0.997;0.47;5.18e-06;0.00199; 47040;8;5;0.0248;0.019;45;0.89;1.17;0.761;0.762;0.399;150;0.997;0.47;5.28e-06;0.00199; 34960;13;40;0.021;0.0185;46;0.0013;1.18;0.00111;0.762;0.0414;2.73;0.985;0.0433;0.000374;0.0247; 22080;0;2;0.0549;0.0179;56;0.000167;0.461;0.000362;0.762;0.0373;0.236;0.842;0.137;0.00263;0.0166; 23040;1;0;0.0243;0.0188;53;23.6;5.46;1.59;  0%;  0%;  0%;5.2;1.14;22.4;  0%;  0%;  0%;5.93;6.1;2.14;  0%;  0%;  0%;2.28;3.25;3.76;  0%;  0%;  0%;99.8;0.159;0;0;0;0;0;0;0;99.8;0.16;0;0;0;0;0;0;0;0.146;77;0;22.9;0;0;0;0;0;0.0476;75.3;0.00933;24.7;0;0;0;0;0;70.6;68.9;38.2;37.5;7.7 ;7.68 ;7.53 ;7.47 ;
2017-11-12;07:31:56.529;0.445;1.17;0.381;0.762;0.865;304;0.997;0.467;5.73e-06;0.00201;0.125;0.0743;1.51e+05;1.29e+05;2.12e+03;2.34;58.5;0.891;22.3;83.4;50;37.4;0.00318;12.6;0;0;0;0;0;215;30.4;0.89;1.17;0.761;0.762;0.391;150;0.997;0.469;5.19e-06;0.00199; 47200;11;1;0.025;0.0191;45;0.89;1.17;0.761;0.762;0.4;150;0.997;0.469;5.3e-06;0.00199; 34560;15;35;0.021;0.0185;46;0.00128;1.17;0.00109;0.762;0.0358;2.68;0.987;0.0424;0.00033;0.0247; 22080;0;2;0.0549;0.018;55;0.000155;0.426;0.000364;0.762;0.0382;0.208;0.816;0.148;0.0029;0.0158; 23200;0;0;0.0244;0.0188;54;23.7;5.4;1.74;  0%;  0%;  0%;5.11;1.25;22.5;  0%;  0%;  0%;5.78;6;2.16;  0%;  0%;  0%;2.43;3.4;3.91;  0%;  0%;  0%;99.8;0.159;0;0;0;0;0;0;0;99.8;0.16;0;0;0;0;0;0;0;0.143;78.3;0;21.6;0;0;0;0;0;0.0478;70.9;0.0127;29;0;0;0;0;0;70.6;68.9;38.6;37;7.68 ;7.71 ;7.57 ;7.43 ;
2017-11-12;07:31:57.538;0.445;1.17;0.381;0.762;0.866;303;0.997;0.467;5.73e-06;0.00201;0.125;0.0742;1.51e+05;1.29e+05;2.12e+03;2.34;58.5;0.89;22.3;82.8;50;41.6;0.00422;8.42;0;0;0;0;0;217;30.2;0.889;1.17;0.761;0.762;0.39;150;0.997;0.47;5.17e-06;0.00199; 47280;9;0;0.0248;0.019;45;0.89;1.17;0.761;0.762;0.398;150;0.997;0.469;5.27e-06;0.00199; 35200;12;35;0.0209;0.0185;46;0.00128;1.14;0.00112;0.762;0.0377;2.68;0.986;0.0424;0.000348;0.0247; 22080;0;0;0.0548;0.018;56;0.00016;0.431;0.000371;0.762;0.0407;0.213;0.808;0.152;0.00301;0.0157; 23200;0;1;0.0242;0.0187;54;23.6;5.35;1.69;  0%;  0%;  0%;5.1;1.22;22.4;  0%;  0%;  0%;5.76;5.98;2.13;  0%;  0%;  0%;2.32;3.4;3.88;  0%;  0%;  0%;99.8;0.158;0;0;0;0;0;0;0;99.8;0.159;0;0;0;0;0;0;0;0.148;90.1;0;9.74;0;0;0;0;0;0.0487;76;0.0169;23.9;0;0;0;0;0;70.6;68.9;39.4;37.7;7.7 ;7.67 ;7.49 ;7.39 ;
2017-11-12;07:31:58.548;0.445;1.17;0.381;0.762;0.851;303;0.997;0.467;5.63e-06;0.00201;0.124;0.0736;1.51e+05;1.29e+05;2.12e+03;2.34;58.5;0.891;22.3;81.5;50;42.1;0.00365;7.93;0;0;0;0;0;217;30.3;0.89;1.17;0.761;0.762;0.388;150;0.997;0.469;5.15e-06;0.00199; 47520;9;3;0.0244;0.0188;45;0.89;1.17;0.761;0.762;0.397;150;0.997;0.47;5.26e-06;0.00199; 35040;14;35;0.0207;0.0183;46;0.00129;1.11;0.00116;0.762;0.0341;2.69;0.987;0.0428;0.000313;0.0246; 22080;0;1;0.0548;0.0179;56;0.000145;0.376;0.000386;0.762;0.0313;0.187;0.832;0.156;0.00255;0.0152; 23440;0;0;0.024;0.0186;53;23.6;5.36;1.47;  0%;  0%;  0%;5.11;1.03;22.4;  0%;  0%;  0%;5.81;6;1.87;  0%;  0%;  0%;2.14;3.14;3.64;  0%;  0%;  0%;99.8;0.159;0;0;0;0;0;0;0;99.8;0.159;0;0;0;0;0;0;0;0.152;90.5;0;9.36;0;0;0;0;0;0.0507;77.6;0.0146;22.3;0;0;0;0;0;70.6;68.9;39.5;37.6;7.71 ;7.7 ;7.46 ;7.4 ;
2017-11-12;07:31:59.558;0.445;1.17;0.381;0.762;0.873;304;0.997;0.467;5.78e-06;0.00201;0.126;0.0748;1.51e+05;1.29e+05;2.12e+03;2.34;58.5;0.89;22.3;84;50;40.7;0.00929;9.34;0;0;0;0;0;216;30.2;0.889;1.17;0.761;0.762;0.391;150;0.997;0.469;5.18e-06;0.00199; 47280;10;0;0.0251;0.0192;45;0.89;1.17;0.761;0.762;0.398;150;0.997;0.47;5.27e-06;0.00199; 35040;10;46;0.0211;0.0185;45;0.0013;1.09;0.00119;0.762;0.0408;2.71;0.985;0.0434;0.000371;0.0247; 22080;0;2;0.055;0.0181;56;0.000172;0.392;0.00044;0.762;0.0433;0.246;0.824;0.138;0.00296;0.0168; 23280;0;1;0.0246;0.019;54;23.6;5.43;1.77;  0%;  0%;  0%;5.16;1.29;22.4;  0%;  0%;  0%;5.84;6.05;2.41;  0%;  0%;  0%;2.58;3.43;3.94;  0%;  0%;  0%;99.8;0.159;0;0;0;0;0;0;0;99.8;0.16;0;0;0;0;0;0;0;0.156;84.9;0;15;0;0;0;0;0;0.0577;77.5;0.0371;22.4;0;0;0;0;0;70.6;68.9;39;37.7;7.69 ;7.67 ;7.47 ;7.42 ;
2017-11-12;07:32:00.567;0.445;1.17;0.381;0.762;0.866;303;0.997;0.467;5.73e-06;0.00201;0.125;0.074;1.51e+05;1.29e+05;2.12e+03;2.34;58.5;0.891;22.3;82.8;50;39.4;0.00273;10.6;0;0;0;0;0;216;30.2;0.89;1.17;0.761;0.762;0.392;150;0.997;0.47;5.19e-06;0.00199; 47040;9;3;0.0247;0.0189;45;0.89;1.17;0.761;0.762;0.4;150;0.997;0.469;5.3e-06;0.00199; 34480;11;35;0.021;0.0185;46;0.0013;1.17;0.00111;0.762;0.0385;2.7;0.986;0.0425;0.00035;0.0246; 22080;0;1;0.055;0.018;55;0.000145;0.421;0.000346;0.762;0.0347;0.185;0.813;0.156;0.00282;0.015; 23280;1;2;0.0241;0.0186;54;23.7;5.43;1.64;  0%;  0%;  0%;5.17;1.22;22.5;  0%;  0%;  0%;5.85;6.04;1.89;  0%;  0%;  0%;2.24;3.35;3.74;  0%;  0%;  0%;99.8;0.16;0;0;0;0;0;0;0;99.8;0.159;0;0;0;0;0;0;0;0.145;77.3;0;22.6;0;0;0;0;0;0.0454;80;0.0109;19.9;0;0;0;0;0;70.5;68.9;38.5;38;7.65 ;7.63 ;7.53 ;7.4 ;
2017-11-12;07:32:01.577;0.445;1.17;0.381;0.762;0.856;303;0.997;0.467;5.67e-06;0.00201;0.125;0.0741;1.51e+05;1.29e+05;2.12e+03;2.34;58.5;0.891;22.3;82.5;50;41.4;0.00178;8.59;0;0;0;0;0;217;30.2;0.89;1.17;0.761;0.762;0.387;150;0.997;0.469;5.13e-06;0.00199; 47040;10;0;0.0247;0.0189;45;0.89;1.17;0.761;0.762;0.397;150;0.997;0.47;5.26e-06;0.00199; 34480;10;38;0.0209;0.0185;46;0.00128;1.17;0.00109;0.762;0.0369;2.69;0.986;0.0424;0.00034;0.0247; 22080;0;0;0.0548;0.018;55;0.000148;0.442;0.000335;0.762;0.0353;0.189;0.813;0.165;0.00281;0.0151; 23040;0;0;0.0242;0.0187;54;23.6;5.4;1.61;  0%;  0%;  0%;5.15;1.16;22.3;  0%;  0%;  0%;5.87;6.07;2.03;  0%;  0%;  0%;2.36;3.27;3.67;  0%;  0%;  0%;99.8;0.16;0;0;0;0;0;0;0;99.8;0.159;0;0;0;0;0;0;0;0.144;82.9;0;17;0;0;0;0;0;0.0439;82.6;0.00713;17.4;0;0;0;0;0;70.6;68.9;39.1;38.2;7.69 ;7.65 ;7.47 ;7.43 ;
2017-11-12;07:32:02.587;0.445;1.17;0.381;0.762;0.865;304;0.997;0.467;5.72e-06;0.00201;0.125;0.074;1.51e+05;1.29e+05;2.12e+03;2.34;58.5;0.891;22.3;82.5;50;40.4;0.00259;9.63;0;0;0;0;0;216;30.4;0.889;1.17;0.761;0.762;0.39;150;0.997;0.469;5.17e-06;0.00199; 47200;6;4;0.0249;0.019;45;0.89;1.17;0.761;0.762;0.399;150;0.997;0.47;5.28e-06;0.00199; 34880;13;35;0.021;0.0185;46;0.00128;1.1;0.00117;0.762;0.0385;2.69;0.986;0.0427;0.000353;0.0247; 22000;0;1;0.0547;0.0179;55;0.000422;0.776;0.000544;0.762;0.0378;0.271;0.861;0.186;0.00106;0.00759; 23360;0;0;0.024;0.0186;54;23.6;5.41;1.64;  0%;  0%;  0%;5.14;1.16;22.4;  0%;  0%;  0%;5.83;6.01;2.07;  0%;  0%;  0%;2.22;3.31;3.79;  0%;  0%;  0%;99.8;0.159;0;0;0;0;0;0;0;99.8;0.158;0;0;0;0;0;0;0;0.154;82.3;0;17.5;0;0;0;0;0;0.0714;78.9;0.0104;21;0;0;0;0;0;70.6;68.9;38.7;37.7;7.73 ;7.69 ;7.53 ;7.44 ;
2017-11-12;07:32:03.597;0.445;1.17;0.381;0.762;0.894;304;0.997;0.467;5.92e-06;0.00201;0.127;0.0757;1.51e+05;1.29e+05;2.12e+03;2.34;58.5;0.89;22.3;86.8;50;40.8;0.00439;9.25;0;0;0;0;0;216;30.4;0.889;1.17;0.761;0.762;0.397;150;0.997;0.469;5.26e-06;0.00199; 47280;13;0;0.026;0.0196;45;0.89;1.17;0.761;0.762;0.404;150;0.997;0.469;5.35e-06;0.00199; 34800;10;37;0.0217;0.0189;46;0.0013;1.16;0.00112;0.762;0.0444;2.73;0.984;0.0436;0.000403;0.0248; 22080;0;3;0.0552;0.0182;56;0.000169;0.437;0.000386;0.762;0.0488;0.22;0.778;0.155;0.00341;0.0153; 23200;0;2;0.0247;0.019;53;23.9;5.58;2.08;  0%;  0%;  0%;5.27;1.52;22.7;  0%;  0%;  0%;5.94;6.18;2.57;  0%;  0%;  0%;2.92;3.8;4.37;  0%;  0%;  0%;99.8;0.159;0;0;0;0;0;0;0;99.8;0.159;0;0;0;0;0;0;0;0.147;91.2;0;8.67;0;0;0;0;0;0.0507;71.6;0.0175;28.3;0;0;0;0;0;70.6;68.9;39.7;37.1;7.68 ;7.68 ;7.56 ;7.44 ;
2017-11-12;07:32:04.607;0.445;1.17;0.381;0.762;0.851;304;0.997;0.467;5.63e-06;0.00201;0.124;0.0734;1.51e+05;1.29e+05;2.12e+03;2.34;58.5;0.891;22.3;80.9;50;36;0.00587;14.1;0;0;0;0;0;215;30.3;0.89;1.17;0.761;0.762;0.386;150;0.997;0.469;5.12e-06;0.00199; 47280;9;2;0.0244;0.0187;45;0.89;1.17;0.761;0.762;0.397;150;0.997;0.469;5.25e-06;0.00199; 34960;12;38;0.0207;0.0183;46;0.00128;1.2;0.00107;0.762;0.0346;2.68;0.987;0.0425;0.000318;0.0246; 22000;0;0;0.0548;0.0179;56;0.00016;0.449;0.000357;0.762;0.0331;0.201;0.836;0.151;0.00243;0.0148; 23280;2;0;0.0238;0.0185;53;23.6;5.33;1.36;  0%;  0%;  0%;5.08;1.02;22.4;  0%;  0%;  0%;5.73;5.89;1.9;  0%;  0%;  0%;1.97;3.13;3.48;  0%;  0%;  0%;99.8;0.16;0;0;0;0;0;0;0;99.8;0.16;0;0;0;0;0;0;0;0.141;76.2;0.000964;23.7;0;0;0;0;0;0.0468;67.3;0.0225;32.6;0;0;0;0;0;70.6;68.9;38.4;36.7;7.71 ;7.61 ;7.61 ;7.33 ;
2017-11-12;07:32:05.617;0.445;1.17;0.381;0.762;0.85;304;0.997;0.467;5.63e-06;0.00201;0.124;0.0738;1.51e+05;1.29e+05;2.12e+03;2.34;58.5;0.891;22.3;81.7;50;36.5;0.00547;13.5;0;0;0;0;0;214;30.3;0.89;1.17;0.761;0.762;0.388;150;0.997;0.469;5.14e-06;0.00199; 47200;10;2;0.0246;0.0189;45;0.89;1.17;0.761;0.762;0.397;150;0.997;0.47;5.25e-06;0.00199; 34880;15;38;0.0209;0.0184;46;0.00129;1.19;0.00108;0.762;0.0362;2.69;0.987;0.043;0.000331;0.0246; 22160;0;3;0.0547;0.0179;56;0.000148;0.423;0.00035;0.762;0.0297;0.183;0.838;0.156;0.00236;0.0146; 23120;0;1;0.024;0.0186;53;23.6;5.45;1.38;  0%;  0%;  0%;5.19;1.03;22.3;  0%;  0%;  0%;5.91;6.1;1.98;  0%;  0%;  0%;2.15;3.13;3.5;  0%;  0%;  0%;99.8;0.16;0;0;0;0;0;0;0;99.8;0.159;0;0;0;0;0;0;0;0.142;80;0.00107;19.9;0;0;0;0;0;0.046;65.8;0.0208;34.1;0;0;0;0;0;70.6;68.9;38.6;36.3;7.7 ;7.6 ;7.59 ;7.42 ;
2017-11-12;07:32:06.627;0.445;1.17;0.381;0.762;0.863;304;0.997;0.467;5.71e-06;0.00201;0.125;0.074;1.51e+05;1.29e+05;2.12e+03;2.34;58.5;0.891;22.3;82.6;50;37.8;0.00509;12.2;0;0;0;0;0;215;30.3;0.89;1.17;0.761;0.762;0.387;150;0.997;0.469;5.13e-06;0.00199; 47360;11;0;0.0248;0.019;45;0.89;1.17;0.761;0.762;0.398;150;0.997;0.469;5.27e-06;0.00199; 34880;10;37;0.0209;0.0184;46;0.00127;1.19;0.00107;0.762;0.0373;2.67;0.986;0.0427;0.000345;0.0247; 22080;0;4;0.0549;0.018;55;0.000163;0.421;0.000386;0.762;0.0411;0.203;0.798;0.155;0.00298;0.0147; 23200;0;0;0.024;0.0186;54;23.6;5.33;1.62;  0%;  0%;  0%;5.07;1.21;22.4;  0%;  0%;  0%;5.72;5.89;2.16;  0%;  0%;  0%;2.35;3.39;3.79;  0%;  0%;  0%;99.8;0.16;0;0;0;0;0;0;0;99.8;0.159;0;0;0;0;0;0;0;0.141;84.4;0.0011;15.4;0;0;0;0;0;0.0506;66.5;0.0193;33.4;0;0;0;0;0;70.6;68.9;39.2;36.4;7.68 ;7.66 ;7.51 ;7.43 ;
2017-11-12;07:32:07.637;0.445;1.17;0.381;0.762;0.868;304;0.997;0.467;5.74e-06;0.00201;0.126;0.0744;1.51e+05;1.29e+05;2.12e+03;2.34;58.5;0.891;22.3;83.5;50;32.8;0.00827;17.2;0;0;0;0;0;213;30.3;0.89;1.17;0.761;0.762;0.39;150;0.997;0.469;5.17e-06;0.00199; 47200;11;1;0.0251;0.0191;45;0.89;1.17;0.761;0.762;0.4;150;0.997;0.47;5.3e-06;0.00199; 34960;11;39;0.0211;0.0186;46;0.0015;0.772;0.00194;0.762;0.0388;2.76;0.986;0.038;0.000305;0.0217; 22000;0;2;0.055;0.018;55;0.000174;0.378;0.00046;0.762;0.0385;0.246;0.843;0.132;0.00262;0.0167; 23360;0;2;0.0244;0.0188;54;23.7;5.42;1.69;  0%;  0%;  0%;5.19;1.23;22.5;  0%;  0%;  0%;5.9;6.08;2.23;  0%;  0%;  0%;2.49;3.37;3.76;  0%;  0%;  0%;99.8;0.159;0;0;0;0;0;0;0;99.8;0.16;0;0;0;0;0;0;0;0.255;79.9;0;19.8;0;0;0;0;0;0.0603;51.1;0.0331;48.8;0;0;0;0;0;70.6;68.9;38.7;35;7.67 ;7.62 ;7.54 ;7.43 ;
2017-11-12;07:32:08.647;0.446;1.16;0.383;0.762;0.85;304;0.997;0.467;5.62e-06;0.00201;0.124;0.0735;1.51e+05;1.3e+05;2.12e+03;2.33;58.2;0.892;22.3;81;50.2;29.9;0.00679;19.8;0;0;0;0;0;213;30.4;0.89;1.17;0.761;0.762;0.385;150;0.997;0.469;5.1e-06;0.00199; 47280;6;4;0.0245;0.0188;45;0.89;1.17;0.761;0.762;0.396;150;0.997;0.47;5.24e-06;0.00199; 35280;12;34;0.0208;0.0184;46;0.00343;0.361;0.0095;0.762;0.0358;2.76;0.987;0.0342;0.000123;0.00946; 22000;0;6;0.0547;0.0178;55;0.000161;0.359;0.000447;0.762;0.0336;0.208;0.839;0.13;0.00246;0.0153; 23440;3;0;0.0237;0.0185;54;23.5;5.38;1.35;  0%;  0%;  0%;5.14;1;22.3;  0%;  0%;  0%;5.83;6;2;  0%;  0%;  0%;1.97;3.09;3.44;  0%;  0%;  0%;99.8;0.159;0;0;0;0;0;0;0;99.8;0.159;0;0;0;0;0;0;0;1.25;75.3;0;23.5;0;0;0;0;0;0.0587;44.1;0.0272;55.9;0;0;0;0;0;70.7;69;38.7;34.3;7.72 ;7.69 ;7.55 ;7.43 ;
2017-11-12;07:32:09.658;0.446;1.16;0.383;0.762;0.855;304;0.997;0.467;5.65e-06;0.00201;0.125;0.074;1.51e+05;1.3e+05;2.12e+03;2.33;58.2;0.892;22.3;82.2;50.3;31.5;0.00317;18.3;0;0;0;0;0;213;30.3;0.89;1.17;0.761;0.762;0.386;150;0.997;0.469;5.12e-06;0.00199; 47200;13;0;0.0247;0.0189;45;0.89;1.17;0.761;0.762;0.397;150;0.997;0.47;5.26e-06;0.00199; 35440;16;35;0.021;0.0185;46;0.0035;0.364;0.00963;0.762;0.0357;2.7;0.987;0.0427;0.00012;0.00908; 22160;0;2;0.0548;0.018;56;0.000165;0.375;0.000439;0.762;0.0359;0.223;0.839;0.13;0.00257;0.0159; 23360;0;0;0.0241;0.0187;54;23.6;5.36;1.53;  0%;  0%;  0%;5.14;1.2;22.4;  0%;  0%;  0%;5.83;5.96;2.05;  0%;  0%;  0%;2.32;3.3;3.65;  0%;  0%;  0%;99.8;0.161;0;0;0;0;0;0;0;99.8;0.16;0;0;0;0;0;0;0;1.26;74.7;0;24.1;0;0;0;0;0;0.0576;51;0.0127;49;0;0;0;0;0;70.6;68.9;38.6;34.9;7.71 ;7.68 ;7.54 ;7.39 ;
2017-11-12;07:32:10.668;0.446;1.16;0.383;0.762;0.862;304;0.997;0.467;5.69e-06;0.00201;0.125;0.0741;1.51e+05;1.3e+05;2.12e+03;2.33;58.2;0.892;22.3;82.7;50.3;26.4;0.00813;23.3;0;0;0;0;0;211;30.3;0.89;1.17;0.761;0.762;0.388;150;0.997;0.469;5.14e-06;0.00199; 47200;11;1;0.0249;0.019;45;0.89;1.17;0.761;0.762;0.4;150;0.997;0.47;5.29e-06;0.00199; 35200;13;41;0.021;0.0185;46;0.00356;0.362;0.00984;0.762;0.0384;2.7;0.986;0.0424;0.000127;0.00893; 22000;0;3;0.0549;0.0179;56;0.000163;0.335;0.000488;0.762;0.0353;0.234;0.849;0.12;0.00255;0.0169; 23600;0;2;0.0242;0.0187;54;23.7;5.44;1.56;  0%;  0%;  0%;5.2;1.2;22.4;  0%;  0%;  0%;5.9;6.07;2.02;  0%;  0%;  0%;2.3;3.3;3.63;  0%;  0%;  0%;99.8;0.16;0;0;0;0;0;0;0;99.8;0.159;0;0;0;0;0;0;0;1.29;73;0.00492;25.7;0;0;0;0;0;0.064;32.3;0.0276;67.6;0;0;0;0;0;70.7;69;38.5;33.2;7.64 ;7.62 ;7.58 ;7.43 ;
2017-11-12;07:32:11.679;0.445;1.17;0.381;0.762;0.854;304;0.997;0.467;5.64e-06;0.00201;0.124;0.0737;1.51e+05;1.29e+05;2.12e+03;2.34;58.4;0.891;22.3;81.5;50;24.8;0.00733;25.2;0;0;0;0;0;210;30.3;0.89;1.17;0.761;0.762;0.385;150;0.997;0.469;5.09e-06;0.00199; 47200;9;1;0.0245;0.0188;45;0.89;1.17;0.761;0.762;0.397;150;0.997;0.469;5.26e-06;0.00199; 35280;13;37;0.0208;0.0184;46;0.00179;0.59;0.00304;0.762;0.0375;2.75;0.986;0.0428;0.000246;0.0181; 22080;0;1;0.0548;0.0179;55;0.000177;0.346;0.000512;0.762;0.0342;0.255;0.866;0.114;0.00227;0.0169; 23360;0;0;0.0241;0.0186;53;23.5;5.37;1.38;  0%;  0%;  0%;5.16;1.04;22.3;  0%;  0%;  0%;5.88;6.03;2.06;  0%;  0%;  0%;2.18;3.18;3.45;  0%;  0%;  0%;99.8;0.161;0;0;0;0;0;0;0;99.8;0.159;0;0;0;0;0;0;0;0.399;61.8;0.00505;37.8;0;0;0;0;0;0.0673;37.1;0.0243;62.8;0;0;0;0;0;70.7;69;37;33.7;7.67 ;7.62 ;7.51 ;7.47 ;
2017-11-12;07:32:12.690;0.445;1.17;0.381;0.762;0.871;304;0.997;0.467;5.76e-06;0.00201;0.126;0.0746;1.51e+05;1.29e+05;2.12e+03;2.34;58.5;0.891;22.3;83.9;50;24.9;0.00822;25.1;0;0;0;0;0;210;30.4;0.889;1.17;0.761;0.762;0.389;150;0.997;0.469;5.15e-06;0.00199; 46720;8;3;0.0251;0.0191;45;0.89;1.17;0.761;0.762;0.4;150;0.997;0.47;5.3e-06;0.00199; 35360;13;36;0.0211;0.0186;46;0.00129;1.14;0.00113;0.762;0.0409;2.72;0.985;0.042;0.000373;0.0248; 22000;0;2;0.0551;0.0181;55;0.000438;0.718;0.00061;0.762;0.0408;0.312;0.869;0.158;0.0011;0.00839; 23600;0;0;0.0244;0.0188;54;23.7;5.41;1.72;  0%;  0%;  0%;5.17;1.31;22.4;  0%;  0%;  0%;5.86;5.99;2.27;  0%;  0%;  0%;2.66;3.52;3.88;  0%;  0%;  0%;99.8;0.159;0;0;0;0;0;0;0;99.8;0.16;0;0;0;0;0;0;0;0.149;59.9;0.00262;40;0;0;0;0;0;0.0801;39.5;0.0302;60.3;0;0;0;0;0;70.7;69;36.6;33.9;7.71 ;7.66 ;7.56 ;7.44 ;
2017-11-12;07:32:13.701;0.446;1.17;0.383;0.762;0.851;304;0.997;0.467;5.62e-06;0.00201;0.124;0.0736;1.51e+05;1.3e+05;2.12e+03;2.33;58.3;0.892;22.3;81.3;50.2;25.7;0.00474;24.1;0;0;0;0;0;211;30.4;0.89;1.17;0.761;0.762;0.384;150;0.997;0.469;5.08e-06;0.00199; 47040;10;0;0.0245;0.0188;44;0.89;1.17;0.761;0.762;0.396;150;0.997;0.47;5.24e-06;0.00199; 35040;9;39;0.0207;0.0183;46;0.00321;0.378;0.00848;0.762;0.0365;2.71;0.987;0.0421;0.000134;0.00996; 22160;0;1;0.0546;0.0179;55;0.000165;0.384;0.00043;0.762;0.0344;0.209;0.835;0.141;0.00246;0.0149; 23360;1;0;0.0242;0.0187;54;23.5;5.27;1.45;  0%;  0%;  0%;5.08;1.1;22.2;  0%;  0%;  0%;5.78;5.86;2.02;  0%;  0%;  0%;2.33;3.19;3.51;  0%;  0%;  0%;99.8;0.159;0;0;0;0;0;0;0;99.8;0.159;0;0;0;0;0;0;0;1.11;56.7;0.00376;42.2;0;0;0;0;0;0.0564;45.9;0.0152;54.1;0;0;0;0;0;70.7;69;36.8;34.7;7.73 ;7.59 ;7.59 ;7.46 ;
2017-11-12;07:32:14.711;0.445;1.17;0.381;0.762;0.856;304;0.997;0.467;5.66e-06;0.00201;0.124;0.0738;1.51e+05;1.29e+05;2.12e+03;2.34;58.5;0.891;22.3;81.8;50;30.4;0.00345;19.6;0;0;0;0;0;212;30.2;0.89;1.17;0.761;0.762;0.386;150;0.997;0.469;5.11e-06;0.00199; 47280;11;0;0.0246;0.0189;45;0.89;1.17;0.761;0.762;0.398;150;0.997;0.469;5.26e-06;0.00199; 34560;14;36;0.0209;0.0184;46;0.0013;1.17;0.00111;0.762;0.0377;2.71;0.986;0.0424;0.000343;0.0246; 22160;0;1;0.0549;0.0178;56;0.000168;0.399;0.000421;0.762;0.0344;0.217;0.842;0.14;0.00241;0.0152; 23840;0;2;0.0239;0.0186;53;23.6;5.42;1.42;  0%;  0%;  0%;5.25;1.07;22.4;  0%;  0%;  0%;6.03;6.1;1.97;  0%;  0%;  0%;2.13;3.13;3.41;  0%;  0%;  0%;99.8;0.16;0;0;0;0;0;0;0;99.8;0.159;0;0;0;0;0;0;0;0.145;68.3;0;31.6;0;0;0;0;0;0.0553;53;0.0138;46.9;0;0;0;0;0;70.6;68.9;37.7;35.1;7.68 ;7.63 ;7.49 ;7.4 ;
2017-11-12;07:32:15.722;0.445;1.17;0.381;0.762;0.935;304;0.997;0.467;6.18e-06;0.00201;0.131;0.0776;1.51e+05;1.29e+05;2.12e+03;2.34;58.5;0.891;22.3;91.8;50;24.7;0.00357;25.4;0;0;0;0;0;211;30.3;0.889;1.17;0.761;0.762;0.399;150;0.997;0.469;5.29e-06;0.00199; 46800;10;2;0.027;0.0201;45;0.89;1.17;0.761;0.762;0.407;150;0.997;0.47;5.39e-06;0.00199; 34480;10;42;0.0219;0.0191;45;0.00132;1.08;0.00123;0.762;0.0598;2.76;0.978;0.0444;0.000532;0.0245; 22400;0;1;0.0559;0.0184;56;0.000384;0.514;0.000746;0.762;0.0691;0.352;0.804;0.235;0.00212;0.0108; 24880;3;0;0.0261;0.0199;53;24;5.87;3.04;  0%;  0%;  0%;5.43;1.86;22.8;  0%;  0%;  0%;6.18;6.49;3.45;  0%;  0%;  0%;4;4.05;4.67;  0%;  0%;  0%;99.8;0.159;0;0;0;0;0;0;0;99.8;0.16;0;0;0;0;0;0;0;0.161;58.5;0;41.4;0;0;0;0;0;0.0979;39.8;0.0143;60.1;0;0;0;0;0;70.8;69.1;36.7;34.1;7.73 ;7.64 ;7.53 ;7.45 ;
2017-11-12;07:32:16.733;0.445;1.17;0.381;0.762;0.866;304;0.997;0.467;5.72e-06;0.00201;0.125;0.0743;1.51e+05;1.29e+05;2.12e+03;2.34;58.5;0.891;22.3;82.9;50;25.8;0.00383;24.2;0;0;0;0;0;211;30.4;0.889;1.17;0.761;0.762;0.389;151;0.997;0.47;5.15e-06;0.00199; 46720;9;1;0.0249;0.0191;44;0.89;1.17;0.761;0.762;0.401;151;0.997;0.469;5.3e-06;0.00199; 34480;9;40;0.0211;0.0185;46;0.00129;1.14;0.00113;0.762;0.0389;2.7;0.986;0.042;0.000355;0.0246; 22400;0;4;0.0549;0.0179;55;0.00018;0.341;0.000528;0.762;0.037;0.243;0.847;0.12;0.00242;0.0159; 25280;1;1;0.0242;0.0187;54;23.7;5.42;1.54;  0%;  0%;  0%;5.19;1.22;22.4;  0%;  0%;  0%;5.9;6.09;2.11;  0%;  0%;  0%;2.39;3.35;3.63;  0%;  0%;  0%;99.8;0.16;0;0;0;0;0;0;0;99.8;0.159;0;0;0;0;0;0;0;0.148;69.5;0;30.4;0;0;0;0;0;0.0693;33.6;0.0153;66.3;0;0;0;0;0;70.7;69;37.7;33.3;7.71 ;7.64 ;7.6 ;7.46 ;